muestra		data	difu[x10^(-7))		python
	
gp01		004	2.2861			2.25
		005	2.5318
		007	2.1142
		010	2.0791
		011	2.0393
		012	2.5705
	
gp02		001	2.0767
		00202	2.2332
		003	2.3127		
		
gp03		001	2.3500
		002	2.1233
		003	2.0297
		
		
gp04		001	2.1853
		002	2.2577
		003	2.0297

gp05 		001	2.5563			2.540022
		002	2.1880	*con ruido*	2.187167
		002-2	2.3940  *sin ruido*	2.394648
		003	2.4700			2.382511

gpA		001	2.3519
		002	2.2136	*se detuvo el programa*
		003	1.6024			1.6016/1.6014


8.3	1.9	9.1	3
3.7	1.9	6.86	2.8