1	35.907	26.493
2	35.885	26.483
3	35.816	26.501
4	35.727	26.498
5	35.631	26.575
6	35.504	26.605
7	35.366	26.707
8	35.184	26.734
9	35.004	26.771
10	34.769	26.789
11	34.502	26.826
12	34.236	26.788
13	33.944	26.792
14	33.659	26.908
15	33.334	26.958
16	32.998	26.991
17	32.661	26.992
18	32.318	26.974
19	31.971	27.084
20	31.608	27.107
21	31.254	27.198
22	30.877	27.234
23	30.519	27.259
24	30.156	27.309
25	29.797	27.387
26	29.445	27.386
27	29.071	27.416
28	28.739	27.422
29	28.404	27.435
30	28.08	27.42
31	27.761	27.411
32	27.439	27.307
33	27.162	27.298
34	26.899	27.344
35	26.654	27.388
36	26.418	27.378
37	26.186	27.381
38	25.945	27.359
39	25.735	27.339
40	25.531	27.294
41	25.354	27.242
42	25.201	27.224
43	25.055	27.179
44	24.926	27.084
45	24.822	27.16
46	24.732	27.076
47	24.662	27.006
48	24.587	26.957
49	24.555	26.913
50	24.538	26.808
51	24.533	26.833
52	24.563	26.801
53	24.597	26.79
54	24.67	26.807
55	24.738	26.777
56	24.837	26.756
57	24.942	26.722
58	25.072	26.734
59	25.197	26.68
60	25.347	26.673
61	25.525	26.649
62	25.717	26.642
63	25.975	26.701
64	26.199	26.616
65	26.467	26.613
66	26.731	26.622
67	27.014	26.631
68	27.293	26.634
69	27.61	26.608
70	27.916	26.47
71	28.243	26.456
72	28.598	26.497
73	28.972	26.503
74	29.302	26.442
75	29.669	26.478
76	30.053	26.472
77	30.415	26.409
78	30.777	26.396
79	31.118	26.317
80	31.507	26.325
81	31.867	26.324
82	32.229	26.382
83	32.566	26.352
84	32.918	26.334
85	33.26	26.289
86	33.586	26.31
87	33.9	26.282
88	34.15	26.211
89	34.417	26.201
90	34.669	26.189
91	34.886	26.142
92	35.092	26.146
93	35.304	26.161
94	35.455	26.18
95	35.612	26.252
96	35.723	26.268
97	35.802	26.281
98	35.862	26.293
99	35.942	26.359
100	35.952	26.365
101	35.953	26.445
102	35.938	26.519
103	35.893	26.519
104	35.819	26.637
105	35.68	26.668
106	35.526	26.679
107	35.373	26.658
108	35.189	26.692
109	34.985	26.764
110	34.722	26.763
111	34.458	26.785
112	34.171	26.848
113	33.881	26.891
114	33.578	26.938
115	33.242	27.01
116	32.944	27.103
117	32.604	27.141
118	32.231	27.158
119	31.877	27.172
120	31.523	27.179
121	31.161	27.24
122	30.793	27.227
123	30.439	27.262
124	30.075	27.244
125	29.718	27.255
126	29.341	27.176
127	28.99	27.17
128	28.654	27.223
129	28.315	27.177
130	27.993	27.121
131	27.687	27.134
132	27.388	27.137
133	27.099	27.12
134	26.822	27.077
135	26.58	27.124
136	26.325	27.076
137	26.1	27.044
138	25.894	27.033
139	25.681	27.021
140	25.509	26.975
141	25.342	26.95
142	25.194	26.892
143	25.077	26.86
144	24.981	26.908
145	24.872	26.898
146	24.794	26.849
147	24.745	26.895
148	24.693	26.882
149	24.654	26.867
150	24.621	26.84
151	24.617	26.792
152	24.639	26.794
153	24.661	26.7
154	24.724	26.677
155	24.818	26.708
156	24.918	26.708
157	25.027	26.719
158	25.137	26.694
159	25.287	26.651
160	25.439	26.603
161	25.636	26.631
162	25.827	26.591
163	26.056	26.565
164	26.304	26.555
165	26.531	26.497
166	26.786	26.468
167	27.05	26.439
168	27.326	26.378
169	27.598	26.307
170	27.906	26.269
171	28.224	26.242
172	28.533	26.176
173	28.875	26.141
174	29.228	26.121
175	29.599	26.111
176	29.944	26.098
177	30.313	26.066
178	30.7	26.177
179	31.05	26.173
180	31.404	26.232
181	31.756	26.194
182	32.099	26.129
183	32.457	26.102
184	32.794	26.127
185	33.14	26.146
186	33.453	26.14
187	33.768	26.126
188	34.039	26.131
189	34.298	26.123
190	34.619	26.261
191	34.857	26.277
192	35.086	26.321
193	35.342	26.437
194	35.527	26.465
195	35.697	26.523
196	35.838	26.58
197	35.953	26.633
198	36.021	26.706
199	36.046	26.7
200	36.06	26.714
201	36.078	26.772
202	36.045	26.828
203	35.985	26.797
204	35.947	26.798
205	35.824	26.752
206	35.646	26.779
207	35.489	26.829
208	35.296	26.952
209	35.093	27.005
210	34.857	27.061
211	34.597	27.078
212	34.328	27.123
213	34.025	27.148
214	33.703	27.123
215	33.36	27.069
216	33.028	27.103
217	32.691	27.139
218	32.303	27.091
219	31.931	27.072
220	31.564	27.051
221	31.2	27.058
222	30.829	27.049
223	30.469	27.014
224	30.119	27.09
225	29.756	27.092
226	29.384	27.085
227	29.037	27.078
228	28.691	27.067
229	28.326	27.063
230	28.005	27.072
231	27.722	27.088
232	27.418	27.071
233	27.173	27.043
234	26.901	27.02
235	26.642	26.99
236	26.39	26.958
237	26.154	26.945
238	25.931	26.87
239	25.742	26.894
240	25.546	26.857
241	25.393	26.893
242	25.235	26.867
243	25.103	26.882
244	24.995	26.902
245	24.893	26.901
246	24.809	26.865
247	24.755	26.914
248	24.691	26.906
249	24.662	26.854
250	24.673	26.904
251	24.705	26.912
252	24.713	26.86
253	24.743	26.811
254	24.795	26.817
255	24.857	26.78
256	24.925	26.724
257	25.043	26.723
258	25.136	26.627
259	25.276	26.616
260	25.425	26.577
261	25.589	26.585
262	25.784	26.58
263	25.995	26.648
264	26.228	26.638
265	26.497	26.686
266	26.742	26.589
267	27.015	26.612
268	27.29	26.537
269	27.584	26.481
270	27.893	26.458
271	28.211	26.451
272	28.525	26.37
273	28.895	26.36
274	29.252	26.45
275	29.609	26.45
276	29.953	26.473
277	30.332	26.518
278	30.695	26.542
279	31.083	26.575
280	31.44	26.535
281	31.823	26.552
282	32.172	26.537
283	32.556	26.595
284	32.893	26.559
285	33.229	26.595
286	33.582	26.583
287	33.899	26.576
288	34.218	26.529
289	34.488	26.508
290	34.708	26.454
291	34.939	26.528
292	35.161	26.536
293	35.359	26.585
294	35.538	26.68
295	35.676	26.66
296	35.797	26.673
297	35.933	26.742
298	35.972	26.706
299	36.025	26.736
300	35.996	26.662
301	35.999	26.645
302	35.969	26.696
303	35.892	26.676
304	35.779	26.635
305	35.696	26.716
306	35.565	26.771
307	35.393	26.8
308	35.148	26.774
309	34.934	26.827
310	34.739	26.909
311	34.496	26.98
312	34.217	27.009
313	33.931	27.132
314	33.633	27.241
315	33.33	27.35
316	33.014	27.357
317	32.661	27.329
318	32.351	27.428
319	32.002	27.419
320	31.646	27.429
321	31.28	27.444
322	30.903	27.431
323	30.556	27.483
324	30.187	27.395
325	29.832	27.419
326	29.441	27.383
327	29.089	27.333
328	28.771	27.385
329	28.429	27.426
330	28.093	27.415
331	27.775	27.37
332	27.458	27.37
333	27.191	27.408
334	26.918	27.441
335	26.639	27.354
336	26.375	27.276
337	26.147	27.29
338	25.911	27.177
339	25.717	27.076
340	25.517	26.98
341	25.364	26.999
342	25.21	26.992
343	25.044	26.913
344	24.899	26.866
345	24.796	26.94
346	24.715	26.909
347	24.635	26.903
348	24.573	26.888
349	24.541	26.894
350	24.512	26.84
351	24.529	26.814
352	24.547	26.809
353	24.579	26.79
354	24.645	26.749
355	24.728	26.718
356	24.816	26.686
357	24.947	26.632
358	25.078	26.633
359	25.232	26.608
360	25.403	26.579
361	25.593	26.586
362	25.782	26.539
363	26.014	26.558
364	26.242	26.597
365	26.497	26.553
366	26.753	26.483
367	27.038	26.49
368	27.327	26.43
369	27.649	26.418
370	27.969	26.332
371	28.28	26.315
372	28.598	26.27
373	28.955	26.29
374	29.288	26.283
375	29.669	26.331
376	30.042	26.323
377	30.388	26.247
378	30.756	26.229
379	31.139	26.234
380	31.498	26.248
381	31.858	26.261
382	32.209	26.273
383	32.564	26.254
384	32.91	26.227
385	33.224	26.243
386	33.547	26.24
387	33.856	26.244
388	34.133	26.199
389	34.397	26.176
390	34.646	26.173
391	34.843	26.147
392	35.073	26.164
393	35.279	26.257
394	35.445	26.288
395	35.604	26.351
396	35.744	25.698
397	35.866	25.69
398	35.92	25.678
399	35.95	25.698
400	35.955	25.704
401	35.903	25.742
402	35.879	25.813
403	35.82	25.839
404	35.699	25.855
405	35.615	25.95
406	35.496	26.03
407	35.377	26.148
408	35.181	26.154
409	34.957	26.155
410	34.736	26.252
411	34.479	26.283
412	34.18	26.296
413	33.907	26.388
414	33.613	26.446
415	33.303	26.527
416	32.999	26.601
417	32.653	26.615
418	32.302	26.597
419	31.961	26.611
420	31.601	26.592
421	31.239	27.335
422	30.884	27.367
423	30.546	27.407
424	30.199	27.401
425	29.856	27.45
426	29.541	27.501
427	29.196	27.514
428	28.872	27.543
429	28.553	27.562
430	28.209	27.503
431	27.872	27.429
432	27.568	27.412
433	27.275	27.429
434	26.989	27.425
435	26.709	27.366
436	26.452	27.357
437	26.241	27.393
438	26.001	27.338
439	25.799	27.319
440	25.61	27.285
441	25.433	27.243
442	25.262	27.197
443	25.118	27.152
444	24.986	27.123
445	24.867	27.106
446	24.755	27.036
447	24.68	27.038
448	24.617	27.004
449	24.589	26.995
450	24.56	26.91
451	24.556	26.846
452	24.571	26.822
453	24.588	26.768
454	24.64	26.746
455	24.701	26.683
456	24.817	26.695
457	24.9	26.629
458	25.01	26.569
459	25.182	26.589
460	25.348	26.522
461	25.525	26.501
462	25.724	26.446
463	25.941	26.415
464	26.163	26.374
465	26.411	26.378
466	26.676	26.37
467	26.98	26.386
468	27.27	26.418
469	27.57	26.378
470	27.916	26.394
471	28.275	26.421
472	28.617	26.384
473	28.98	26.392
474	29.335	26.374
475	29.694	26.374
476	30.055	26.38
477	30.426	26.367
478	30.806	26.357
479	31.176	26.35
480	31.544	26.355
481	31.903	26.378
482	32.275	26.355
483	32.664	26.387
484	32.993	26.388
485	33.327	26.377
486	33.671	26.42
487	33.99	26.45
488	34.327	26.517
489	34.623	26.591
490	34.849	26.535
491	35.067	26.533
492	35.23	26.496
493	35.43	26.486
494	35.572	26.515
495	35.693	26.588
496	35.799	26.603
497	35.86	26.624
498	35.885	26.613
499	35.955	26.671
500	36.001	26.733
501	35.986	26.79
502	35.934	26.803
503	35.84	26.818
504	35.748	26.858
505	35.643	26.911
506	35.479	26.907
507	35.3	26.966
508	35.105	27.005
509	34.848	26.967
510	34.61	27.01
511	34.364	27.071
512	34.075	27.15
513	33.723	27.119
514	33.409	27.113
515	33.136	27.275
516	32.82	27.316
517	32.515	27.389
518	32.173	27.415
519	31.86	27.516
520	31.492	27.443
521	31.151	27.473
522	30.815	27.498
523	30.496	27.582
524	30.107	27.55
525	29.724	27.502
526	29.388	27.501
527	29.062	27.525
528	28.736	27.572
529	28.389	27.539
530	28.094	27.595
531	27.792	27.599
532	27.497	27.622
533	27.213	27.584
534	26.965	27.611
535	26.695	27.581
536	26.427	27.494
537	26.198	27.43
538	26.011	27.41
539	25.812	27.352
540	25.614	27.234
541	25.446	27.208
542	25.298	27.237
543	25.15	27.196
544	25.043	27.132
545	24.92	27.112
546	24.813	27.045
547	24.733	27.023
548	24.662	26.959
549	24.626	26.937
550	24.625	26.967
551	24.608	26.912
552	24.619	26.868
553	24.666	26.875
554	24.74	26.878
555	24.788	26.797
556	24.877	26.745
557	24.981	26.709
558	25.092	26.671
559	25.221	26.632
560	25.394	26.623
561	25.572	26.581
562	25.773	26.56
563	25.966	26.533
564	26.175	26.512
565	26.422	26.512
566	26.672	26.484
567	26.932	26.392
568	27.228	26.386
569	27.516	26.344
570	27.857	26.334
571	28.186	26.333
572	28.531	26.312
573	28.855	26.23
574	29.206	26.221
575	29.545	26.177
576	29.89	26.142
577	30.251	26.14
578	30.615	26.086
579	30.955	26.045
580	31.332	26.032
581	31.709	26.059
582	32.07	26.035
583	32.418	26.008
584	32.781	26.043
585	33.132	26.091
586	33.439	26.092
587	33.737	26.087
588	34.052	26.128
589	34.359	26.131
590	34.598	26.099
591	34.842	26.119
592	35.071	26.155
593	35.324	26.236
594	35.536	26.32
595	35.701	26.375
596	35.833	26.4
597	35.957	26.439
598	36.057	26.512
599	36.153	26.579
600	36.152	26.585
601	36.178	26.637
602	36.142	26.676
603	36.084	26.735
604	36.009	26.783
605	35.877	26.801
606	35.732	26.866
607	35.598	26.962
608	35.419	27.04
609	35.205	27.084
610	34.928	27.088
611	34.729	27.242
612	34.46	27.289
613	34.141	27.3
614	33.81	27.33
615	33.499	27.395
616	33.17	27.416
617	32.805	27.428
618	32.393	27.358
619	32	27.352
620	31.612	27.317
621	31.231	27.316
622	30.836	27.321
623	30.455	27.331
624	30.053	27.306
625	29.721	27.358
626	29.357	27.405
627	29.006	27.421
628	28.645	27.346
629	28.323	27.347
630	28.01	27.359
631	27.694	27.312
632	27.368	27.258
633	27.084	27.268
634	26.802	27.232
635	26.543	27.226
636	26.302	27.16
637	26.062	27.168
638	25.878	27.232
639	25.693	27.259
640	25.497	27.26
641	25.347	27.291
642	25.223	27.335
643	25.117	27.379
644	25.02	27.37
645	24.917	27.336
646	24.85	27.342
647	24.767	27.29
648	24.724	27.267
649	24.687	27.212
650	24.662	27.156
651	24.699	27.14
652	24.73	27.085
653	24.767	27.069
654	24.816	27.061
655	24.886	27.025
656	24.968	26.989
657	25.083	26.944
658	25.216	26.935
659	25.349	26.88
660	25.534	26.863
661	25.69	26.807
662	25.877	26.736
663	26.094	26.702
664	26.311	26.659
665	26.568	26.638
666	26.787	26.556
667	27.031	26.474
668	27.314	26.465
669	27.563	26.408
670	27.88	26.432
671	28.188	26.416
672	28.534	26.433
673	28.865	26.39
674	29.209	26.372
675	29.562	26.369
676	29.878	26.32
677	30.236	26.317
678	30.638	26.39
679	31.01	26.36
680	31.362	26.348
681	31.73	26.355
682	32.074	26.329
683	32.399	26.322
684	32.762	26.35
685	33.077	26.337
686	33.39	26.318
687	33.702	26.339
688	33.992	26.357
689	34.265	26.335
690	34.513	26.343
691	34.753	26.317
692	34.982	26.34
693	35.152	26.314
694	35.378	26.342
695	35.548	26.36
696	35.71	26.406
697	35.836	26.431
698	35.895	26.456
699	35.953	26.503
700	35.981	26.554
701	36.001	26.593
702	36	26.666
703	35.898	26.645
704	35.812	26.685
705	35.699	26.71
706	35.563	26.747
707	35.387	26.798
708	35.255	26.89
709	35.033	26.903
710	34.794	26.917
711	34.557	26.997
712	34.336	27.079
713	34.015	27.046
714	33.719	27.094
715	33.416	27.125
716	33.1	27.182
717	32.793	27.241
718	32.444	27.267
719	32.064	27.24
720	31.699	27.269
721	31.317	27.248
722	30.94	27.252
723	30.588	27.272
724	30.241	27.363
725	29.889	27.352
726	29.516	27.359
727	29.154	27.382
728	28.815	27.406
729	28.492	27.432
730	28.204	27.499
731	27.879	27.489
732	27.611	27.561
733	27.311	27.51
734	27.022	27.5
735	26.762	27.514
736	26.479	27.447
737	26.209	27.366
738	25.978	27.32
739	25.775	27.335
740	25.586	27.306
741	25.414	27.31
742	25.234	27.258
743	25.089	27.214
744	24.96	27.246
745	24.847	27.208
746	24.762	27.241
747	24.691	27.227
748	24.641	27.234
749	24.603	27.133
750	24.573	27.098
751	24.579	27.121
752	24.587	27.093
753	24.628	27.046
754	24.687	27.032
755	24.745	27.018
756	24.849	27.003
757	24.94	26.913
758	25.074	26.907
759	25.237	26.968
760	25.399	26.93
761	25.601	26.964
762	25.803	26.931
763	26.018	26.91
764	26.239	26.845
765	26.476	26.816
766	26.745	26.825
767	27.013	26.758
768	27.285	26.734
769	27.595	26.682
770	27.897	26.649
771	28.207	26.568
772	28.558	26.602
773	28.901	26.576
774	29.261	26.58
775	29.626	26.562
776	29.981	26.526
777	30.339	26.456
778	30.708	26.468
779	31.062	26.473
780	31.383	26.375
781	31.773	26.435
782	32.096	26.415
783	32.4	26.357
784	32.758	26.315
785	33.126	26.405
786	33.423	26.348
787	33.733	26.362
788	34.053	26.419
789	34.348	26.46
790	34.617	26.458
791	34.888	26.492
792	35.129	26.566
793	35.358	26.602
794	35.547	26.641
795	35.731	26.74
796	35.876	26.794
797	35.928	26.728
798	36.003	26.792
799	36.028	26.783
800	36.054	26.83
801	36.049	26.806
802	36.028	26.843
803	35.956	26.882
804	35.863	26.896
805	35.765	26.956
806	35.584	26.934
807	35.432	26.953
808	35.257	26.984
809	35.007	26.993
810	34.733	26.939
811	34.488	26.987
812	34.22	27.038
813	33.9	27.058
814	33.574	27.063
815	33.264	27.127
816	32.904	27.104
817	32.559	27.125
818	32.221	27.179
819	31.867	27.195
820	31.5	27.165
821	31.141	27.186
822	30.811	27.266
823	30.456	27.287
824	30.105	27.337
825	29.757	27.354
826	29.429	27.404
827	29.075	27.388
828	28.744	27.361
829	28.418	27.338
830	28.108	27.348
831	27.805	27.383
832	27.534	27.418
833	27.271	27.484
834	27.014	27.468
835	26.75	27.442
836	26.499	27.397
837	26.272	27.45
838	26.059	27.41
839	25.888	27.464
840	25.695	27.428
841	25.521	27.405
842	25.361	27.359
843	25.22	27.335
844	25.073	27.266
845	24.953	27.216
846	24.878	27.233
847	24.797	27.177
848	24.738	27.095
849	24.69	27.086
850	24.655	27.072
851	24.646	27.089
852	24.65	27.107
853	24.673	27.09
854	24.703	27.03
855	24.762	26.963
856	24.841	26.882
857	24.932	26.835
858	25.034	26.739
859	25.154	26.716
860	25.296	26.712
861	25.48	26.73
862	25.666	26.658
863	25.882	26.649
864	26.092	26.585
865	26.337	26.545
866	26.59	26.512
867	26.862	26.489
868	27.153	26.465
869	27.472	26.508
870	27.796	26.491
871	28.076	26.417
872	28.4	26.378
873	28.754	26.383
874	29.107	26.322
875	29.468	26.298
876	29.825	26.247
877	30.226	26.246
878	30.609	26.236
879	31.034	26.309
880	31.416	26.319
881	31.814	26.335
882	32.169	26.305
883	32.529	26.315
884	32.915	26.356
885	33.253	26.337
886	33.608	26.374
887	33.941	26.351
888	34.249	26.373
889	34.522	26.36
890	34.785	26.374
891	35.066	26.463
892	35.322	26.516
893	35.525	26.556
894	35.71	26.576
895	35.866	26.613
896	36.031	26.647
897	36.183	26.747
898	36.228	26.767
899	36.288	26.827
900	36.312	26.881
901	36.295	26.919
902	36.224	26.926
903	36.14	26.96
904	35.985	26.939
905	35.839	26.977
906	35.645	27.02
907	35.47	27.093
908	35.224	27.107
909	34.981	27.178
910	34.737	27.208
911	34.447	27.215
912	34.123	27.273
913	33.791	27.301
914	33.464	27.314
915	33.121	27.327
916	32.759	27.302
917	32.397	27.318
918	32.017	27.31
919	31.653	27.322
920	31.29	27.339
921	30.926	27.41
922	30.54	27.369
923	30.199	27.375
924	29.83	27.347
925	29.497	27.35
926	29.16	27.339
927	28.827	27.349
928	28.491	27.377
929	28.194	27.386
930	27.894	27.43
931	27.582	27.37
932	27.306	27.358
933	27.069	27.388
934	26.811	27.314
935	26.577	27.302
936	26.343	27.257
937	26.113	27.223
938	25.924	27.212
939	25.751	27.218
940	25.578	27.212
941	25.417	27.198
942	25.288	27.222
943	25.193	27.235
944	25.078	27.178
945	25.001	27.223
946	24.916	27.131
947	24.842	27.091
948	24.784	27.069
949	24.752	27.065
950	24.728	27.084
951	24.737	27.091
952	24.77	27.073
953	24.82	27.05
954	24.847	26.99
955	24.914	26.917
956	25.028	26.904
957	25.129	26.894
958	25.243	26.858
959	25.365	26.819
960	25.527	26.834
961	25.692	26.863
962	25.904	26.845
963	26.11	26.786
964	26.324	26.784
965	26.571	26.793
966	26.808	26.723
967	27.044	26.641
968	27.32	26.628
969	27.616	26.651
970	27.891	26.544
971	28.21	26.605
972	28.543	26.626
973	28.877	26.613
974	29.215	26.577
975	29.548	26.495
976	29.873	26.43
977	30.207	26.395
978	30.545	26.383
979	30.922	26.397
980	31.29	26.461
981	31.646	26.484
982	32.004	26.532
983	32.342	26.503
984	32.709	26.568
985	33.063	26.591
986	33.403	26.57
987	33.725	26.583
988	34.031	26.621
989	34.303	26.606
990	34.548	26.596
991	34.83	26.669
992	35.063	26.686
993	35.228	26.626
994	35.417	26.637
995	35.582	26.674
996	35.734	26.655
997	35.85	26.647
998	35.932	26.655
999	35.98	26.73
1000	36.023	26.771
1001	36.04	26.827
1002	35.996	26.852
1003	35.981	26.899
1004	35.91	26.939
1005	35.799	26.925
1006	35.658	26.93
1007	35.504	26.914
1008	35.318	26.929
1009	35.089	26.911
1010	34.829	26.9
1011	34.56	26.924
1012	34.258	26.953
1013	33.957	26.947
1014	33.651	26.966
1015	33.366	27.074
1016	33.024	27.108
1017	32.687	27.136
1018	32.343	27.222
1019	31.987	27.22
1020	31.613	27.206
1021	31.265	27.248
1022	30.905	27.299
1023	30.557	27.348
1024	30.223	27.336
1025	29.872	27.358
1026	29.521	27.365
1027	29.207	27.449
1028	28.851	27.41
1029	28.518	27.402
1030	28.212	27.416
1031	27.888	27.414
1032	27.578	27.403
1033	27.273	27.416
1034	26.986	27.366
1035	26.739	27.395
1036	26.505	27.38
1037	26.27	27.338
1038	26.052	27.369
1039	25.848	27.368
1040	25.624	27.243
1041	25.443	27.195
1042	25.286	27.164
1043	25.142	27.114
1044	25.024	27.123
1045	24.921	27.14
1046	24.815	27.13
1047	24.726	27.075
1048	24.655	27.022
1049	24.599	26.979
1050	24.548	26.926
1051	24.54	26.899
1052	24.553	26.841
1053	24.594	26.863
1054	24.637	26.853
1055	24.703	26.82
1056	24.788	26.786
1057	24.902	26.764
1058	25.044	26.764
1059	25.211	26.77
1060	25.349	26.682
1061	25.53	26.693
1062	25.713	26.673
1063	25.924	26.627
1064	26.158	26.61
1065	26.423	26.606
1066	26.685	26.566
1067	26.944	26.557
1068	27.234	26.533
1069	27.537	26.509
1070	27.882	26.558
1071	28.206	26.504
1072	28.54	26.486
1073	28.901	26.497
1074	29.281	26.515
1075	29.677	26.514
1076	30.039	26.516
1077	30.391	26.491
1078	30.736	26.458
1079	31.131	26.476
1080	31.482	26.446
1081	31.852	26.463
1082	32.198	26.438
1083	32.587	26.46
1084	32.895	26.426
1085	33.259	26.469
1086	33.565	26.447
1087	33.945	26.518
1088	34.277	26.577
1089	34.561	26.568
1090	34.834	26.622
1091	35.091	26.67
1092	35.338	26.739
1093	35.511	26.74
1094	35.669	26.761
1095	35.781	26.738
1096	35.895	26.741
1097	36.001	26.762
1098	36.068	26.782
1099	36.074	26.788
1100	36.062	26.82
1101	36.056	26.843
1102	36.035	26.886
1103	35.983	26.896
1104	35.87	26.886
1105	35.78	26.956
1106	35.636	26.985
1107	35.459	27.015
1108	35.227	27.014
1109	35.054	27.109
1110	34.772	27.141
1111	34.512	27.178
1112	34.152	27.126
1113	33.81	27.11
1114	33.482	27.139
1115	33.116	27.129
1116	32.763	27.14
1117	32.417	27.113
1118	32.115	27.22
1119	31.763	27.238
1120	31.409	27.238
1121	31.02	27.206
1122	30.667	27.257
1123	30.333	27.295
1124	30.016	27.369
1125	29.665	27.351
1126	29.313	27.336
1127	28.988	27.373
1128	28.66	27.389
1129	28.336	27.398
1130	27.995	27.347
1131	27.685	27.334
1132	27.408	27.363
1133	27.134	27.374
1134	26.861	27.406
1135	26.63	27.402
1136	26.417	27.451
1137	26.225	27.493
1138	26.034	27.49
1139	25.839	27.474
1140	25.673	27.461
1141	25.505	27.434
1142	25.342	27.41
1143	25.185	27.294
1144	25.067	27.256
1145	24.971	27.299
1146	24.909	27.355
1147	24.83	27.3
1148	24.751	27.24
1149	24.667	27.129
1150	24.65	27.096
1151	24.644	27.102
1152	24.642	27.037
1153	24.676	27.026
1154	24.731	27.021
1155	24.799	26.997
1156	24.893	26.996
1157	24.983	26.95
1158	25.096	26.94
1159	25.207	26.85
1160	25.361	26.792
1161	25.518	26.747
1162	25.708	26.722
1163	25.904	26.676
1164	26.143	26.664
1165	26.37	26.619
1166	26.634	26.621
1167	26.919	26.615
1168	27.203	26.626
1169	27.504	26.626
1170	27.818	26.578
1171	28.139	26.603
1172	28.493	26.626
1173	28.838	26.654
1174	29.239	26.684
1175	29.608	26.701
1176	29.974	26.657
1177	30.335	26.649
1178	30.713	26.642
1179	31.089	26.614
1180	31.468	26.632
1181	31.833	26.669
1182	32.213	26.683
1183	32.585	26.643
1184	32.974	26.673
1185	33.299	26.714
1186	33.626	26.692
1187	33.95	26.717
1188	34.243	26.714
1189	34.516	26.731
1190	34.814	26.77
1191	35.066	26.837
1192	35.291	26.858
1193	35.538	26.924
1194	35.699	26.957
1195	35.855	27.007
1196	35.987	27.002
1197	36.056	26.997
1198	36.118	26.953
1199	36.122	26.958
1200	36.119	26.975
1201	36.099	27.004
1202	36.064	27.052
1203	35.971	27.065
1204	35.843	27.106
1205	35.732	27.135
1206	35.583	27.143
1207	35.401	27.159
1208	35.219	27.248
1209	34.965	27.253
1210	34.735	27.273
1211	34.448	27.287
1212	34.133	27.272
1213	33.822	27.346
1214	33.506	27.347
1215	33.17	27.401
1216	32.857	27.407
1217	32.496	27.4
1218	32.138	27.429
1219	31.776	27.445
1220	31.385	27.373
1221	31.01	27.344
1222	30.668	27.388
1223	30.32	27.458
1224	29.973	27.465
1225	29.642	27.509
1226	29.296	27.523
1227	28.951	27.48
1228	28.63	27.481
1229	28.321	27.464
1230	28.005	27.448
1231	27.723	27.48
1232	27.425	27.488
1233	27.149	27.486
1234	26.891	27.478
1235	26.661	27.512
1236	26.449	27.57
1237	26.236	27.576
1238	26.047	27.547
1239	25.847	27.554
1240	25.667	27.499
1241	25.472	27.412
1242	25.354	27.459
1243	25.192	27.398
1244	25.082	27.326
1245	24.981	27.315
1246	24.887	27.274
1247	24.801	27.217
1248	24.745	27.168
1249	24.697	27.135
1250	24.661	27.041
1251	24.664	27.021
1252	24.663	26.968
1253	24.688	26.954
1254	24.734	26.957
1255	24.802	26.935
1256	24.848	26.838
1257	24.961	26.797
1258	25.051	26.713
1259	25.205	26.699
1260	25.322	26.625
1261	25.473	26.535
1262	25.663	26.479
1263	25.858	26.438
1264	26.091	26.432
1265	26.345	26.447
1266	26.618	26.454
1267	26.858	26.35
1268	27.14	26.274
1269	27.44	26.294
1270	27.756	26.266
1271	28.1	26.27
1272	28.452	26.288
1273	28.799	26.268
1274	29.17	26.332
1275	29.515	26.328
1276	29.893	26.368
1277	30.27	26.374
1278	30.629	26.345
1279	31.031	26.37
1280	31.411	26.407
1281	31.81	26.409
1282	32.17	26.4
1283	32.543	26.398
1284	32.892	26.453
1285	33.256	26.46
1286	33.607	26.472
1287	33.91	26.517
1288	34.235	26.595
1289	34.498	26.556
1290	34.769	26.574
1291	35.033	26.641
1292	35.256	26.665
1293	35.466	26.719
1294	35.649	26.795
1295	35.802	26.817
1296	35.922	26.828
1297	35.998	26.793
1298	36.057	26.82
1299	36.097	26.79
1300	36.162	26.877
1301	36.128	26.879
1302	36.11	26.973
1303	36.052	27.021
1304	35.917	27.057
1305	35.773	27.067
1306	35.613	27.084
1307	35.422	27.127
1308	35.25	27.21
1309	34.981	27.139
1310	34.775	27.234
1311	34.463	27.216
1312	34.201	27.252
1313	33.875	27.239
1314	33.564	27.283
1315	33.2	27.278
1316	32.848	27.232
1317	32.532	27.296
1318	32.168	27.292
1319	31.818	27.25
1320	31.449	27.317
1321	31.081	27.344
1322	30.719	27.361
1323	30.37	27.382
1324	30	27.371
1325	29.665	27.41
1326	29.318	27.381
1327	28.975	27.343
1328	28.647	27.326
1329	28.327	27.273
1330	28.004	27.271
1331	27.714	27.338
1332	27.465	27.379
1333	27.171	27.346
1334	26.931	27.389
1335	26.664	27.356
1336	26.457	27.395
1337	26.22	27.335
1338	26.022	27.325
1339	25.833	27.346
1340	25.652	27.334
1341	25.478	27.325
1342	25.314	27.318
1343	25.187	27.297
1344	25.052	27.259
1345	24.98	27.232
1346	24.902	27.23
1347	24.838	27.215
1348	24.779	27.2
1349	24.768	27.252
1350	24.719	27.167
1351	24.743	27.166
1352	24.754	27.19
1353	24.785	27.152
1354	24.832	27.143
1355	24.891	27.056
1356	24.974	27.015
1357	25.05	26.945
1358	25.167	26.896
1359	25.314	26.882
1360	25.457	26.831
1361	25.598	26.795
1362	25.806	26.802
1363	25.998	26.733
1364	26.219	26.696
1365	26.488	26.695
1366	26.732	26.666
1367	27.02	26.663
1368	27.29	26.634
1369	27.59	26.634
1370	27.9	26.63
1371	28.22	26.619
1372	28.55	26.672
1373	28.88	26.627
1374	29.214	26.561
1375	29.577	26.609
1376	29.932	26.639
1377	30.301	26.585
1378	30.665	26.585
1379	31.047	26.596
1380	31.436	26.622
1381	31.789	26.619
1382	32.149	26.63
1383	32.496	26.617
1384	32.817	26.61
1385	33.153	26.605
1386	33.512	26.617
1387	33.795	26.612
1388	34.1	26.627
1389	34.396	26.657
1390	34.636	26.635
1391	34.887	26.631
1392	35.092	26.613
1393	35.329	26.703
1394	35.506	26.715
1395	35.616	26.689
1396	35.701	26.663
1397	35.821	26.701
1398	35.904	26.716
1399	35.943	26.73
1400	35.964	26.729
1401	35.908	26.671
1402	35.873	26.677
1403	35.817	26.721
1404	35.732	26.795
1405	35.624	26.873
1406	35.5	26.91
1407	35.318	26.91
1408	35.131	26.996
1409	34.923	27.068
1410	34.71	27.111
1411	34.465	27.152
1412	34.2	27.165
1413	33.912	27.178
1414	33.6	27.184
1415	33.279	27.211
1416	32.949	27.252
1417	32.607	27.26
1418	32.249	27.212
1419	31.926	27.25
1420	31.555	27.239
1421	31.238	27.304
1422	30.867	27.273
1423	30.51	27.301
1424	30.166	27.33
1425	29.812	27.318
1426	29.484	27.375
1427	29.137	27.396
1428	28.79	27.362
1429	28.451	27.295
1430	28.14	27.279
1431	27.826	27.261
1432	27.552	27.311
1433	27.275	27.268
1434	27	27.197
1435	26.725	27.167
1436	26.472	27.148
1437	26.255	27.155
1438	26.045	27.2
1439	25.822	27.144
1440	25.654	27.161
1441	25.483	27.144
1442	25.314	27.124
1443	25.173	27.147
1444	25.014	27.115
1445	24.945	27.167
1446	24.836	27.097
1447	24.758	27.034
1448	24.708	27.016
1449	24.641	26.966
1450	24.624	26.955
1451	24.607	26.895
1452	24.618	26.873
1453	24.654	26.873
1454	24.676	26.825
1455	24.742	26.815
1456	24.82	26.756
1457	24.906	26.683
1458	25.02	26.649
1459	25.168	26.634
1460	25.335	26.617
1461	25.51	26.582
1462	25.701	26.587
1463	25.901	26.526
1464	26.144	26.55
1465	26.394	26.558
1466	26.645	26.493
1467	26.92	26.476
1468	27.208	26.441
1469	27.528	26.41
1470	27.816	26.335
1471	28.15	26.339
1472	28.483	26.331
1473	28.815	26.327
1474	29.173	26.333
1475	29.528	26.301
1476	29.909	26.323
1477	30.285	26.314
1478	30.678	26.328
1479	31.094	26.348
1480	31.471	26.323
1481	31.856	26.33
1482	32.202	26.324
1483	32.554	26.346
1484	32.938	26.411
1485	33.302	26.465
1486	33.601	26.482
1487	33.917	26.488
1488	34.217	26.487
1489	34.466	26.456
1490	34.738	26.461
1491	34.993	26.519
1492	35.23	26.524
1493	35.443	26.549
1494	35.633	26.606
1495	35.759	26.605
1496	35.913	26.654
1497	36.014	26.683
1498	36.077	26.711
1499	36.133	26.727
1500	36.135	26.74
1501	36.109	26.76
1502	36.079	26.83
1503	35.993	26.851
1504	35.879	26.873
1505	35.733	26.909
1506	35.603	26.975
1507	35.442	27.032
1508	35.249	27.046
1509	34.945	27.011
1510	34.658	26.999
1511	34.428	27.046
1512	34.132	27.049
1513	33.828	27.076
1514	33.556	27.172
1515	33.18	27.136
1516	32.835	27.142
1517	32.492	27.179
1518	32.126	27.231
1519	31.756	27.203
1520	31.429	27.274
1521	31.031	27.228
1522	30.685	27.285
1523	30.352	27.331
1524	30.005	27.359
1525	29.653	27.377
1526	29.303	27.376
1527	28.957	27.356
1528	28.652	27.426
1529	28.311	27.41
1530	27.994	27.36
1531	27.667	27.304
1532	27.415	27.351
1533	27.16	27.42
1534	26.917	27.411
1535	26.667	27.393
1536	26.439	27.428
1537	26.238	27.492
1538	26.036	27.491
1539	25.814	27.448
1540	25.643	27.452
1541	25.464	27.432
1542	25.3	27.411
1543	25.171	27.374
1544	25.059	27.387
1545	24.954	27.367
1546	24.884	27.403
1547	24.825	27.406
1548	24.761	27.327
1549	24.729	27.303
1550	24.693	27.254
1551	24.684	27.219
1552	24.69	27.177
1553	24.709	27.097
1554	24.767	27.08
1555	24.847	27.094
1556	24.915	27.06
1557	24.99	26.955
1558	25.096	26.87
1559	25.246	26.871
1560	25.399	26.834
1561	25.569	26.772
1562	25.744	26.693
1563	25.956	26.679
1564	26.195	26.638
1565	26.436	26.639
1566	26.716	26.641
1567	27.002	26.646
1568	27.279	26.564
1569	27.566	26.576
1570	27.862	26.53
1571	28.185	26.501
1572	28.502	26.446
1573	28.848	26.453
1574	29.184	26.413
1575	29.579	26.452
1576	29.964	26.462
1577	30.341	26.463
1578	30.708	26.467
1579	31.096	26.49
1580	31.468	26.488
1581	31.901	26.551
1582	32.276	26.604
1583	32.641	26.596
1584	32.983	26.583
1585	33.321	26.55
1586	33.631	26.524
1587	33.922	26.49
1588	34.227	26.511
1589	34.518	26.56
1590	34.774	26.547
1591	35.017	26.545
1592	35.202	26.518
1593	35.423	26.597
1594	35.595	26.558
1595	35.759	26.597
1596	35.87	26.591
1597	35.963	26.604
1598	36.032	26.632
1599	36.093	26.663
1600	36.09	26.667
1601	36.057	26.682
1602	35.981	26.697
1603	35.916	26.725
1604	35.818	26.757
1605	35.693	26.833
1606	35.488	26.804
1607	35.291	26.805
1608	35.081	26.851
1609	34.873	26.905
1610	34.637	26.972
1611	34.38	27.049
1612	34.084	27.053
1613	33.761	27.045
1614	33.456	27.055
1615	33.141	27.056
1616	32.841	27.166
1617	32.521	27.195
1618	32.181	27.236
1619	31.848	27.272
1620	31.497	27.324
1621	31.13	27.338
1622	30.777	27.365
1623	30.427	27.393
1624	30.079	27.442
1625	29.733	27.442
1626	29.4	27.456
1627	29.081	27.472
1628	28.736	27.434
1629	28.401	27.442
1630	28.068	27.377
1631	27.786	27.431
1632	27.485	27.385
1633	27.214	27.373
1634	26.936	27.354
1635	26.684	27.353
1636	26.446	27.292
1637	26.215	27.296
1638	26.025	27.315
1639	25.801	27.26
1640	25.609	27.255
1641	25.425	27.224
1642	25.269	27.209
1643	25.129	27.162
1644	24.982	27.128
1645	24.894	27.116
1646	24.816	27.116
1647	24.738	27.072
1648	24.681	27.032
1649	24.626	26.977
1650	24.595	26.965
1651	24.591	26.922
1652	24.613	26.918
1653	24.657	26.915
1654	24.719	26.877
1655	24.798	26.861
1656	24.896	26.825
1657	25.023	26.849
1658	25.142	26.795
1659	25.277	26.755
1660	25.442	26.741
1661	25.616	26.706
1662	25.823	26.732
1663	26.025	26.703
1664	26.273	26.697
1665	26.513	26.681
1666	26.772	26.624
1667	27.057	26.613
1668	27.343	26.597
1669	27.664	26.599
1670	27.96	26.555
1671	28.281	26.543
1672	28.626	26.548
1673	28.953	26.51
1674	29.309	26.515
1675	29.677	26.504
1676	30.034	26.506
1677	30.392	26.464
1678	30.776	26.508
1679	31.128	26.476
1680	31.485	26.469
1681	31.832	26.463
1682	32.172	26.432
1683	32.501	26.44
1684	32.837	26.443
1685	33.173	26.49
1686	33.508	26.54
1687	33.829	26.535
1688	34.117	26.597
1689	34.397	26.614
1690	34.657	26.622
1691	34.884	26.602
1692	35.112	26.609
1693	35.294	26.633
1694	35.466	26.633
1695	35.623	26.669
1696	35.759	26.725
1697	35.831	26.707
1698	35.936	26.784
1699	35.979	26.788
1700	35.978	26.793
1701	35.953	26.791
1702	35.933	26.838
1703	35.848	26.796
1704	35.78	26.83
1705	35.662	26.854
1706	35.511	26.864
1707	35.336	26.886
1708	35.156	26.948
1709	34.93	26.946
1710	34.687	26.928
1711	34.429	26.929
1712	34.153	26.955
1713	33.874	26.94
1714	33.56	26.959
1715	33.256	26.994
1716	32.929	27.036
1717	32.593	27.087
1718	32.257	27.116
1719	31.912	27.154
1720	31.538	27.122
1721	31.177	27.119
1722	30.85	27.216
1723	30.49	27.203
1724	30.14	27.228
1725	29.779	27.259
1726	29.447	27.298
1727	29.096	27.307
1728	28.764	27.352
1729	28.454	27.392
1730	28.139	27.366
1731	27.821	27.377
1732	27.531	27.378
1733	27.256	27.347
1734	26.999	27.371
1735	26.748	27.373
1736	26.5	27.389
1737	26.267	27.359
1738	26.023	27.293
1739	25.832	27.301
1740	25.642	27.288
1741	25.461	27.257
1742	25.302	27.248
1743	25.162	27.229
1744	25.04	27.26
1745	24.936	27.266
1746	24.846	27.235
1747	24.779	27.196
1748	24.712	27.186
1749	24.67	27.137
1750	24.671	27.164
1751	24.665	27.161
1752	24.695	27.149
1753	24.695	27.067
1754	24.729	27.021
1755	24.799	27.016
1756	24.894	26.978
1757	25.028	27.025
1758	25.158	27.02
1759	25.309	26.999
1760	25.466	26.986
1761	25.623	26.939
1762	25.817	26.93
1763	26.051	26.947
1764	26.266	26.898
1765	26.487	26.829
1766	26.738	26.77
1767	26.995	26.699
1768	27.283	26.691
1769	27.578	26.602
1770	27.882	26.572
1771	28.196	26.535
1772	28.494	26.446
1773	28.827	26.395
1774	29.201	26.44
1775	29.54	26.365
1776	29.904	26.337
1777	30.237	26.297
1778	30.609	26.295
1779	30.96	26.294
1780	31.329	26.289
1781	31.684	26.276
1782	32.006	26.205
1783	32.336	26.203
1784	32.678	26.202
1785	33.007	26.184
1786	33.37	26.199
1787	33.682	26.221
1788	33.972	26.222
1789	34.241	26.237
1790	34.515	26.287
1791	34.784	26.326
1792	34.999	26.356
1793	35.171	26.351
1794	35.378	26.404
1795	35.538	26.433
1796	35.664	26.458
1797	35.766	26.53
1798	35.879	26.579
1799	35.914	26.577
1800	35.961	26.622
1801	35.949	26.673
1802	35.951	26.711
1803	35.971	26.835
1804	35.897	26.846
1805	35.781	26.898
1806	35.661	27.004
1807	35.492	27.02
1808	35.285	27.063
1809	35.076	27.084
1810	34.853	27.127
1811	34.573	27.143
1812	34.295	27.143
1813	34.017	27.21
1814	33.728	27.248
1815	33.449	27.295
1816	33.113	27.341
1817	32.798	27.376
1818	32.492	27.418
1819	32.122	27.434
1820	31.772	27.461
1821	31.431	27.559
1822	31.071	27.565
1823	30.701	27.573
1824	30.302	27.534
1825	29.925	27.544
1826	29.578	27.537
1827	29.206	27.571
1828	28.828	27.5
1829	28.496	27.515
1830	28.184	27.516
1831	27.87	27.449
1832	27.586	27.521
1833	27.311	27.492
1834	27.021	27.462
1835	26.755	27.472
1836	26.508	27.477
1837	26.293	27.518
1838	26.061	27.457
1839	25.847	27.424
1840	25.643	27.388
1841	25.492	27.417
1842	25.325	27.372
1843	25.162	27.316
1844	25.021	27.299
1845	24.9	27.26
1846	24.785	27.155
1847	24.71	27.133
1848	24.641	27.137
1849	24.62	27.167
1850	24.584	27.113
1851	24.572	27.076
1852	24.596	27.036
1853	24.62	27
1854	24.685	26.989
1855	24.747	26.952
1856	24.839	26.948
1857	24.956	26.952
1858	25.081	26.907
1859	25.228	26.918
1860	25.379	26.853
1861	25.552	26.815
1862	25.757	26.789
1863	25.965	26.764
1864	26.2	26.744
1865	26.448	26.738
1866	26.709	26.707
1867	26.983	26.692
1868	27.265	26.653
1869	27.595	26.63
1870	27.944	26.676
1871	28.283	26.678
1872	28.622	26.65
1873	28.979	26.604
1874	29.322	26.58
1875	29.714	26.607
1876	30.071	26.586
1877	30.423	26.564
1878	30.809	26.568
1879	31.154	26.523
1880	31.513	26.561
1881	31.826	26.51
1882	32.161	26.47
1883	32.548	26.55
1884	32.88	26.539
1885	33.21	26.552
1886	33.533	26.556
1887	33.803	26.521
1888	34.102	26.551
1889	34.379	26.577
1890	34.673	26.634
1891	34.874	26.622
1892	35.086	26.651
1893	35.267	26.653
1894	35.406	26.642
1895	35.52	26.648
1896	35.637	26.658
1897	35.749	26.716
1898	35.836	26.782
1899	35.86	26.785
1900	35.9	26.851
1901	35.909	26.886
1902	35.896	26.937
1903	35.797	26.941
1904	35.724	26.984
1905	35.614	26.984
1906	35.517	27.057
1907	35.353	27.074
1908	35.113	27.065
1909	34.911	27.089
1910	34.684	27.177
1911	34.442	27.205
1912	34.179	27.244
1913	33.878	27.226
1914	33.593	27.306
1915	33.249	27.304
1916	32.934	27.315
1917	32.62	27.353
1918	32.334	27.471
1919	31.98	27.494
1920	31.616	27.464
1921	31.261	27.49
1922	30.893	27.534
1923	30.522	27.514
1924	30.198	27.532
1925	29.817	27.47
1926	29.453	27.488
1927	29.122	27.486
1928	28.814	27.535
1929	28.46	27.504
1930	28.144	27.513
1931	27.831	27.485
1932	27.516	27.478
1933	27.251	27.492
1934	27.002	27.56
1935	26.747	27.563
1936	26.505	27.579
1937	26.283	27.592
1938	26.068	27.582
1939	25.857	27.531
1940	25.653	27.447
1941	25.472	27.425
1942	25.298	27.394
1943	25.122	27.306
1944	24.994	27.249
1945	24.882	27.238
1946	24.782	27.206
1947	24.716	27.136
1948	24.677	27.16
1949	24.622	27.125
1950	24.611	27.132
1951	24.611	27.074
1952	24.612	27.04
1953	24.645	27.023
1954	24.713	27.031
1955	24.786	26.993
1956	24.877	26.977
1957	24.988	26.947
1958	25.087	26.887
1959	25.208	26.812
1960	25.372	26.742
1961	25.545	26.707
1962	25.731	26.682
1963	25.928	26.684
1964	26.159	26.655
1965	26.403	26.643
1966	26.657	26.608
1967	26.925	26.588
1968	27.226	26.574
1969	27.533	26.609
1970	27.845	26.58
1971	28.174	26.548
1972	28.52	26.539
1973	28.839	26.452
1974	29.201	26.455
1975	29.553	26.408
1976	29.921	26.404
1977	30.286	26.383
1978	30.638	26.343
1979	31.032	26.382
1980	31.393	26.418
1981	31.743	26.396
1982	32.116	26.392
1983	32.476	26.361
1984	32.822	26.344
1985	33.155	26.328
1986	33.465	26.309
1987	33.766	26.286
1988	34.095	26.307
1989	34.38	26.298
1990	34.652	26.384
1991	34.929	26.449
1992	35.203	26.521
1993	35.411	26.575
1994	35.591	26.575
1995	35.766	26.607
1996	35.905	26.638
1997	35.943	26.606
1998	36.024	26.674
1999	36.068	26.714
2000	36.055	26.723
2001	36.061	26.793
2002	36.023	26.823
2003	35.938	26.857
2004	35.798	26.847
2005	35.705	26.837
2006	35.576	26.922
2007	35.379	26.936
2008	35.19	27.037
2009	34.984	27.101
2010	34.73	27.144
2011	34.484	27.209
2012	34.204	27.211
2013	33.9	27.243
2014	33.58	27.282
2015	33.257	27.267
2016	32.876	27.225
2017	32.519	27.2
2018	32.174	27.219
2019	31.816	27.242
2020	31.448	27.253
2021	31.094	27.307
2022	30.761	27.351
2023	30.389	27.348
2024	30.019	27.319
2025	29.72	27.441
2026	29.371	27.407
2027	29.045	27.432
2028	28.744	27.496
2029	28.432	27.485
2030	28.097	27.478
2031	27.794	27.443
2032	27.523	27.451
2033	27.254	27.461
2034	26.98	27.435
2035	26.729	27.439
2036	26.493	27.426
2037	26.27	27.422
2038	26.053	27.382
2039	25.836	27.348
2040	25.634	27.291
2041	25.477	27.306
2042	25.335	27.301
2043	25.186	27.254
2044	25.071	27.24
2045	24.972	27.224
2046	24.868	27.159
2047	24.795	27.182
2048	24.748	27.179
2049	24.713	27.209
2050	24.669	27.102
2051	24.654	27.078
2052	24.652	27.029
2053	24.673	26.951
2054	24.712	26.929
2055	24.784	26.907
2056	24.861	26.843
2057	24.96	26.849
2058	25.071	26.743
2059	25.222	26.783
2060	25.371	26.75
2061	25.546	26.73
2062	25.733	26.727
2063	25.97	26.77
2064	26.214	26.761
2065	26.457	26.741
2066	26.719	26.76
2067	26.971	26.7
2068	27.254	26.682
2069	27.541	26.656
2070	27.835	26.624
2071	28.176	26.644
2072	28.509	26.59
2073	28.839	26.575
2074	29.19	26.519
2075	29.53	26.487
2076	29.894	26.486
2077	30.264	26.464
2078	30.644	26.471
2079	31.016	26.453
2080	31.385	26.464
2081	31.751	26.465
2082	32.106	26.466
2083	32.47	26.501
2084	32.791	26.444
2085	33.131	26.413
2086	33.455	26.423
2087	33.763	26.429
2088	34.036	26.376
2089	34.319	26.403
2090	34.613	26.44
2091	34.859	26.41
2092	35.072	26.442
2093	35.284	26.469
2094	35.467	26.462
2095	35.636	26.482
2096	35.752	26.473
2097	35.87	26.493
2098	35.949	26.485
2099	36.008	26.516
2100	36.044	26.564
2101	36.052	26.578
2102	36.04	26.634
2103	35.97	26.635
2104	35.894	26.673
2105	35.785	26.713
2106	35.668	26.791
2107	35.502	26.797
2108	35.307	26.803
2109	35.078	26.808
2110	34.826	26.848
2111	34.586	26.885
2112	34.284	26.906
2113	33.98	26.927
2114	33.642	26.945
2115	33.296	26.959
2116	32.996	27.027
2117	32.672	27.077
2118	32.326	27.086
2119	31.958	27.135
2120	31.6	27.199
2121	31.227	27.216
2122	30.848	27.237
2123	30.48	27.247
2124	30.11	27.232
2125	29.767	27.237
2126	29.41	27.264
2127	29.048	27.271
2128	28.712	27.298
2129	28.405	27.371
2130	28.077	27.315
2131	27.784	27.33
2132	27.487	27.321
2133	27.196	27.307
2134	26.938	27.33
2135	26.687	27.354
2136	26.405	27.323
2137	26.2	27.316
2138	25.975	27.285
2139	25.788	27.29
2140	25.615	27.294
2141	25.422	27.261
2142	25.284	27.276
2143	25.134	27.25
2144	25.022	27.244
2145	24.913	27.177
2146	24.837	27.178
2147	24.756	27.118
2148	24.701	27.091
2149	24.659	27.104
2150	24.651	27.122
2151	24.652	27.082
2152	24.668	27.035
2153	24.699	26.999
2154	24.749	26.964
2155	24.823	26.954
2156	24.884	26.886
2157	24.989	26.882
2158	25.112	26.862
2159	25.248	26.815
2160	25.405	26.793
2161	25.615	26.797
2162	25.81	26.771
2163	26.034	26.786
2164	26.286	26.804
2165	26.529	26.769
2166	26.794	26.764
2167	27.041	26.686
2168	27.327	26.655
2169	27.631	26.611
2170	27.943	26.596
2171	28.265	26.568
2172	28.616	26.616
2173	28.965	26.609
2174	29.352	26.61
2175	29.677	26.571
2176	30.038	26.562
2177	30.394	26.555
2178	30.783	26.596
2179	31.129	26.556
2180	31.481	26.56
2181	31.827	26.522
2182	32.192	26.531
2183	32.555	26.569
2184	32.894	26.586
2185	33.237	26.587
2186	33.521	26.533
2187	33.827	26.558
2188	34.105	26.537
2189	34.371	26.497
2190	34.62	26.508
2191	34.842	26.494
2192	35.074	26.541
2193	35.266	26.599
2194	35.429	26.629
2195	35.574	26.681
2196	35.68	26.704
2197	35.8	26.73
2198	35.851	26.765
2199	35.885	26.783
2200	35.903	26.795
2201	35.883	26.823
2202	35.879	26.877
2203	35.81	26.916
2204	35.702	26.912
2205	35.609	27.008
2206	35.503	27.091
2207	35.327	27.083
2208	35.123	27.095
2209	34.919	27.136
2210	34.693	27.163
2211	34.482	27.242
2212	34.206	27.274
2213	33.91	27.335
2214	33.586	27.34
2215	33.291	27.375
2216	32.977	27.406
2217	32.623	27.375
2218	32.327	27.416
2219	31.98	27.429
2220	31.633	27.434
2221	31.301	27.473
2222	30.941	27.521
2223	30.611	27.531
2224	30.242	27.524
2225	29.916	27.561
2226	29.574	27.588
2227	29.212	27.565
2228	28.835	27.475
2229	28.519	27.487
2230	28.192	27.423
2231	27.851	27.413
2232	27.544	27.411
2233	27.272	27.412
2234	26.998	27.362
2235	26.712	27.307
2236	26.447	27.288
2237	26.237	27.293
2238	26.017	27.289
2239	25.815	27.279
2240	25.618	27.268
2241	25.437	27.235
2242	25.289	27.255
2243	25.127	27.2
2244	25.024	27.22
2245	24.911	27.179
2246	24.807	27.147
2247	24.734	27.094
2248	24.69	27.123
2249	24.656	27.101
2250	24.611	27.053
2251	24.604	26.994
2252	24.643	27.023
2253	24.715	27.088
2254	24.764	27.08
2255	24.823	27.009
2256	24.921	26.998
2257	25.035	26.986
2258	25.144	26.919
2259	25.283	26.903
2260	25.471	26.956
2261	25.641	26.894
2262	25.798	26.84
2263	26.029	26.792
2264	26.258	26.783
2265	26.504	26.754
2266	26.762	26.724
2267	27.042	26.688
2268	27.329	26.667
2269	27.599	26.583
2270	27.919	26.592
2271	28.243	26.547
2272	28.551	26.495
2273	28.858	26.419
2274	29.204	26.417
2275	29.608	26.447
2276	29.968	26.427
2277	30.303	26.378
2278	30.645	26.339
2279	31.014	26.323
2280	31.38	26.389
2281	31.752	26.354
2282	32.089	26.307
2283	32.483	26.387
2284	32.838	26.417
2285	33.124	26.354
2286	33.444	26.369
2287	33.78	26.398
2288	34.103	26.446
2289	34.37	26.422
2290	34.629	26.443
2291	34.872	26.474
2292	35.062	26.493
2293	35.254	26.519
2294	35.451	26.575
2295	35.599	26.576
2296	35.732	26.589
2297	35.863	26.648
2298	35.961	26.684
2299	35.982	26.7
2300	35.987	26.74
2301	35.976	26.803
2302	35.942	26.816
2303	35.884	26.837
2304	35.76	26.867
2305	35.678	26.936
2306	35.529	26.984
2307	35.382	27.092
2308	35.178	27.103
2309	34.947	27.113
2310	34.773	27.194
2311	34.517	27.237
2312	34.263	27.269
2313	33.935	27.274
2314	33.633	27.309
2315	33.326	27.396
2316	33.03	27.463
2317	32.7	27.471
2318	32.348	27.483
2319	31.984	27.495
2320	31.615	27.516
2321	31.23	27.536
2322	30.852	27.504
2323	30.472	27.512
2324	30.114	27.515
2325	29.731	27.479
2326	29.386	27.501
2327	29.054	27.551
2328	28.711	27.557
2329	28.4	27.505
2330	28.068	27.433
2331	27.752	27.444
2332	27.446	27.406
2333	27.156	27.373
2334	26.895	27.378
2335	26.626	27.355
2336	26.393	27.349
2337	26.151	27.317
2338	25.941	27.289
2339	25.738	27.291
2340	25.548	27.2
2341	25.357	27.149
2342	25.199	27.086
2343	25.066	27.087
2344	24.972	27.134
2345	24.877	27.128
2346	24.809	27.117
2347	24.739	27.126
2348	24.71	27.138
2349	24.712	27.187
2350	24.702	27.169
2351	24.702	27.126
2352	24.714	27.085
2353	24.749	27.024
2354	24.798	27.023
2355	24.872	27.003
2356	24.96	26.971
2357	25.068	26.961
2358	25.178	26.903
2359	25.318	26.9
2360	25.472	26.846
2361	25.643	26.804
2362	25.836	26.796
2363	26.063	26.832
2364	26.295	26.813
2365	26.526	26.765
2366	26.806	26.779
2367	27.082	26.803
2368	27.37	26.796
2369	27.643	26.72
2370	28.275	26.729
2371	28.595	26.726
2372	28.917	26.687
2373	29.244	26.613
2374	29.557	26.545
2375	29.899	26.521
2376	30.264	26.54
2377	30.614	26.529
2378	30.97	26.537
2379	31.332	26.534
2380	31.68	26.521
2381	32.053	26.508
2382	32.425	26.514
2383	32.784	26.567
2384	33.11	26.531
2385	33.431	26.582
2386	33.73	26.573
2387	34.019	26.558
2388	34.275	26.508
2389	34.517	26.477
2390	34.773	26.508
2391	34.983	26.479
2392	35.213	26.522
2393	35.382	26.493
2394	35.529	26.494
2395	35.202	26.458
2396	35.29	26.476
2397	35.372	26.498
2398	35.436	26.564
2399	35.472	26.574
2400	35.496	26.596
2401	35.461	26.561
2402	35.434	26.594
2403	35.386	26.614
2404	35.289	26.655
2405	35.184	26.694
2406	35.062	26.731
2407	34.869	26.717
2408	34.699	26.747
2409	34.511	26.769
2410	34.311	26.768
2411	34.087	26.81
2412	33.844	26.85
2413	33.595	26.901
2414	33.318	26.936
2415	33.063	27.002
2416	32.752	27.012
2417	32.429	27.042
2418	32.111	27.028
2419	31.803	27.045
2420	31.476	27.062
2421	31.163	27.076
2422	30.852	27.082
2423	30.532	27.102
2424	30.209	27.146
2425	29.891	27.168
2426	29.579	27.205
2427	29.252	27.207
2428	28.941	27.223
2429	28.651	27.246
2430	28.328	27.217
2431	28.027	27.21
2432	27.765	27.213
2433	27.477	27.182
2434	27.206	27.226
2435	26.959	27.253
2436	26.703	27.222
2437	26.487	27.236
2438	26.255	27.199
2439	26.06	27.225
2440	25.846	27.173
2441	25.655	27.148
2442	25.482	27.105
2443	25.346	27.147
2444	25.205	27.139
2445	25.089	27.125
2446	24.997	27.17
2447	24.906	27.184
2448	24.811	27.151
2449	24.756	27.132
2450	24.694	27.09
2451	24.668	27.067
2452	24.652	26.999
2453	24.651	26.959
2454	24.675	26.907
2455	24.755	26.917
2456	24.813	26.856
2457	24.9	26.854
2458	25.004	26.825
2459	25.128	26.754
2460	25.248	26.661
2461	25.37	26.664
2462	25.519	26.571
2463	25.718	26.552
2464	25.942	26.516
2465	26.199	26.535
2466	26.457	26.494
2467	26.746	26.493
2468	27.024	26.451
2469	27.327	26.438
2470	27.64	26.417
2471	27.967	26.401
2472	28.318	26.379
2473	28.666	26.317
2474	29.029	26.281
2475	29.381	26.247
2476	29.76	26.26
2477	30.182	26.306
2478	30.599	26.341
2479	30.989	26.367
2480	31.351	26.342
2481	31.772	26.432
2482	32.126	26.387
2483	32.5	26.382
2484	32.868	26.365
2485	33.252	26.423
2486	33.7	26.484
2487	34.045	26.512
2488	34.364	26.519
2489	34.656	26.537
2490	34.909	26.542
2491	35.175	26.584
2492	35.389	26.585
2493	35.59	26.614
2494	35.804	26.691
2495	35.951	26.724
2496	36.094	26.723
2497	36.139	26.701
2498	36.198	26.728
2499	36.201	26.76
2500	36.254	26.855
2501	36.22	26.877
2502	36.136	26.874
2503	36.016	26.885
2504	35.919	26.944
2505	35.786	26.984
2506	35.581	26.913
2507	35.41	26.971
2508	35.203	27.029
2509	34.989	27.128
2510	34.686	27.083
2511	34.374	27.054
2512	34.081	27.103
2513	33.795	27.183
2514	33.461	27.205
2515	33.146	27.245
2516	32.807	27.29
2517	32.445	27.288
2518	32.081	27.288
2519	31.682	27.212
2520	31.335	27.221
2521	30.948	27.222
2522	30.64	27.313
2523	30.308	27.379
2524	29.983	27.41
2525	29.611	27.348
2526	29.283	27.347
2527	28.951	27.344
2528	28.627	27.32
2529	28.303	27.271
2530	28.02	27.283
2531	27.714	27.314
2532	27.438	27.315
2533	27.169	27.282
2534	26.921	27.304
2535	26.71	27.39
2536	26.478	27.374
2537	26.288	27.439
2538	26.066	27.393
2539	25.882	27.36
2540	25.695	27.335
2541	25.547	27.362
2542	25.406	27.353
2543	25.296	27.419
2544	25.195	27.461
2545	25.08	27.415
2546	24.979	27.33
2547	24.884	27.234
2548	24.822	27.166
2549	24.763	27.144
2550	24.755	27.153
2551	24.741	27.122
2552	24.766	27.179
2553	24.794	27.163
2554	24.833	27.119
2555	24.873	27.057
2556	24.968	27.037
2557	25.057	27.001
2558	25.147	26.952
2559	25.267	26.88
2560	25.376	26.785
2561	25.564	26.789
2562	25.717	26.663
2563	25.908	26.596
2564	26.127	26.599
2565	26.354	26.541
2566	26.582	26.466
2567	26.839	26.45
2568	27.228	26.404
2569	27.518	26.384
2570	27.826	26.37
2571	28.161	26.412
2572	28.491	26.418
2573	28.816	26.388
2574	29.201	26.409
2575	29.554	26.404
2576	29.899	26.392
2577	30.246	26.317
2578	30.624	26.333
2579	30.998	26.338
2580	31.375	26.372
2581	31.746	26.383
2582	32.151	26.356
2583	32.571	26.415
2584	32.914	26.407
2585	33.305	26.473
2586	33.621	26.473
2587	33.961	26.511
2588	34.275	26.547
2589	34.572	26.568
2590	34.85	26.61
2591	35.101	26.639
2592	35.365	26.714
2593	35.387	26.704
2594	35.56	26.693
2595	35.736	26.753
2596	35.864	26.748
2597	35.973	26.771
2598	36.08	26.863
2599	36.107	26.845
2600	36.117	26.86
2601	36.141	26.953
2602	36.106	26.986
2603	36.024	26.997
2604	35.908	27.047
2605	35.766	27.019
2606	35.612	27.057
2607	35.388	27.116
2608	35.177	27.151
2609	34.919	27.133
2610	34.658	27.146
2611	34.376	27.146
2612	34.078	27.157
2613	33.783	27.199
2614	33.45	27.202
2615	33.099	27.178
2616	32.765	27.196
2617	32.386	27.127
2618	32.031	27.131
2619	31.702	27.224
2620	31.319	27.23
2621	30.957	27.29
2622	30.6	27.348
2623	30.238	27.325
2624	29.892	27.324
2625	29.529	27.317
2626	29.186	27.242
2627	28.854	27.247
2628	28.535	27.25
2629	28.24	27.213
2630	27.951	27.261
2631	27.665	27.237
2632	27.383	27.222
2633	27.099	27.173
2634	26.846	27.161
2635	26.601	27.175
2636	26.372	27.157
2637	26.165	27.184
2638	25.959	27.129
2639	25.774	27.143
2640	25.611	27.164
2641	25.455	27.157
2642	25.312	27.141
2643	25.197	27.142
2644	25.062	27.037
2645	24.978	27.052
2646	24.902	27.001
2647	24.839	26.964
2648	24.787	26.939
2649	24.752	26.923
2650	24.773	26.976
2651	24.774	26.952
2652	24.786	26.919
2653	24.811	26.89
2654	24.878	26.938
2655	24.949	26.944
2656	25.022	26.931
2657	25.116	26.9
2658	25.232	26.874
2659	25.378	26.906
2660	25.519	26.633
2661	25.712	26.677
2662	25.882	26.588
2663	26.079	26.574
2664	26.291	26.501
2665	26.513	26.483
2666	26.77	26.489
2667	27.028	26.466
2668	27.274	26.418
2669	27.57	26.417
2670	27.874	26.365
2671	28.189	26.33
2672	28.509	26.323
2673	28.837	26.323
2674	29.17	26.307
2675	29.482	26.22
2676	29.831	26.218
2677	30.186	26.221
2678	30.568	26.276
2679	30.902	26.22
2680	31.252	26.182
2681	31.621	26.185
2682	31.989	26.211
2683	32.351	26.251
2684	32.71	26.267
2685	33.077	26.474
2686	33.382	26.427
2687	33.728	26.493
2688	34.035	26.519
2689	34.341	26.566
2690	34.643	26.558
2691	34.866	26.494
2692	35.105	26.537
2693	35.352	26.594
2694	35.528	26.59
2695	35.672	26.582
2696	35.821	26.64
2697	35.901	26.613
2698	36.004	26.656
2699	36.066	26.692
2700	36.114	26.735
2701	36.123	26.817
2702	36.097	26.886
2703	36.028	26.88
2704	35.949	26.939
2705	35.853	27
2706	35.7	27.005
2707	35.55	27.09
2708	35.351	27.097
2709	35.13	27.12
2710	34.863	27.116
2711	34.594	27.142
2712	34.307	27.188
2713	33.999	27.185
2714	33.679	27.223
2715	33.318	27.22
2716	32.981	27.27
2717	32.644	27.315
2718	32.287	27.354
2719	31.932	27.415
2720	31.576	27.455
2721	31.196	27.46
2722	30.854	27.493
2723	30.479	27.5
2724	30.144	27.543
2725	29.793	27.576
2726	29.45	27.566
2727	29.107	27.545
2728	28.774	27.56
2729	28.423	27.538
2730	28.098	27.542
2731	27.793	27.544
2732	27.489	27.48
2733	27.2	27.466
2734	26.925	27.436
2735	26.694	27.507
2736	26.442	27.504
2737	26.212	27.461
2738	26.013	27.478
2739	25.81	27.466
2740	25.636	27.469
2741	25.477	27.426
2742	25.316	27.389
2743	25.185	27.355
2744	25.06	27.331
2745	24.964	27.342
2746	24.872	27.293
2747	24.783	27.262
2748	24.729	27.223
2749	24.663	27.15
2750	24.635	27.101
2751	24.621	27.047
2752	24.627	26.996
2753	24.652	26.932
2754	24.706	26.898
2755	24.763	26.836
2756	24.853	26.812
2757	24.974	26.808
2758	25.096	26.806
2759	25.27	26.805
2760	25.407	26.718
2761	25.585	26.677
2762	25.756	26.6
2763	25.94	26.57