1	35.843	26.991
2	35.927	27.041
3	36.008	27.106
4	36.079	27.217
5	36.094	27.273
6	36.064	27.262
7	36.002	27.269
8	35.89	27.273
9	35.77	27.285
10	35.627	27.282
11	35.503	27.363
12	35.31	27.372
13	35.082	27.395
14	34.826	27.402
15	34.585	27.436
16	34.331	27.437
17	34.061	27.498
18	33.794	27.573
19	33.486	27.616
20	33.184	27.663
21	32.864	27.721
22	32.51	27.769
23	32.118	27.733
24	31.778	27.713
25	31.428	27.742
26	31.055	27.731
27	30.716	27.744
28	30.33	27.71
29	29.965	27.691
30	29.615	27.675
31	29.257	27.65
32	28.947	27.675
33	28.63	27.684
34	28.333	27.672
35	28.055	27.706
36	27.754	27.68
37	27.488	27.698
38	27.239	27.697
39	26.994	27.689
40	26.736	27.646
41	26.525	27.69
42	26.307	27.664
43	26.078	27.577
44	25.891	27.536
45	25.711	27.51
46	25.557	27.527
47	25.41	27.469
48	25.305	27.495
49	25.184	27.493
50	25.074	27.469
51	24.983	27.425
52	24.9	27.393
53	24.849	27.37
54	24.791	27.305
55	24.774	27.317
56	24.769	27.305
57	24.765	27.302
58	24.795	27.267
59	24.824	27.256
60	24.859	27.19
61	24.924	27.157
62	25.006	27.119
63	25.097	27.089
64	25.221	27.059
65	25.38	27.052
66	25.542	27.013
67	25.712	26.972
68	25.902	26.957
69	26.109	26.933
70	26.323	26.882
71	26.555	26.805
72	26.812	26.783
73	27.087	26.745
74	27.369	26.734
75	27.678	26.704
76	27.99	26.678
77	28.311	26.656
78	28.646	26.638
79	28.991	26.608
80	29.313	26.513
81	29.659	26.494
82	30.037	26.481
83	30.422	26.544
84	30.802	26.538
85	31.194	26.588
86	31.578	26.602
87	31.946	26.596
88	32.336	26.618
89	32.682	26.586
90	33.064	26.669
91	33.393	26.681
92	33.723	26.69
93	34.054	26.703
94	34.352	26.729
95	34.64	26.777
96	34.886	26.819
97	35.13	26.827
98	35.315	26.857
99	35.509	26.876
100	35.665	26.876
101	35.808	26.932
102	35.942	26.979
103	36.01	26.979
104	36.078	27.05
105	36.126	27.109
106	36.137	27.152
107	36.109	27.176
108	36.022	27.14
109	35.976	27.213
110	35.851	27.254
111	35.694	27.273
112	35.536	27.341
113	35.346	27.406
114	35.14	27.493
115	34.846	27.436
116	34.545	27.41
117	34.284	27.491
118	33.964	27.523
119	33.661	27.562
120	33.338	27.562
121	33.033	27.569
122	32.69	27.597
123	32.354	27.603
124	32	27.633
125	31.644	27.678
126	31.278	27.675
127	30.901	27.671
128	30.593	27.744
129	30.234	27.747
130	29.897	27.799
131	29.547	27.789
132	29.203	27.785
133	28.863	27.791
134	28.493	27.715
135	28.178	27.693
136	27.878	27.689
137	27.585	27.658
138	27.3	27.601
139	27.056	27.628
140	26.814	27.651
141	26.582	27.653
142	26.345	27.619
143	26.134	27.59
144	25.934	27.559
145	25.755	27.544
146	25.562	27.49
147	25.409	27.476
148	25.253	27.429
149	25.128	27.38
150	25.003	27.329
151	24.905	27.304
152	24.834	27.283
153	24.759	27.24
154	24.696	27.187
155	24.663	27.151
156	24.667	27.15
157	24.677	27.114
158	24.695	27.058
159	24.746	27.066
160	24.806	27.022
161	24.888	26.983
162	24.977	26.948
163	25.077	26.933
164	25.211	26.914
165	25.356	26.872
166	25.518	26.845
167	25.693	26.776
168	25.89	26.755
169	26.101	26.702
170	26.325	26.695
171	26.581	26.708
172	26.84	26.691
173	27.129	26.696
174	27.42	26.682
175	27.762	26.728
176	28.065	26.658
177	28.393	26.635
178	28.722	26.604
179	29.094	26.618
180	29.447	26.611
181	29.796	26.581
182	30.156	26.598
183	30.549	26.638
184	30.917	26.618
185	31.269	26.578
186	31.635	26.611
187	32.002	26.628
188	32.35	26.619
189	32.646	26.554
190	32.983	26.559
191	33.347	26.609
192	33.706	26.72
193	33.996	26.707
194	34.299	26.765
195	34.576	26.757
196	34.822	26.776
197	35.049	26.796
198	35.266	26.821
199	35.438	26.835
200	35.549	26.839
201	35.721	26.909
202	35.804	26.904
203	35.904	26.962
204	35.95	27
205	35.99	27.021
206	35.992	27.093
207	35.996	27.168
208	35.957	27.235
209	35.863	27.245
210	35.761	27.298
211	35.634	27.34
212	35.468	27.365
213	35.31	27.411
214	35.127	27.469
215	34.905	27.523
216	34.625	27.537
217	34.321	27.502
218	34.044	27.558
219	33.718	27.591
220	33.388	27.638
221	33.088	27.726
222	32.748	27.745
223	32.404	27.757
224	32.047	27.796
225	31.722	27.815
226	31.354	27.816
227	31.016	27.877
228	30.652	27.869
229	30.297	27.872
230	29.953	27.953
231	29.604	27.949
232	29.233	27.894
233	28.861	27.814
234	28.532	27.835
235	28.234	27.868
236	27.922	27.836
237	27.635	27.828
238	27.349	27.809
239	27.08	27.802
240	26.812	27.786
241	26.555	27.737
242	26.302	27.69
243	26.082	27.693
244	25.882	27.64
245	25.7	27.623
246	25.52	27.562
247	25.375	27.552
248	25.222	27.562
249	25.108	27.538
250	24.985	27.5
251	24.885	27.512
252	24.802	27.493
253	24.729	27.446
254	24.691	27.422
255	24.65	27.322
256	24.637	27.265
257	24.647	27.23
258	24.671	27.216
259	24.717	27.177
260	24.769	27.132
261	24.836	27.071
262	24.914	27.062
263	25.033	27.059
264	25.165	27.035
265	25.319	27.012
266	25.488	26.967
267	25.688	26.99
268	25.903	26.965
269	26.117	26.94
270	26.363	26.97
271	26.631	26.964
272	26.868	26.902
273	27.139	26.844
274	27.451	26.842
275	27.753	26.82
276	28.07	26.772
277	28.424	26.788
278	28.74	26.749
279	29.086	26.722
280	29.465	26.769
281	29.819	26.724
282	30.182	26.721
283	30.56	26.739
284	30.937	26.754
285	31.325	26.82
286	31.732	26.901
287	32.123	26.877
288	32.467	26.866
289	32.831	26.875
290	33.135	26.833
291	33.457	26.849
292	33.76	26.858
293	34.044	26.867
294	34.337	26.875
295	34.574	26.792
296	34.789	26.764
297	35.061	26.828
298	35.277	26.862
299	35.421	26.83
300	35.583	26.841
301	35.737	26.897
302	35.809	26.87
303	35.932	26.957
304	35.971	26.992
305	35.985	26.986
306	35.985	27.069
307	35.959	27.095
308	35.913	27.159
309	35.835	27.208
310	35.704	27.203
311	35.567	27.252
312	35.376	27.274
313	35.162	27.306
314	34.941	27.358
315	34.74	27.437
316	34.485	27.454
317	34.244	27.47
318	33.934	27.456
319	33.637	27.523
320	33.314	27.548
321	32.997	27.58
322	32.66	27.611
323	32.336	27.67
324	31.989	27.72
325	31.64	27.741
326	31.285	27.734
327	30.931	27.761
328	30.581	27.778
329	30.235	27.785
330	29.866	27.752
331	29.547	27.767
332	29.179	27.737
333	28.858	27.774
334	28.534	27.749
335	28.22	27.744
336	27.892	27.675
337	27.602	27.661
338	27.359	27.66
339	27.064	27.595
340	26.82	27.587
341	26.595	27.622
342	26.345	27.609
343	26.147	27.628
344	25.922	27.552
345	25.748	27.57
346	25.573	27.558
347	25.424	27.584
348	25.271	27.527
349	25.125	27.48
350	25.006	27.46
351	24.909	27.435
352	24.822	27.376
353	24.755	27.312
354	24.702	27.279
355	24.666	27.245
356	24.629	27.19
357	24.659	27.201
358	24.681	27.107
359	24.72	27.076
360	24.763	26.993
361	24.836	26.932
362	24.952	26.959
363	25.058	26.938
364	25.205	26.952
365	25.341	26.89
366	25.492	26.832
367	25.695	26.806
368	25.899	26.824
369	26.133	26.885
370	26.371	26.866
371	26.589	26.805
372	26.846	26.732
373	27.13	26.742
374	27.451	26.739
375	27.736	26.676
376	28.043	26.66
377	28.39	26.656
378	28.725	26.643
379	29.083	26.634
380	29.444	26.629
381	29.821	26.647
382	30.17	26.626
383	30.508	26.595
384	30.883	26.607
385	31.282	26.692
386	31.645	26.683
387	31.988	26.643
388	32.352	26.662
389	32.711	26.68
390	33.083	26.775
391	33.421	26.805
392	33.727	26.824
393	34.018	26.782
394	34.322	26.741
395	34.576	26.77
396	34.876	26.879
397	35.105	26.902
398	35.31	26.895
399	35.489	26.908
400	35.675	26.963
401	35.83	26.982
402	35.932	27.054
403	36.015	27.103
404	36.082	27.152
405	36.128	27.223
406	36.1	27.204
407	36.087	27.259
408	36.046	27.324
409	35.968	27.377
410	35.833	27.393
411	35.66	27.425
412	35.493	27.451
413	35.283	27.494
414	35.047	27.468
415	34.762	27.45
416	34.499	27.479
417	34.218	27.525
418	33.944	27.572
419	33.651	27.616
420	33.342	27.653
421	33.004	27.649
422	32.648	27.643
423	32.298	27.664
424	31.916	27.667
425	31.596	27.739
426	31.236	27.76
427	30.852	27.705
428	30.494	27.705
429	30.133	27.692
430	29.765	27.676
431	29.404	27.696
432	29.055	27.668
433	28.722	27.66
434	28.398	27.666
435	28.085	27.651
436	27.813	27.696
437	27.523	27.769
438	27.27	27.741
439	27.012	27.761
440	26.765	27.725
441	26.543	27.724
442	26.331	27.683
443	26.112	27.649
444	25.897	27.619
445	25.713	27.586
446	25.544	27.543
447	25.383	27.497
448	25.239	27.457
449	25.149	27.477
450	25.02	27.422
451	24.912	27.382
452	24.834	27.379
453	24.765	27.343
454	24.71	27.307
455	24.672	27.235
456	24.687	27.233
457	24.69	27.204
458	24.705	27.159
459	24.757	27.109
460	24.809	27.051
461	24.888	27.018
462	24.985	26.953
463	25.073	26.897
464	25.203	26.878
465	25.354	26.87
466	25.509	26.843
467	25.675	26.786
468	25.863	26.774
469	26.085	26.77
470	26.302	26.754
471	26.543	26.719
472	26.819	26.737
473	27.105	26.713
474	27.361	26.651
475	27.664	26.622
476	27.991	26.604
477	28.345	26.599
478	28.691	26.585
479	29.037	26.578
480	29.411	26.576
481	29.743	26.556
482	30.105	26.552
483	30.49	26.583
484	30.848	26.55
485	31.221	26.557
486	31.594	26.628
487	31.982	26.652
488	32.377	26.716
489	32.735	26.709
490	33.055	26.679
491	33.391	26.695
492	33.711	26.704
493	34.055	26.733
494	34.341	26.749
495	34.632	26.751
496	34.887	26.785
497	35.112	26.804
498	35.322	26.848
499	35.525	26.862
500	35.689	26.911
501	35.831	26.977
502	35.952	27.052
503	36.042	27.124
504	36.115	27.152
505	36.144	27.214
506	36.169	27.255
507	36.161	27.327
508	36.098	27.35
509	35.984	27.394
510	35.867	27.43
511	35.708	27.396
512	35.494	27.392
513	35.286	27.444
514	35.055	27.496
515	34.844	27.571
516	34.573	27.596
517	34.3	27.663
518	33.972	27.636
519	33.663	27.673
520	33.326	27.679
521	33.015	27.711
522	32.681	27.744
523	32.337	27.779
524	32.001	27.866
525	31.671	27.932
526	31.296	27.936
527	30.935	27.938
528	30.577	27.918
529	30.201	27.901
530	29.866	27.937
531	29.527	27.967
532	29.189	27.98
533	28.827	27.91
534	28.51	27.926
535	28.206	27.936
536	27.903	27.9
537	27.623	27.874
538	27.334	27.8
539	27.075	27.785
540	26.816	27.74
541	26.594	27.791
542	26.366	27.75
543	26.163	27.764
544	25.951	27.712
545	25.769	27.662
546	25.573	27.586
547	25.411	27.561
548	25.258	27.522
549	25.125	27.484
550	24.991	27.406
551	24.904	27.355
552	24.837	27.357
553	24.761	27.326
554	24.73	27.36
555	24.693	27.309
556	24.667	27.235
557	24.66	27.168
558	24.702	27.151
559	24.736	27.142
560	24.788	27.109
561	24.86	27.089
562	24.954	27.077
563	25.055	27.026
564	25.182	26.983
565	25.326	26.954
566	25.479	26.881
567	25.66	26.855
568	25.86	26.833
569	26.069	26.773
570	26.314	26.795
571	26.566	26.794
572	26.829	26.746
573	27.142	26.761
574	27.442	26.74
575	27.756	26.723
576	28.063	26.682
577	28.373	26.633
578	28.717	26.63
579	29.052	26.592
580	29.405	26.602
581	29.778	26.606
582	30.143	26.587
583	30.51	26.622
584	30.888	26.586
585	31.261	26.571
586	31.634	26.551
587	31.987	26.546
588	32.344	26.538
589	32.693	26.54
590	33.033	26.559
591	33.358	26.544
592	33.673	26.579
593	33.986	26.649
594	34.331	26.723
595	34.595	26.751
596	34.854	26.792
597	35.116	26.851
598	35.31	26.866
599	35.505	26.903
600	35.666	26.919
601	35.803	26.983
602	35.92	27.02
603	36.011	27.04
604	36.115	27.135
605	36.134	27.138
606	36.131	27.193
607	36.119	27.271
608	36.068	27.289
609	35.99	27.316
610	35.873	27.367
611	35.727	27.416
612	35.559	27.514
613	35.371	27.567
614	35.18	27.648
615	34.949	27.684
616	34.659	27.676
617	34.384	27.706
618	34.063	27.662
619	33.708	27.674
620	33.392	27.712
621	33.075	27.781
622	32.717	27.806
623	32.35	27.856
624	31.971	27.836
625	31.626	27.921
626	31.282	27.949
627	30.934	27.992
628	30.57	28.02
629	30.189	27.974
630	29.838	28.015
631	29.479	27.989
632	29.131	27.973
633	28.773	27.965
634	28.454	28.001
635	28.127	27.974
636	27.821	27.977
637	27.531	27.929
638	27.251	27.931
639	26.972	27.881
640	26.712	27.857
641	26.491	27.871
642	26.276	27.873
643	26.073	27.868
644	25.871	27.81
645	25.678	27.772
646	25.503	27.723
647	25.365	27.724
648	25.228	27.653
649	25.117	27.706
650	24.996	27.64
651	24.892	27.608
652	24.814	27.542
653	24.761	27.495
654	24.708	27.467
655	24.682	27.437
656	24.702	27.438
657	24.7	27.398
658	24.742	27.397
659	24.77	27.316
660	24.831	27.278
661	24.921	27.268
662	25.017	27.215
663	25.126	27.211
664	25.24	27.135
665	25.391	27.104
666	25.553	27.089
667	25.737	27.049
668	25.934	27.016
669	26.147	26.997
670	26.374	26.987
671	26.596	26.928
672	26.831	26.849
673	27.099	26.809
674	27.373	26.748
675	27.68	26.697
676	28.007	26.695
677	28.316	26.675
678	28.658	26.676
679	28.996	26.628
680	29.321	26.553
681	29.651	26.497
682	30.028	26.479
683	30.394	26.448
684	30.776	26.477
685	31.167	26.495
686	31.53	26.486
687	31.882	26.461
688	32.244	26.442
689	32.608	26.481
690	32.972	26.531
691	33.309	26.519
692	33.62	26.516
693	33.896	26.517
694	34.219	26.59
695	34.542	26.63
696	34.842	26.686
697	35.066	26.715
698	35.285	26.749
699	35.506	26.769
700	35.657	26.781
701	35.798	26.791
702	35.911	26.808
703	35.976	26.823
704	36.055	26.869
705	36.119	26.931
706	36.122	27.001
707	36.095	27.061
708	36.033	27.097
709	35.947	27.128
710	35.818	27.171
711	35.68	27.212
712	35.528	27.302
713	35.36	27.36
714	35.155	27.401
715	34.893	27.409
716	34.608	27.422
717	34.334	27.481
718	34.038	27.512
719	33.706	27.491
720	33.342	27.451
721	32.993	27.439
722	32.661	27.455
723	32.316	27.468
724	31.964	27.504
725	31.61	27.556
726	31.238	27.591
727	30.856	27.599
728	30.508	27.619
729	30.162	27.66
730	29.808	27.71
731	29.457	27.7
732	29.119	27.71
733	28.793	27.73
734	28.473	27.749
735	28.157	27.712
736	27.85	27.677
737	27.564	27.665
738	27.276	27.646
739	27.012	27.646
740	26.746	27.593
741	26.541	27.624
742	26.313	27.593
743	26.126	27.607
744	25.954	27.654
745	25.782	27.721
746	25.615	27.708
747	25.475	27.71
748	25.323	27.673
749	25.179	27.598
750	25.071	27.538
751	24.976	27.456
752	24.893	27.368
753	24.831	27.34
754	24.778	27.31
755	24.748	27.246
756	24.74	27.203
757	24.756	27.173
758	24.778	27.144
759	24.806	27.084
760	24.858	27.099
761	24.936	27.101
762	25.001	27.05
763	25.086	26.991
764	25.208	26.997
765	25.343	26.966
766	25.484	26.937
767	25.657	26.909
768	25.836	26.854
769	26.032	26.784
770	26.246	26.689
771	26.498	26.668
772	26.738	26.629
773	27.01	26.595
774	27.304	26.595
775	27.622	26.612
776	27.953	26.691
777	28.329	26.782
778	28.649	26.777
779	28.988	26.75
780	29.327	26.71
781	29.689	26.708
782	30.031	26.671
783	30.385	26.612
784	30.762	26.628
785	31.146	26.591
786	31.513	26.554
787	31.933	26.598
788	32.33	26.664
789	32.673	26.591
790	33.057	26.642
791	33.395	26.623
792	33.697	26.623
793	34.029	26.678
794	34.347	26.756
795	34.629	26.79
796	34.886	26.839
797	35.153	26.916
798	35.388	26.983
799	35.594	27.082
800	35.706	27.051
801	35.837	27.02
802	35.906	26.994
803	36.016	27.022
804	36.069	27.006
805	36.138	27.081
806	36.137	27.117
807	36.12	27.189
808	36.102	27.321
809	36.047	27.403
810	35.945	27.52
811	35.818	27.605
812	35.616	27.607
813	35.418	27.594
814	35.206	27.664
815	34.954	27.696
816	34.669	27.709
817	34.447	27.823
818	34.143	27.844
819	33.789	27.833
820	33.47	27.866
821	33.127	27.894
822	32.752	27.85
823	32.361	27.818
824	32.003	27.776
825	31.669	27.845
826	31.29	27.837
827	30.92	27.842
828	30.521	27.817
829	30.15	27.838
830	29.786	27.846
831	29.446	27.863
832	29.089	27.84
833	28.738	27.784
834	28.391	27.718
835	28.071	27.651
836	27.751	27.623
837	27.436	27.594
838	27.161	27.62
839	26.889	27.604
840	26.64	27.598
841	26.419	27.622
842	26.172	27.517
843	25.957	27.469
844	25.768	27.406
845	25.583	27.378
846	25.433	27.349
847	25.296	27.36
848	25.19	27.39
849	25.055	27.312
850	24.953	27.265
851	24.865	27.238
852	24.782	27.206
853	24.752	27.219
854	24.723	27.208
855	24.706	27.186
856	24.677	27.144
857	24.698	27.113
858	24.729	27.107
859	24.776	27.087
860	24.833	27.041
861	24.925	27.024
862	25.037	27.041
863	25.138	26.944
864	25.279	26.951
865	25.417	26.877
866	25.591	26.87
867	25.77	26.882
868	25.98	26.879
869	26.17	26.844
870	26.401	26.814
871	26.624	26.752
872	26.885	26.739
873	27.123	26.694
874	27.413	26.692
875	27.71	26.673
876	28.037	26.67
877	28.387	26.67
878	28.708	26.638
879	29.054	26.641
880	29.398	26.636
881	29.778	26.622
882	30.133	26.616
883	30.494	26.583
884	30.86	26.582
885	31.218	26.596
886	31.562	26.601
887	31.943	26.59
888	32.295	26.582
889	32.67	26.613
890	33.03	26.64
891	33.343	26.613
892	33.668	26.621
893	33.981	26.648
894	34.333	26.708
895	34.587	26.75
896	34.853	26.821
897	35.053	26.817
898	35.301	26.86
899	35.511	26.925
900	35.646	26.956
901	35.781	26.973
902	35.86	26.978
903	35.958	27.02
904	36.02	27.053
905	36.076	27.118
906	36.079	27.153
907	36.064	27.218
908	35.996	27.272
909	35.912	27.296
910	35.775	27.295
911	35.642	27.311
912	35.472	27.33
913	35.308	27.424
914	35.065	27.409
915	34.803	27.418
916	34.558	27.514
917	34.257	27.482
918	33.948	27.493
919	33.627	27.501
920	33.326	27.508
921	32.98	27.49
922	32.697	27.579
923	32.35	27.586
924	31.989	27.584
925	31.686	27.659
926	31.323	27.708
927	30.976	27.773
928	30.633	27.821
929	30.298	27.888
930	29.915	27.849
931	29.547	27.833
932	29.203	27.804
933	28.86	27.81
934	28.538	27.834
935	28.245	27.868
936	27.935	27.887
937	27.638	27.868
938	27.353	27.853
939	27.086	27.861
940	26.826	27.852
941	26.579	27.778
942	26.365	27.803
943	26.153	27.785
944	25.95	27.794
945	25.759	27.746
946	25.587	27.717
947	25.404	27.605
948	25.265	27.593
949	25.132	27.571
950	24.992	27.481
951	24.897	27.428
952	24.822	27.377
953	24.723	27.255
954	24.677	27.22
955	24.654	27.189
956	24.647	27.19
957	24.645	27.171
958	24.676	27.112
959	24.707	27.049
960	24.766	27.04
961	24.843	26.973
962	24.916	26.955
963	25.022	26.939
964	25.145	26.892
965	25.303	26.895
966	25.469	26.867
967	25.655	26.88
968	25.85	26.83
969	26.069	26.789
970	26.3	26.782
971	26.563	26.777
972	26.831	26.805
973	27.105	26.786
974	27.4	26.769
975	27.688	26.736
976	28.013	26.746
977	28.348	26.804
978	28.715	26.855
979	29.058	26.859
980	29.415	26.88
981	29.773	26.864
982	30.145	26.847
983	30.532	26.867
984	30.908	26.888
985	31.275	26.867
986	31.659	26.887
987	32.041	26.875
988	32.391	26.804
989	32.754	26.825
990	33.083	26.804
991	33.404	26.807
992	33.715	26.782
993	34.008	26.827
994	34.293	26.868
995	34.576	26.902
996	34.812	26.916
997	35.022	26.923
998	35.23	26.936
999	35.389	26.925
1000	35.575	26.974
1001	35.696	27.018
1002	35.79	26.951
1003	35.864	26.979
1004	35.904	26.953
1005	35.909	26.976
1006	35.942	27.036
1007	35.927	27.063
1008	35.846	27.097
1009	35.756	27.133
1010	35.642	27.15
1011	35.494	27.169
1012	35.348	27.239
1013	35.153	27.318
1014	34.955	27.398
1015	34.751	27.475
1016	34.52	27.538
1017	34.254	27.557
1018	33.981	27.597
1019	33.663	27.586
1020	33.342	27.599
1021	33.019	27.599
1022	32.706	27.618
1023	32.348	27.642
1024	32.035	27.698
1025	31.683	27.745
1026	31.313	27.699
1027	30.967	27.726
1028	30.62	27.72
1029	30.27	27.733
1030	29.942	27.731
1031	29.613	27.756
1032	29.261	27.774
1033	28.922	27.758
1034	28.605	27.776
1035	28.286	27.757
1036	27.99	27.772
1037	27.687	27.771
1038	27.402	27.732
1039	27.122	27.64
1040	26.866	27.64
1041	26.617	27.619
1042	26.411	27.671
1043	26.195	27.651
1044	25.998	27.637
1045	25.809	27.593
1046	25.623	27.578
1047	25.438	27.51
1048	25.312	27.474
1049	25.189	27.515
1050	25.075	27.466
1051	24.991	27.503
1052	24.911	27.486
1053	24.835	27.453
1054	24.776	27.406
1055	24.738	27.34
1056	24.696	27.302
1057	24.693	27.285
1058	24.722	27.263
1059	24.744	27.179
1060	24.782	27.162
1061	24.838	27.133
1062	24.931	27.102
1063	25.053	27.122
1064	25.174	27.084
1065	25.319	27.042
1066	25.471	26.983
1067	25.615	26.904
1068	25.801	26.853
1069	26.019	26.854
1070	26.239	26.834
1071	26.488	26.812
1072	26.78	26.827
1073	27.026	26.806
1074	27.297	26.739
1075	27.601	26.719
1076	27.914	26.66
1077	28.215	26.619
1078	28.538	26.587
1079	28.885	26.583
1080	29.238	26.594
1081	29.595	26.516
1082	29.968	26.486
1083	30.343	26.498
1084	30.742	26.5
1085	31.125	26.477
1086	31.483	26.427
1087	31.85	26.417
1088	32.23	26.407
1089	32.583	26.432
1090	32.925	26.403
1091	33.312	26.507
1092	33.684	26.586
1093	34.035	26.623
1094	34.336	26.614
1095	34.627	26.636
1096	34.905	26.688
1097	35.113	26.686
1098	35.368	26.729
1099	35.583	26.745
1100	35.798	26.817
1101	35.948	26.867
1102	36.064	26.887
1103	36.181	26.928
1104	36.245	26.949
1105	36.267	26.973
1106	36.269	27.031
1107	36.245	27.072
1108	36.179	27.087
1109	36.108	27.208
1110	35.986	27.27
1111	35.857	27.357
1112	35.677	27.38
1113	35.467	27.415
1114	35.25	27.448
1115	35	27.526
1116	34.692	27.465
1117	34.373	27.409
1118	34.053	27.454
1119	33.714	27.472
1120	33.383	27.535
1121	33.036	27.56
1122	32.737	27.665
1123	32.387	27.687
1124	31.997	27.704
1125	31.601	27.711
1126	31.233	27.716
1127	30.886	27.813
1128	30.529	27.853
1129	30.168	27.888
1130	29.819	27.903
1131	29.461	27.942
1132	29.111	27.95
1133	28.782	27.945
1134	28.437	27.881
1135	28.136	27.858
1136	27.846	27.846
1137	27.556	27.836
1138	27.273	27.847
1139	27.034	27.873
1140	26.771	27.862
1141	26.533	27.848
1142	26.333	27.902
1143	26.114	27.849
1144	25.924	27.838
1145	25.742	27.784
1146	25.579	27.751
1147	25.415	27.696
1148	25.264	27.668
1149	25.156	27.632
1150	25.052	27.574
1151	24.961	27.57
1152	24.89	27.491
1153	24.822	27.427
1154	24.793	27.434
1155	24.769	27.457
1156	24.77	27.422
1157	24.777	27.404
1158	24.794	27.355
1159	24.832	27.311
1160	24.886	27.283
1161	24.958	27.243
1162	25.042	27.179
1163	25.152	27.142
1164	25.254	27.086
1165	25.407	27.049
1166	25.568	27.058
1167	25.715	26.958
1168	25.901	26.935
1169	26.108	26.914
1170	26.353	26.974
1171	26.572	26.905
1172	26.818	26.843
1173	27.111	26.884
1174	27.392	26.872
1175	27.683	26.872
1176	27.991	26.82
1177	28.313	26.81
1178	28.658	26.813
1179	28.977	26.745
1180	29.31	26.656
1181	29.653	26.629
1182	30.015	26.598
1183	30.391	26.625
1184	30.756	26.616
1185	31.147	26.648
1186	31.512	26.658
1187	31.898	26.713
1188	32.263	26.723
1189	32.621	26.71
1190	32.979	26.73
1191	33.317	26.738
1192	33.644	26.767
1193	33.972	26.798
1194	34.247	26.78
1195	34.498	26.711
1196	34.774	26.742
1197	34.99	26.784
1198	35.226	26.806
1199	35.406	26.783
1200	35.593	26.795
1201	35.748	26.85
1202	35.872	26.9
1203	35.961	26.958
1204	36.002	26.953
1205	36.041	27.036
1206	36.064	27.074
1207	36.047	27.112
1208	35.985	27.129
1209	35.933	27.25
1210	35.819	27.294
1211	35.691	27.338
1212	35.523	27.34
1213	35.325	27.355
1214	35.113	27.384
1215	34.862	27.424
1216	34.6	27.445
1217	34.325	27.48
1218	34.056	27.513
1219	33.787	27.633
1220	33.469	27.68
1221	33.142	27.746
1222	32.824	27.784
1223	32.444	27.749
1224	32.078	27.792
1225	31.713	27.812
1226	31.346	27.803
1227	30.955	27.767
1228	30.597	27.784
1229	30.253	27.827
1230	29.905	27.806
1231	29.56	27.839
1232	29.235	27.877
1233	28.901	27.9
1234	28.542	27.805
1235	28.225	27.805
1236	27.918	27.774
1237	27.625	27.801
1238	27.339	27.797
1239	27.072	27.803
1240	26.816	27.75
1241	26.56	27.754
1242	26.332	27.729
1243	26.091	27.676
1244	25.874	27.591
1245	25.685	27.563
1246	25.521	27.559
1247	25.354	27.529
1248	25.212	27.494
1249	25.101	27.481
1250	24.982	27.439
1251	24.885	27.438
1252	24.829	27.459
1253	24.746	27.366
1254	24.708	27.351
1255	24.679	27.313
1256	24.663	27.275
1257	24.657	27.256
1258	24.683	27.206
1259	24.752	27.231
1260	24.811	27.188
1261	24.875	27.158
1262	24.966	27.101
1263	25.103	27.121
1264	25.225	27.124
1265	25.393	27.155
1266	25.568	27.088
1267	25.728	27.041
1268	25.925	27.009
1269	26.166	27.034
1270	26.396	27.009
1271	26.63	26.942
1272	26.877	26.867
1273	27.158	26.823
1274	27.455	26.807
1275	27.766	26.787
1276	28.076	26.727
1277	28.399	26.695
1278	28.747	26.709
1279	29.083	26.703
1280	29.419	26.704
1281	29.791	26.684
1282	30.136	26.612
1283	30.47	26.607
1284	30.81	26.566
1285	31.172	26.612
1286	31.554	26.654
1287	31.901	26.645
1288	32.235	26.596
1289	32.571	26.565
1290	32.881	26.512
1291	33.201	26.504
1292	33.545	26.542
1293	33.873	26.613
1294	34.126	26.566
1295	34.412	26.584
1296	34.699	26.682
1297	34.963	26.744
1298	35.156	26.778
1299	35.342	26.831
1300	35.506	26.892
1301	35.663	26.971
1302	35.751	26.985
1303	35.86	27.039
1304	35.949	27.133
1305	36.015	27.183
1306	36.007	27.202
1307	36.026	27.278
1308	36.003	27.321
1309	35.936	27.365
1310	35.813	27.357
1311	35.672	27.358
1312	35.54	27.436
1313	35.34	27.469
1314	35.168	27.528
1315	34.957	27.607
1316	34.697	27.708
1317	34.444	27.779
1318	34.138	27.756
1319	33.813	27.828
1320	33.481	27.848
1321	33.135	27.804
1322	32.795	27.835
1323	32.462	27.884
1324	32.101	27.87
1325	31.733	27.851
1326	31.392	27.92
1327	31.078	28.01
1328	30.706	28.012
1329	30.336	27.959
1330	29.977	27.972
1331	29.627	28.007
1332	29.271	28.057
1333	28.913	28.032
1334	28.574	28.037
1335	28.268	28.039
1336	27.951	28.049
1337	27.638	27.99
1338	27.364	28.001
1339	27.081	27.999
1340	26.819	27.995
1341	26.567	27.94
1342	26.333	27.919
1343	26.095	27.881
1344	25.899	27.847
1345	25.72	27.873
1346	25.564	27.901
1347	25.407	27.892
1348	25.28	27.924
1349	25.154	27.903
1350	25.035	27.849
1351	24.924	27.767
1352	24.838	27.697
1353	24.786	27.68
1354	24.717	27.602
1355	24.67	27.492
1356	24.651	27.455
1357	24.653	27.375
1358	24.686	27.392
1359	24.724	27.334
1360	24.773	27.25
1361	24.861	27.227
1362	24.952	27.22
1363	25.059	27.183
1364	25.187	27.142
1365	25.323	27.071
1366	25.511	27.073
1367	25.675	26.984
1368	25.9	26.98
1369	26.109	26.949
1370	26.334	26.883
1371	26.56	26.818
1372	26.812	26.754
1373	27.062	26.671
1374	27.344	26.65
1375	27.659	26.658
1376	27.976	26.654
1377	28.261	26.594
1378	28.574	26.54
1379	28.936	26.557
1380	29.297	26.569
1381	29.652	26.547
1382	30.01	26.516
1383	30.371	26.49
1384	30.777	26.542
1385	31.164	26.571
1386	31.507	26.568
1387	31.886	26.553
1388	32.237	26.542
1389	32.581	26.529
1390	32.906	26.524
1391	33.242	26.545
1392	33.586	26.597
1393	33.871	26.594
1394	34.194	26.616
1395	34.478	26.632
1396	34.712	26.631
1397	34.98	26.702
1398	35.203	26.759
1399	35.398	26.77
1400	35.552	26.811
1401	35.705	26.869
1402	35.871	26.915
1403	35.988	26.987
1404	36.042	27.008
1405	36.084	27.105
1406	36.101	27.15
1407	36.08	27.199
1408	36.04	27.205
1409	35.922	27.211
1410	35.811	27.275
1411	35.706	27.286
1412	35.537	27.345
1413	35.357	27.38
1414	35.151	27.41
1415	34.96	27.498
1416	34.699	27.512
1417	34.416	27.52
1418	34.145	27.611
1419	33.831	27.649
1420	33.49	27.689
1421	33.169	27.735
1422	32.806	27.721
1423	32.449	27.714
1424	32.107	27.795
1425	31.765	27.832
1426	31.379	27.745
1427	31.002	27.782
1428	30.635	27.802
1429	30.271	27.838
1430	29.891	27.755
1431	29.538	27.769
1432	29.198	27.794
1433	28.879	27.854
1434	28.546	27.836
1435	28.207	27.775
1436	27.9	27.795
1437	27.623	27.807
1438	27.347	27.865
1439	27.076	27.856
1440	26.815	27.848
1441	26.563	27.802
1442	26.331	27.834
1443	26.119	27.776
1444	25.924	27.78
1445	25.735	27.752
1446	25.574	27.756
1447	25.409	27.73
1448	25.289	27.747
1449	25.136	27.676
1450	25.044	27.695
1451	24.964	27.722
1452	24.879	27.685
1453	24.81	27.635
1454	24.779	27.605
1455	24.766	27.629
1456	24.734	27.537
1457	24.737	27.505
1458	24.763	27.467
1459	24.807	27.466
1460	24.875	27.494
1461	24.938	27.428
1462	25.007	27.356
1463	25.103	27.237
1464	25.219	27.208
1465	25.351	27.135
1466	25.498	27.129
1467	25.68	27.088
1468	25.865	27.076
1469	26.061	27.008
1470	26.302	26.992
1471	26.531	26.93
1472	26.791	26.875
1473	27.04	26.811
1474	27.342	26.793
1475	27.613	26.709
1476	27.92	26.691
1477	28.251	26.653
1478	28.585	26.628
1479	28.935	26.611
1480	29.288	26.596
1481	29.667	26.611
1482	30.025	26.592
1483	30.385	26.587
1484	30.765	26.582
1485	31.131	26.537
1486	31.523	26.612
1487	31.898	26.635
1488	32.265	26.659
1489	32.638	26.682
1490	32.993	26.692
1491	33.355	26.686
1492	33.683	26.707
1493	33.999	26.713
1494	34.309	26.725
1495	34.59	26.758
1496	34.865	26.813
1497	35.1	26.897
1498	35.333	26.948
1499	35.533	26.976
1500	35.701	26.995
1501	35.842	27.021
1502	35.967	27.076
1503	36.049	27.12
1504	36.069	27.144
1505	36.101	27.177
1506	36.142	27.282
1507	36.132	27.359
1508	36.063	27.387
1509	35.927	27.387
1510	35.815	27.423