1	35.883	26.776
2	35.786	26.797
3	35.604	26.785
4	35.418	26.766
5	35.234	26.803
6	35.017	26.851
7	34.797	26.874
8	34.501	26.885
9	34.236	26.931
10	33.953	26.984
11	33.671	27.033
12	33.325	27.073
13	32.994	27.079
14	32.668	27.118
15	32.325	27.111
16	31.975	27.126
17	31.626	27.159
18	31.268	27.144
19	30.912	27.177
20	30.569	27.209
21	30.202	27.191
22	29.84	27.188
23	29.497	27.199
24	29.163	27.195
25	28.867	27.234
26	28.572	27.317
27	28.273	27.347
28	27.971	27.302
29	27.697	27.346
30	27.43	27.339
31	27.156	27.296
32	26.899	27.293
33	26.67	27.273
34	26.44	27.21
35	26.214	27.185
36	25.999	27.105
37	25.788	26.998
38	25.615	26.956
39	25.455	26.938
40	25.299	26.884
41	25.171	26.879
42	25.048	26.811
43	24.952	26.815
44	24.889	26.838
45	24.824	26.801
46	24.774	26.804
47	24.732	26.764
48	24.709	26.744
49	24.712	26.771
50	24.699	26.714
51	24.715	26.616
52	24.747	26.545
53	24.816	26.527
54	24.897	26.506
55	24.995	26.462
56	25.122	26.421
57	25.26	26.44
58	25.403	26.434
59	25.579	26.437
60	25.767	26.387
61	25.95	26.374
62	26.201	26.446
63	26.435	26.455
64	26.686	26.416
65	26.977	26.462
66	27.248	26.461
67	27.555	26.493
68	27.886	26.506
69	28.188	26.434
70	28.527	26.442
71	28.898	26.461
72	29.249	26.463
73	29.607	26.451
74	29.96	26.395
75	30.338	26.39
76	30.704	26.369
77	31.085	26.387
78	31.488	26.464
79	31.876	26.462
80	32.225	26.439
81	32.604	26.475
82	32.921	26.402
83	33.301	26.445
84	33.635	26.502
85	33.977	26.57
86	34.334	26.647
87	34.612	26.614
88	34.879	26.627
89	35.136	26.673
90	35.38	26.689
91	35.589	26.688
92	35.754	26.68
93	35.864	26.656
94	35.988	26.658
95	36.081	26.655
96	36.108	26.633
97	36.142	26.645
98	36.134	26.66
99	36.093	26.69
100	36.038	26.735
101	35.947	26.78
102	35.828	26.83
103	35.657	26.794
104	35.474	26.798
105	35.3	26.87
106	35.058	26.842
107	34.837	26.907
108	34.579	26.922
109	34.322	26.981
110	34.022	26.968
111	33.683	26.944
112	33.335	26.913
113	33.025	26.957
114	32.681	27.013
115	32.307	27.024
116	31.953	27.067
117	31.599	27.095
118	31.251	27.118
119	30.899	27.158
120	30.548	27.183
121	30.198	27.205
122	29.845	27.212
123	29.509	27.221
124	29.175	27.224
125	28.853	27.222
126	28.534	27.221
127	28.227	27.182
128	27.926	27.158
129	27.635	27.149
130	27.376	27.155
131	27.121	27.155
132	26.882	27.141
133	26.65	27.155
134	26.4	27.054
135	26.19	27.081
136	25.995	27.086
137	25.824	27.136
138	25.648	27.143
139	25.491	27.08
140	25.353	27.071
141	25.227	27.012
142	25.121	27.007
143	25.018	26.983
144	24.925	26.946
145	24.857	26.922
146	24.788	26.857
147	24.763	26.836
148	24.745	26.813
149	24.751	26.783
150	24.765	26.747
151	24.789	26.685
152	24.856	26.704
153	24.92	26.722
154	24.991	26.704
155	25.061	26.674
156	25.175	26.665
157	25.304	26.641
158	25.433	26.565
159	25.609	26.567
160	25.791	26.52
161	25.993	26.484
162	26.211	26.464
163	26.443	26.406
164	26.692	26.382
165	26.94	26.31
166	27.21	26.269
167	27.506	26.235
168	27.797	26.205
169	28.119	26.21
170	28.421	26.15
171	28.782	26.179
172	29.102	26.159
173	29.463	26.122
174	29.803	26.101
175	30.162	26.115
176	30.55	26.156
177	30.894	26.13
178	31.276	26.134
179	31.65	26.135
180	32.065	26.167
181	32.422	26.185
182	32.773	26.208
183	33.131	26.2
184	33.466	26.204
185	33.802	26.201
186	34.117	26.225
187	34.422	26.239
188	34.693	26.284
189	34.955	26.306
190	35.225	26.369
191	35.468	26.417
192	35.668	26.472
193	35.851	26.491
194	35.979	26.53
195	36.118	26.584
196	36.194	26.593
197	36.276	26.627
198	36.274	26.642
199	36.274	26.676
200	36.236	26.687
201	36.13	26.666
202	36.046	26.714
203	35.914	26.775
204	35.754	26.779
205	35.533	26.76
206	35.309	26.805
207	35.107	26.862
208	34.844	26.926
209	34.549	26.929
210	34.229	26.973
211	33.898	26.995
212	33.551	26.97
213	33.193	26.945
214	32.831	26.969
215	32.467	26.987
216	32.083	27
217	31.711	26.99
218	31.344	27.006
219	30.981	26.992
220	30.619	27.034
221	30.264	27.082
222	29.908	27.112
223	29.568	27.144
224	29.227	27.167
225	28.899	27.191
226	28.58	27.22
227	28.262	27.216
228	27.937	27.112
229	27.647	27.112
230	27.375	27.137
231	27.098	27.105
232	26.829	27.059
233	26.605	27.055
234	26.394	27.073
235	26.191	27.052
236	25.999	27.041
237	25.835	27.112
238	25.651	27.107
239	25.495	27.074
240	25.356	27.063
241	25.232	27.049
242	25.093	26.99
243	24.987	26.99
244	24.902	27.01
245	24.837	26.973
246	24.79	27.001
247	24.752	26.958
248	24.736	26.954
249	24.75	26.98
250	24.778	26.994
251	24.817	26.98
252	24.856	26.957
253	24.917	26.944
254	25.005	26.952
255	25.091	26.893
256	25.222	26.875
257	25.355	26.863
258	25.476	26.801
259	25.639	26.763
260	25.822	26.749
261	26.021	26.701
262	26.225	26.615
263	26.484	26.571
264	26.731	26.522
265	26.989	26.502
266	27.293	26.522
267	27.613	26.53
268	27.913	26.506
269	28.215	26.413
270	28.53	26.365
271	28.865	26.287
272	29.213	26.284
273	29.572	26.284
274	29.92	26.222
275	30.261	26.157
276	30.649	26.146
277	31.018	26.118
278	31.411	26.14
279	31.804	26.19
280	32.17	26.207
281	32.537	26.217
282	32.884	26.201
283	33.25	26.23
284	33.564	26.192
285	33.886	26.221
286	34.194	26.254
287	34.491	26.272
288	34.744	26.313
289	34.977	26.349
290	35.228	26.368
291	35.381	26.314
292	35.557	26.344
293	35.717	26.396
294	35.898	26.482
295	35.982	26.51
296	36.043	26.521
297	36.078	26.53
298	36.08	26.561
299	36.052	26.561
300	36.009	26.599
301	35.922	26.701
302	35.849	26.749
303	35.706	26.794
304	35.523	26.762
305	35.335	26.751
306	35.099	26.735
307	34.863	26.759
308	34.618	26.792
309	34.362	26.876
310	34.072	26.892
311	33.768	26.941
312	33.441	26.954
313	33.117	26.983
314	32.792	27.024
315	32.42	27.033
316	32.078	27.089
317	31.722	27.097
318	31.377	27.077
319	30.994	27.058
320	30.65	27.091
321	30.3	27.129
322	29.966	27.163
323	29.61	27.115
324	29.261	27.107
325	28.921	27.096
326	28.587	27.035
327	28.255	26.996
328	27.945	26.993
329	27.655	27.012
330	27.382	27.078
331	27.155	27.132
332	26.909	27.127
333	26.662	27.106
334	26.429	27.076
335	26.216	27.063
336	26.008	27.018
337	25.819	27.024
338	25.679	27.043
339	25.519	27.007
340	25.383	26.995
341	25.254	26.953
342	25.13	26.942
343	25.033	26.908
344	24.952	26.907
345	24.89	26.877
346	24.826	26.821
347	24.781	26.784
348	24.769	26.806
349	24.761	26.781
350	24.78	26.77
351	24.805	26.728
352	24.859	26.735
353	24.925	26.663
354	24.983	26.611
355	25.073	26.558
356	25.167	26.502
357	25.291	26.491
358	25.438	26.493
359	25.601	26.493
360	25.784	26.501
361	25.977	26.457
362	26.193	26.421
363	26.4	26.378
364	26.647	26.339
365	26.909	26.341
366	27.195	26.354
367	27.485	26.327
368	27.784	26.293
369	28.106	26.28
370	28.44	26.274
371	28.812	26.347
372	29.157	26.335
373	29.507	26.322
374	29.881	26.349
375	30.235	26.302
376	30.616	26.312
377	30.976	26.29
378	31.36	26.321
379	31.769	26.365
380	32.155	26.38
381	32.519	26.39
382	32.876	26.382
383	33.234	26.396
384	33.579	26.406
385	33.904	26.379
386	34.233	26.444
387	34.507	26.396
388	34.766	26.364
389	35.032	26.416
390	35.258	26.405
391	35.487	26.472
392	35.72	26.52
393	35.917	26.609
394	36.024	26.597
395	36.108	26.63
396	36.156	26.608
397	36.206	26.702
398	36.218	26.698
399	36.185	26.734
400	36.155	26.797
401	36.042	26.797
402	35.947	26.846
403	35.81	26.887
404	35.637	26.922
405	35.401	26.909
406	35.209	27.002
407	34.966	27.033
408	34.681	27.007
409	34.414	27.015
410	34.08	26.998
411	33.786	27.023
412	33.473	27.109
413	33.175	27.214
414	32.806	27.188
415	32.459	27.222
416	32.077	27.178
417	31.683	27.153
418	31.281	27.127
419	30.932	27.195
420	30.581	27.23
421	30.218	27.208
422	29.86	27.138
423	29.528	27.194
424	29.197	27.168
425	28.86	27.189
426	28.556	27.186
427	28.245	27.183
428	27.94	27.158
429	27.655	27.113
430	27.405	27.129
431	27.13	27.06
432	26.879	27.049
433	26.651	27.081
434	26.424	27.09
435	26.233	27.109
436	26.017	27.06
437	25.822	27.014
438	25.629	26.934
439	25.49	26.968
440	25.335	26.918
441	25.202	26.891
442	25.091	26.889
443	24.996	26.861
444	24.916	26.797
445	24.828	26.721
446	24.771	26.701
447	24.731	26.666
448	24.723	26.665
449	24.729	26.673
450	24.751	26.644
451	24.786	26.659
452	24.821	26.616
453	24.896	26.625
454	24.956	26.579
455	25.045	26.548
456	25.158	26.53
457	25.305	26.501
458	25.459	26.479
459	25.614	26.43
460	25.804	26.418
461	26.005	26.385
462	26.228	26.367
463	26.459	26.352
464	26.712	26.354
465	26.994	26.366
466	27.304	26.391
467	27.59	26.387
468	27.91	26.392
469	28.226	26.373
470	28.603	26.437
471	28.934	26.436
472	29.297	26.458
473	29.636	26.408
474	30.004	26.412
475	30.354	26.391
476	30.721	26.363
477	31.102	26.381
478	31.463	26.356
479	31.863	26.394
480	32.239	26.372
481	32.603	26.372
482	32.941	26.374
483	33.3	26.381
484	33.626	26.391
485	33.937	26.405
486	34.233	26.44
487	34.539	26.46
488	34.813	26.477
489	35.066	26.485
490	35.306	26.514
491	35.446	26.468
492	35.626	26.448
493	35.793	26.489
494	35.924	26.522
495	35.995	26.475
496	36.086	26.509
497	36.106	26.532
498	36.112	26.546
499	36.12	26.609
500	36.099	26.645
501	36.023	26.683
502	35.918	26.694
503	35.781	26.737
504	35.605	26.75
505	35.397	26.824
506	35.154	26.816
507	34.89	26.844
508	34.581	26.824
509	34.287	26.848
510	33.967	26.869
511	33.693	26.925
512	33.369	26.977
513	33.031	26.975
514	32.68	26.953
515	32.313	26.937
516	31.967	26.958
517	31.611	26.985
518	31.224	26.976
519	30.852	26.958
520	30.472	26.966
521	30.121	26.956
522	29.781	26.949
523	29.443	26.952
524	29.066	26.907
525	28.725	26.897
526	28.42	26.917
527	28.112	26.921
528	27.814	26.899
529	27.539	26.899
530	27.294	26.886
531	27.072	26.944
532	26.85	26.935
533	26.639	26.953
534	26.445	26.97
535	26.246	26.935
536	26.034	26.89
537	25.842	26.831
538	25.685	26.84
539	25.529	26.846
540	25.391	26.867
541	25.277	26.861
542	25.172	26.872
543	25.08	26.832
544	25.009	26.827
545	24.959	26.826
546	24.914	26.829
547	24.9	26.866
548	24.871	26.821
549	24.871	26.802
550	24.901	26.845
551	24.921	26.824
552	24.947	26.786
553	25.006	26.766
554	25.073	26.719
555	25.142	26.647
556	25.227	26.582
557	25.348	26.558
558	25.488	26.557
559	25.639	26.528
560	25.827	26.552
561	26.02	26.523
562	26.244	26.526
563	26.467	26.484
564	26.707	26.453
565	26.969	26.458
566	27.248	26.461
567	27.535	26.439
568	27.844	26.45
569	28.157	26.459
570	28.463	26.454
571	28.792	26.415
572	29.11	26.365
573	29.444	26.352
574	29.823	26.322
575	30.174	26.26
576	30.572	26.293
577	30.97	26.322
578	31.355	26.348
579	31.731	26.371
580	32.106	26.408
581	32.493	26.474
582	32.858	26.479
583	33.204	26.469
584	33.548	26.505
585	33.879	26.496
586	34.185	26.485
587	34.471	26.494
588	34.723	26.509
589	35.01	26.559
590	35.234	26.502
591	35.41	26.508
592	35.622	26.54
593	35.767	26.547
594	35.882	26.529
595	35.988	26.504
596	36.058	26.524
597	36.129	26.588
598	36.166	26.627
599	36.132	26.644
600	36.081	26.686
601	36.002	26.695
602	35.889	26.702
603	35.732	26.68
604	35.552	26.669
605	35.371	26.678
606	35.137	26.651
607	34.9	26.667
608	34.649	26.701
609	34.382	26.72
610	34.094	26.762
611	33.79	26.822
612	33.476	26.851
613	33.164	26.861
614	32.775	26.841
615	32.46	26.904
616	32.15	26.996
617	31.778	26.985
618	31.42	27.006
619	31.047	27.046
620	30.716	27.136
621	30.358	27.171
622	29.978	27.105
623	29.613	27.125
624	29.278	27.154
625	28.947	27.138
626	28.591	27.086
627	28.263	27.067
628	28.004	27.155
629	27.736	27.184
630	27.466	27.215
631	27.199	27.184
632	26.948	27.216
633	26.707	27.199
634	26.472	27.161
635	26.251	27.134
636	26.053	27.12
637	25.861	27.111
638	25.689	27.115
639	25.553	27.111
640	25.409	27.109
641	25.254	27.006
642	25.132	26.995
643	25.024	26.948
644	24.975	26.958
645	24.901	26.92
646	24.851	26.883
647	24.818	26.893
648	24.811	26.882
649	24.803	26.865
650	24.812	26.844
651	24.85	26.853
652	24.929	26.886
653	24.946	26.763
654	25.009	26.734
655	25.101	26.695
656	25.217	26.715
657	25.338	26.667
658	25.482	26.621
659	25.637	26.561
660	25.834	26.539
661	26.032	26.505
662	26.237	26.498
663	26.457	26.488
664	26.696	26.45
665	26.939	26.396
666	27.255	26.447
667	27.556	26.446
668	27.858	26.421
669	28.156	26.367
670	28.478	26.346
671	28.816	26.34
672	29.172	26.321
673	29.541	26.314
674	29.914	26.297
675	30.314	26.334
676	30.686	26.305
677	31.037	26.279
678	31.448	26.313
679	31.801	26.296
680	32.146	26.261
681	32.535	26.281
682	32.889	26.289
683	33.246	26.346
684	33.605	26.39
685	33.896	26.38
686	34.197	26.384
687	34.544	26.447
688	34.805	26.456
689	35.042	26.495
690	35.275	26.523
691	35.429	26.512
692	35.612	26.54
693	35.769	26.589
694	35.898	26.645
695	35.993	26.654
696	36.033	26.663
697	36.047	26.65
698	36.047	26.694
699	36.025	26.736
700	35.933	26.767
701	35.852	26.77
702	35.727	26.753
703	35.549	26.748
704	35.426	26.808
705	35.265	26.886
706	35.028	26.854
707	34.791	26.87
708	34.529	26.846
709	34.234	26.835
710	33.944	26.852
711	33.65	26.883
712	33.292	26.833
713	32.982	26.856
714	32.67	26.919
715	32.31	26.91
716	31.968	26.925
717	31.608	26.921
718	31.272	26.955
719	30.921	26.984
720	30.567	26.971
721	30.246	27.015
722	29.919	27.048
723	29.57	27.016
724	29.224	26.963
725	28.902	26.902
726	28.576	26.925
727	28.283	26.975
728	28.002	26.973
729	27.737	27.008
730	27.457	26.997
731	27.194	27.012
732	26.952	27.016
733	26.712	27.039
734	26.515	27.118
735	26.305	27.129
736	26.107	27.1
737	25.928	27.116
738	25.756	27.119
739	25.597	27.081
740	25.475	27.132
741	25.336	27.071
742	25.216	27.044
743	25.095	26.974
744	24.994	26.908
745	24.928	26.925
746	24.862	26.883
747	24.82	26.876
748	24.793	26.846
749	24.785	26.848
750	24.796	26.857
751	24.829	26.86
752	24.859	26.808
753	24.909	26.8
754	24.962	26.749
755	25.052	26.689
756	25.165	26.718
757	25.287	26.688
758	25.438	26.674
759	25.585	26.614
760	25.769	26.599
761	25.961	26.587
762	26.172	26.535
763	26.394	26.475
764	26.641	26.431
765	26.884	26.363
766	27.178	26.362
767	27.464	26.313
768	27.789	26.327
769	28.105	26.33
770	28.442	26.313
771	28.793	26.306
772	29.144	26.28
773	29.514	26.287
774	29.898	26.314
775	30.27	26.302
776	30.645	26.303
777	31.04	26.309
778	31.432	26.329
779	31.814	26.315
780	32.169	26.307
781	32.524	26.255
782	32.903	26.317
783	33.253	26.318
784	33.57	26.273
785	33.894	26.278
786	34.204	26.302
787	34.509	26.346
788	34.789	26.371
789	35.048	26.434
790	35.306	26.506
791	35.505	26.536
792	35.703	26.589
793	35.846	26.595
794	35.979	26.622
795	36.043	26.603
796	36.11	26.631
797	36.149	26.691
798	36.156	26.72
799	36.129	26.75
800	36.038	26.745
801	35.969	26.805
802	35.844	26.831
803	35.715	26.859
804	35.552	26.892
805	35.372	26.966
806	35.17	27.015
807	34.908	26.982
808	34.659	27.019
809	34.398	27.086
810	34.08	27.127
811	33.781	27.125
812	33.447	27.142
813	33.126	27.165
814	32.803	27.193
815	32.413	27.133
816	32.063	27.146
817	31.705	27.188
818	31.349	27.235
819	30.996	27.247
820	30.649	27.29
821	30.299	27.3
822	29.946	27.29
823	29.606	27.285
824	29.242	27.22
825	28.923	27.25
826	28.601	27.248
827	28.287	27.259
828	27.977	27.244
829	27.678	27.226
830	27.422	27.281
831	27.178	27.297
832	26.92	27.287
833	26.694	27.331
834	26.464	27.294
835	26.263	27.246
836	26.07	27.322
837	25.877	27.275
838	25.709	27.283
839	25.534	27.229
840	25.404	27.244
841	25.283	27.236
842	25.173	27.216
843	25.079	27.186
844	25	27.184
845	24.936	27.179
846	24.867	27.16
847	24.849	27.195
848	24.829	27.166
849	24.851	27.206
850	24.867	27.188
851	24.882	27.105
852	24.929	27.087
853	24.985	27.066
854	25.065	27.045
855	25.129	26.922
856	25.195	26.806
857	25.31	26.785
858	25.438	26.701
859	25.605	26.707
860	25.792	26.712
861	25.98	26.659
862	26.195	26.632
863	26.414	26.618
864	26.651	26.582
865	26.933	26.599
866	27.191	26.549
867	27.482	26.521
868	27.783	26.524
869	28.104	26.505
870	28.427	26.46
871	28.772	26.435
872	29.091	26.358
873	29.472	26.423
874	29.828	26.412
875	30.179	26.41
876	30.552	26.41
877	30.931	26.409
878	31.317	26.412
879	31.695	26.439
880	32.107	26.484
881	32.509	26.546
882	32.872	26.502
883	33.223	26.52
884	33.573	26.507
885	33.92	26.572
886	34.229	26.556
887	34.537	26.601
888	34.833	26.614
889	35.104	26.639
890	35.311	26.615
891	35.538	26.662
892	35.705	26.648
893	35.905	26.689
894	36.004	26.662
895	36.121	26.707
896	36.239	26.777
897	36.291	26.826
898	36.235	26.767
899	36.209	26.789
900	36.171	26.781
901	36.082	26.816
902	35.959	26.831
903	35.852	26.887
904	35.675	26.895
905	35.48	26.919
906	35.236	26.905
907	35.022	27.008
908	34.742	27.007
909	34.43	27.034
910	34.107	26.993
911	33.774	26.993
912	33.448	26.999
913	33.104	27.015
914	32.75	27.049
915	32.397	27.081
916	32.03	27.087
917	31.678	27.119
918	31.283	27.092
919	30.918	27.1
920	30.57	27.164
921	30.204	27.127
922	29.855	27.119
923	29.534	27.172
924	29.191	27.162
925	28.853	27.174
926	28.518	27.143
927	28.213	27.156
928	27.887	27.134
929	27.598	27.11
930	27.321	27.115
931	27.072	27.138
932	26.802	27.069
933	26.581	27.091
934	26.362	27.097
935	26.147	27.081
936	25.964	27.086
937	25.77	27.06
938	25.598	27.04
939	25.445	26.992
940	25.297	26.954
941	25.171	26.94
942	25.066	26.946
943	24.967	26.923
944	24.891	26.948
945	24.828	26.891
946	24.767	26.893
947	24.729	26.864
948	24.707	26.828
949	24.713	26.814
950	24.743	26.803
951	24.8	26.813
952	24.848	26.762
953	24.92	26.738
954	25.006	26.725
955	25.107	26.689
956	25.225	26.677
957	25.372	26.662
958	25.497	26.611
959	25.666	26.564
960	25.857	26.556
961	26.054	26.538
962	26.285	26.56
963	26.512	26.533
964	26.783	26.594
965	27.044	26.568
966	27.33	26.549
967	27.618	26.536
968	27.93	26.531
969	28.284	26.557
970	28.6	26.528
971	28.935	26.488
972	29.277	26.488
973	29.616	26.471
974	29.965	26.431
975	30.327	26.413
976	30.686	26.399
977	31.065	26.403
978	31.435	26.397
979	31.803	26.413
980	32.162	26.419
981	32.524	26.401
982	32.913	26.461
983	33.287	26.488
984	33.634	26.508
985	33.95	26.513
986	34.229	26.478
987	34.511	26.45
988	34.827	26.512
989	35.043	26.465
990	35.273	26.502
991	35.448	26.519
992	35.607	26.527
993	35.791	26.595
994	35.886	26.572
995	35.974	26.583
996	36.05	26.634
997	36.105	26.662
998	36.141	26.7
999	36.128	26.759
1000	36.072	26.768
1001	36.004	26.791
1002	35.878	26.858
1003	35.756	26.955
1004	35.626	27.015
1005	35.407	27.022
1006	35.186	27.055
1007	34.908	27.055
1008	34.64	27.058
1009	34.36	27.097
1010	34.044	27.076
1011	33.778	27.193
1012	33.431	27.21
1013	33.04	27.153
1014	32.68	27.173
1015	32.33	27.171
1016	32.015	27.219
1017	31.673	27.245
1018	31.293	27.221
1019	30.937	27.239
1020	30.581	27.242
1021	30.206	27.19
1022	29.855	27.194
1023	29.485	27.161
1024	29.162	27.23
1025	28.865	27.289
1026	28.551	27.298
1027	28.255	27.288
1028	27.941	27.224
1029	27.629	27.183
1030	27.362	27.165
1031	27.099	27.156
1032	26.854	27.157
1033	26.619	27.148
1034	26.402	27.119
1035	26.225	27.177
1036	26.038	27.12
1037	25.877	27.178
1038	25.731	27.213
1039	25.58	27.17
1040	25.444	27.166
1041	25.304	27.128
1042	25.185	27.112
1043	25.084	27.14
1044	24.975	27.092
1045	24.908	27.082
1046	24.863	27.114
1047	24.82	27.078
1048	24.822	27.1
1049	24.802	27.017
1050	24.776	26.918
1051	24.799	26.897
1052	24.832	26.839
1053	24.885	26.793
1054	24.971	26.803
1055	25.053	26.771
1056	25.164	26.764
1057	25.276	26.708
1058	25.419	26.682
1059	25.561	26.638
1060	25.728	26.598
1061	25.895	26.585
1062	26.099	26.511
1063	26.325	26.491
1064	26.58	26.476
1065	26.828	26.421
1066	27.124	26.462
1067	27.41	26.398
1068	27.715	26.293
1069	28.056	26.311
1070	28.398	26.318
1071	28.757	26.309
1072	29.111	26.304
1073	29.448	26.23
1074	29.819	26.228
1075	30.241	26.303
1076	30.616	26.282
1077	31.007	26.298
1078	31.403	26.305
1079	31.806	26.32
1080	32.207	26.358
1081	32.557	26.35
1082	32.936	26.349
1083	33.308	26.38
1084	33.695	26.443
1085	34.02	26.446
1086	34.341	26.437
1087	34.629	26.452
1088	34.926	26.476
1089	35.171	26.48
1090	35.417	26.514
1091	35.632	26.522
1092	35.827	26.55
1093	35.981	26.615
1094	36.096	26.618
1095	36.211	26.693
1096	36.249	26.708
1097	36.257	26.746
1098	36.278	26.814
1099	36.252	26.847
1100	36.125	26.815
1101	36.037	26.873
1102	35.892	26.881
1103	35.769	26.954
1104	35.556	26.945
1105	35.362	26.966
1106	35.147	27.004
1107	34.901	27.061
1108	34.625	27.072
1109	34.296	27.035
1110	33.987	27.062
1111	33.678	27.084
1112	33.369	27.105
1113	32.993	27.127
1114	32.661	27.18
1115	32.337	27.234
1116	31.954	27.199
1117	31.596	27.212
1118	31.238	27.206
1119	30.888	27.232
1120	30.513	27.177
1121	30.151	27.16
1122	29.835	27.208
1123	29.497	27.21
1124	29.158	27.172
1125	28.852	27.195
1126	28.529	27.148
1127	28.242	27.165
1128	27.921	27.125
1129	27.634	27.105
1130	27.365	27.105
1131	27.113	27.074
1132	26.873	27.06
1133	26.633	27.06
1134	26.427	27.093
1135	26.244	27.1
1136	26.053	27.114
1137	25.872	27.081
1138	25.713	27.031
1139	25.562	27.018
1140	25.397	27.007
1141	25.251	26.982
1142	25.123	26.944
1143	25.019	26.928
1144	24.959	26.956
1145	24.881	26.94
1146	24.838	26.943
1147	24.784	26.837
1148	24.748	26.783
1149	24.747	26.789
1150	24.754	26.755
1151	24.789	26.777
1152	24.852	26.784
1153	24.923	26.758
1154	24.993	26.739
1155	25.101	26.788
1156	25.238	26.811
1157	25.359	26.777
1158	25.514	26.745
1159	25.673	26.716
1160	25.832	26.638
1161	26.027	26.592
1162	26.224	26.552
1163	26.483	26.601
1164	26.721	26.582
1165	26.985	26.509
1166	27.284	26.511
1167	27.577	26.495
1168	27.895	26.507
1169	28.193	26.437
1170	28.529	26.426
1171	28.873	26.408
1172	29.233	26.428
1173	29.599	26.46
1174	29.961	26.44
1175	30.32	26.414
1176	30.713	26.423
1177	31.061	26.393
1178	31.418	26.388
1179	31.803	26.421
1180	32.141	26.353
1181	32.479	26.344
1182	32.843	26.353
1183	33.194	26.376
1184	33.544	26.399
1185	33.869	26.45
1186	34.142	26.452
1187	34.431	26.5
1188	34.657	26.46
1189	34.924	26.507
1190	35.159	26.565
1191	35.363	26.562
1192	35.56	26.618
1193	35.7	26.644
1194	35.816	26.67
1195	35.905	26.66
1196	35.962	26.672
1197	36.014	26.747
1198	36.047	26.77
1199	36.028	26.828
1200	35.976	26.894
1201	35.904	26.956
1202	35.803	26.981
1203	35.692	27.035
1204	35.54	27.029
1205	35.356	27.02
1206	35.133	27.041
1207	34.907	27.082
1208	34.644	27.101
1209	34.35	27.109
1210	34.065	27.121
1211	33.784	27.157
1212	33.478	27.191
1213	33.161	27.221
1214	32.815	27.207
1215	32.463	27.212
1216	32.106	27.23
1217	31.767	27.256
1218	31.421	27.288
1219	31.061	27.268
1220	30.692	27.293
1221	30.352	27.311
1222	29.989	27.269
1223	29.641	27.285
1224	29.32	27.327
1225	29.032	27.392
1226	28.682	27.303
1227	28.37	27.325
1228	28.082	27.318
1229	27.768	27.274
1230	27.496	27.319
1231	27.233	27.309
1232	26.979	27.35
1233	26.738	27.347
1234	26.523	27.4
1235	26.291	27.332
1236	26.111	27.341
1237	25.931	27.344
1238	25.742	27.322
1239	25.581	27.303
1240	25.434	27.282
1241	25.298	27.249
1242	25.152	27.221
1243	25.045	27.16
1244	24.965	27.182
1245	24.907	27.168
1246	24.844	27.154
1247	24.813	27.153
1248	24.79	27.142
1249	24.769	27.058
1250	24.762	26.988
1251	24.782	27.004
1252	24.81	26.951
1253	24.852	26.919
1254	24.94	26.916
1255	25.031	26.878
1256	25.155	26.862
1257	25.277	26.78
1258	25.421	26.77
1259	25.582	26.694
1260	25.768	26.704
1261	25.955	26.66
1262	26.146	26.594
1263	26.386	26.551
1264	26.647	26.534
1265	26.934	26.544
1266	27.204	26.548
1267	27.528	26.548
1268	27.83	26.506
1269	28.148	26.499
1270	28.491	26.484
1271	28.839	26.456
1272	29.19	26.429
1273	29.548	26.385
1274	29.913	26.391
1275	30.259	26.348
1276	30.627	26.318
1277	31.013	26.341
1278	31.385	26.327
1279	31.76	26.34
1280	32.137	26.361
1281	32.487	26.35
1282	32.853	26.36
1283	33.211	26.339
1284	33.533	26.318
1285	33.869	26.345
1286	34.159	26.338
1287	34.465	26.362
1288	34.74	26.391
1289	34.966	26.396
1290	35.178	26.397
1291	35.418	26.463
1292	35.598	26.493
1293	35.764	26.558
1294	35.907	26.569
1295	35.996	26.599
1296	36.055	26.621
1297	36.068	26.633
1298	36.092	26.683
1299	36.073	26.732
1300	36.024	26.764
1301	35.958	26.771
1302	35.85	26.78
1303	35.687	26.768
1304	35.541	26.793
1305	35.334	26.756
1306	35.116	26.794
1307	34.875	26.817
1308	34.615	26.853
1309	34.351	26.912
1310	34.065	26.956
1311	33.778	27.016
1312	33.509	27.104
1313	33.183	27.139
1314	32.838	27.164
1315	32.487	27.196
1316	32.123	27.19
1317	31.758	27.179
1318	31.411	27.169
1319	31.041	27.166
1320	30.679	27.192
1321	30.334	27.233
1322	30.001	27.243
1323	29.645	27.253
1324	29.313	27.211
1325	28.986	27.186
1326	28.647	27.165
1327	28.331	27.15
1328	28.024	27.152
1329	27.753	27.177
1330	27.495	27.285
1331	27.198	27.254
1332	26.948	27.264
1333	26.707	27.29
1334	26.483	27.28
1335	26.266	27.26
1336	26.064	27.214
1337	25.847	27.148
1338	25.664	27.098
1339	25.513	27.096
1340	25.365	27.067
1341	25.23	27.012
1342	25.111	27.034
1343	25.02	27.068
1344	24.924	27.028
1345	24.842	27.01
1346	24.788	26.965
1347	24.743	26.957
1348	24.719	26.917
1349	24.713	26.933
1350	24.739	26.951
1351	24.789	26.978
1352	24.817	26.945
1353	24.906	26.953
1354	24.955	26.872
1355	25.039	26.76
1356	25.181	26.727
1357	25.313	26.697
1358	25.461	26.644
1359	25.619	26.602
1360	25.798	26.572
1361	25.981	26.534
1362	26.195	26.493
1363	26.436	26.5
1364	26.662	26.408
1365	26.921	26.366
1366	27.204	26.354
1367	27.504	26.313
1368	27.791	26.243
1369	28.126	26.279
1370	28.479	26.25
1371	28.822	26.256
1372	29.174	26.244
1373	29.565	26.281
1374	29.948	26.274
1375	30.316	26.249
1376	30.681	26.268
1377	31.116	26.333
1378	31.494	26.354
1379	31.881	26.38
1380	32.234	26.366
1381	32.612	26.457
1382	32.948	26.44
1383	33.278	26.41
1384	33.616	26.429
1385	33.902	26.405
1386	34.218	26.425
1387	34.521	26.465
1388	34.823	26.532
1389	35.115	26.622
1390	35.355	26.657
1391	35.541	26.654
1392	35.722	26.664
1393	35.872	26.675
1394	35.969	26.667
1395	36.063	26.707
1396	36.147	26.792
1397	36.191	26.811
1398	36.151	26.785
1399	36.1	26.788
1400	36.06	26.883
1401	35.969	26.888
1402	35.812	26.861
1403	35.654	26.884
1404	35.477	26.917
1405	35.31	27.027
1406	35.051	26.948
1407	34.853	27.031
1408	34.602	27.06
1409	34.324	27.079
1410	34.07	27.14
1411	33.766	27.209
1412	33.436	27.212
1413	33.087	27.188
1414	32.732	27.181
1415	32.377	27.188
1416	32.05	27.29
1417	31.692	27.306
1418	31.326	27.357
1419	30.954	27.371
1420	30.591	27.35
1421	30.194	27.24
1422	29.848	27.25
1423	29.506	27.275
1424	29.164	27.28
1425	28.82	27.216
1426	28.507	27.218
1427	28.202	27.23
1428	27.914	27.224
1429	27.635	27.225
1430	27.356	27.181
1431	27.113	27.197
1432	26.839	27.14
1433	26.59	27.128
1434	26.37	27.132
1435	26.167	27.179
1436	25.98	27.166
1437	25.805	27.167
1438	25.625	27.157
1439	25.459	27.126
1440	25.319	27.097
1441	25.182	27.004
1442	25.064	26.955
1443	24.977	26.911
1444	24.919	26.901
1445	24.848	26.902
1446	24.819	26.929
1447	24.802	26.95
1448	24.776	26.904
1449	24.768	26.833
1450	24.792	26.828
1451	24.817	26.78
1452	24.866	26.731
1453	24.923	26.685
1454	25.012	26.675
1455	25.111	26.642
1456	25.229	26.642
1457	25.364	26.627
1458	25.522	26.598
1459	25.692	26.575
1460	25.845	26.453
1461	26.032	26.405
1462	26.243	26.377
1463	26.451	26.312
1464	26.691	26.285
1465	26.946	26.3
1466	27.222	26.295
1467	27.517	26.309
1468	27.817	26.305
1469	28.134	26.287
1470	28.495	26.232
1471	28.831	26.22
1472	29.16	26.173
1473	29.535	26.187
1474	29.909	26.226
1475	30.268	26.219
1476	30.629	26.241
1477	30.973	26.227
1478	31.341	26.234
1479	31.702	26.211
1480	32.065	26.208
1481	32.427	26.214
1482	32.769	26.176
1483	33.111	26.184
1484	33.434	26.165
1485	33.778	26.209
1486	34.092	26.219
1487	34.379	26.213
1488	34.687	26.282
1489	34.969	26.333
1490	35.217	26.327
1491	35.404	26.32
1492	35.59	26.333
1493	35.748	26.334
1494	35.883	26.379
1495	35.963	26.498
1496	36.041	26.531
1497	36.088	26.579
1498	36.08	26.563
1499	36.073	26.578
1500	36.037	26.617
1501	35.959	26.62
1502	35.88	26.653
1503	35.762	26.672
1504	35.589	26.685
1505	35.404	26.717
1506	35.173	26.706
1507	34.934	26.774
1508	34.696	26.818
1509	34.435	26.864
1510	34.144	26.909
1511	33.805	26.902
1512	33.484	26.92
1513	33.134	26.888
1514	32.799	26.902
1515	32.465	26.993
1516	32.143	27.041
1517	31.781	27.058
1518	31.409	27.078
1519	31.034	27.06
1520	30.657	26.999
1521	30.31	27.063
1522	29.931	27.055
1523	29.601	27.107
1524	29.264	27.132
1525	28.917	27.144
1526	28.618	27.158
1527	28.311	27.193
1528	28.006	27.209
1529	27.727	27.232
1530	27.455	27.228
1531	27.18	27.219
1532	26.934	27.2
1533	26.696	27.209
1534	26.468	27.218
1535	26.261	27.196
1536	26.069	27.193
1537	25.883	27.199
1538	25.697	27.165
1539	25.513	27.126
1540	25.35	27.062
1541	25.217	27.037
1542	25.128	27.069
1543	25.027	27.014
1544	24.972	27.031
1545	24.925	27.055
1546	24.85	26.979
1547	24.828	26.923
1548	24.78	26.865
1549	24.781	26.883
1550	24.787	26.834
1551	24.817	26.831
1552	24.842	26.76
1553	24.888	26.737
1554	24.986	26.758
1555	25.062	26.736
1556	25.185	26.732
1557	25.328	26.73
1558	25.49	26.737
1559	25.638	26.656
1560	25.821	26.639
1561	26.032	26.647
1562	26.23	26.596
1563	26.494	26.636
1564	26.77	26.636
1565	27.053	26.607
1566	27.332	26.641
1567	27.58	26.587
1568	27.895	26.619
1569	28.185	26.559
1570	28.482	26.487
1571	28.835	26.461
1572	29.182	26.458
1573	29.559	26.45
1574	29.907	26.378
1575	30.29	26.391
1576	30.66	26.375
1577	31.06	26.417
1578	31.445	26.38
1579	31.777	26.338
1580	32.172	26.354
1581	32.544	26.348
1582	32.889	26.354
1583	33.24	26.365
1584	33.616	26.469
1585	33.932	26.469
1586	34.246	26.473
1587	34.566	26.528
1588	34.814	26.525
1589	35.065	26.544
1590	35.275	26.549
1591	35.479	26.551
1592	35.674	26.558
1593	35.835	26.587
1594	35.957	26.636
1595	36.069	26.695
1596	36.143	26.734
1597	36.184	26.768
1598	36.19	26.826
1599	36.173	26.886
1600	36.091	26.875
1601	36.001	26.882
1602	35.893	26.901
1603	35.741	26.938
1604	35.578	26.961
1605	35.378	27.002
1606	35.166	27.049
1607	34.919	27.068
1608	34.625	27.054
1609	34.294	27.02
1610	33.997	27.027
1611	33.674	27.064
1612	33.351	27.097
1613	33.028	27.108
1614	32.655	27.096
1615	32.3	27.121
1616	31.916	27.074
1617	31.567	27.099
1618	31.206	27.098
1619	30.865	27.103
1620	30.507	27.12
1621	30.158	27.121
1622	29.81	27.112
1623	29.492	27.122
1624	29.152	27.103
1625	28.849	27.093
1626	28.529	27.11
1627	28.22	27.118
1628	27.916	27.122
1629	27.638	27.12
1630	27.359	27.06
1631	27.1	27.079
1632	26.851	27.037
1633	26.62	27.012
1634	26.43	27.008
1635	26.215	27.02
1636	26.018	26.97
1637	25.828	26.921
1638	25.657	26.918
1639	25.528	26.93
1640	25.405	26.98
1641	25.29	26.98
1642	25.185	26.945
1643	25.088	26.902
1644	24.997	26.879
1645	24.937	26.849
1646	24.873	26.818
1647	24.839	26.81
1648	24.816	26.795
1649	24.798	26.778
1650	24.806	26.779
1651	24.837	26.753
1652	24.882	26.732
1653	24.968	26.731
1654	25.063	26.762
1655	25.162	26.749
1656	25.273	26.719
1657	25.414	26.729
1658	25.561	26.721
1659	25.709	26.719
1660	25.895	26.724
1661	26.103	26.745
1662	26.319	26.72
1663	26.538	26.667
1664	26.751	26.615
1665	27.006	26.579
1666	27.29	26.576
1667	27.597	26.618
1668	27.919	26.666
1669	28.238	26.64
1670	28.555	26.614
1671	28.926	26.64
1672	29.271	27.689
1673	29.605	28.091
1674	29.98	27.921
1675	30.338	27.932
1676	30.684	27.885
1677	31.048	27.843
1678	31.403	27.803
1679	31.746	27.725
1680	32.121	27.751
1681	32.449	27.694
1682	32.808	27.716
1683	33.144	27.717
1684	33.464	27.659
1685	33.756	27.596
1686	34.058	27.569
1687	34.342	27.574
1688	34.636	27.618
1689	34.914	27.668
1690	35.148	27.641
1691	35.349	27.655
1692	35.505	27.634
1693	35.625	27.615
1694	35.751	27.636
1695	35.868	27.686
1696	35.906	27.677
1697	35.929	26.646
1698	35.95	26.264
1699	35.935	26.398
1700	35.909	26.437
1701	35.867	26.51
1702	35.782	26.576
1703	35.664	26.635
1704	35.51	26.659
1705	35.306	26.623
1706	35.141	26.702
1707	34.903	26.695
1708	34.655	26.709
1709	34.418	26.771
1710	34.157	26.822
1711	33.856	26.878
1712	33.552	26.911
1713	33.249	26.99
1714	32.917	27.017
1715	32.572	27.097
1716	32.23	27.131
1717	31.863	27.127
1718	31.524	27.181
1719	31.161	27.202
1720	30.791	27.175
1721	30.434	27.197
1722	30.099	27.212
1723	29.741	27.206
1724	29.398	27.255
1725	29.055	27.237
1726	28.732	27.252
1727	28.387	27.202
1728	28.084	27.189
1729	27.779	27.171
1730	27.513	27.268
1731	27.247	27.294
1732	26.985	27.299
1733	26.719	27.255
1734	26.481	27.267
1735	26.283	27.284
1736	26.068	27.243
1737	25.896	27.306
1738	25.691	27.246
1739	25.531	27.235
1740	25.381	27.174
1741	25.246	27.144
1742	25.13	27.156
1743	25.018	27.085
1744	24.927	27.072
1745	24.856	27.065
1746	24.801	27.029
1747	24.746	26.969
1748	24.735	26.952
1749	24.735	26.943
1750	24.747	26.89
1751	24.775	26.847
1752	24.819	26.868
1753	24.876	26.85
1754	24.968	26.867
1755	25.052	26.768
1756	25.134	26.691
1757	25.268	26.675
1758	25.438	26.714
1759	25.601	26.679
1760	25.759	26.603
1761	25.948	26.557
1762	26.142	26.484
1763	26.377	26.448
1764	26.636	26.444
1765	26.894	26.408
1766	27.198	26.463
1767	27.503	26.506
1768	27.814	26.522
1769	28.123	26.468
1770	28.46	26.482
1771	28.787	26.436
1772	29.174	26.459
1773	29.584	26.421
1774	29.946	26.412
1775	30.324	26.435
1776	30.726	26.467
1777	31.118	26.433
1778	31.473	26.386
1779	31.823	26.35
1780	32.195	26.37
1781	32.619	26.422
1782	32.989	26.423
1783	33.332	26.409
1784	33.675	26.416
1785	33.999	26.472
1786	34.338	26.524
1787	34.637	26.519
1788	34.927	26.537
1789	35.174	26.539
1790	35.387	26.551
1791	35.545	26.49
1792	35.702	26.446
1793	35.835	26.44
1794	35.971	26.517
1795	36.045	26.518
1796	36.12	26.552
1797	36.129	26.585
1798	36.085	26.691
1799	36.04	26.648
1800	35.986	26.67
1801	35.845	26.63
1802	35.74	26.699
1803	35.611	26.735
1804	35.46	26.792
1805	35.275	26.848
1806	34.983	26.823
1807	34.702	26.801
1808	34.419	26.826
1809	34.133	26.851
1810	33.846	26.85
1811	33.528	26.871
1812	33.212	26.924
1813	32.87	26.935
1814	32.519	26.975
1815	32.186	27.003
1816	31.843	27.032
1817	31.487	26.988
1818	31.146	27.017
1819	30.805	27.004
1820	30.465	27.011
1821	30.136	27.054
1822	29.792	27.05
1823	29.439	26.997
1824	29.132	27.054
1825	28.786	27.045
1826	28.487	27.08
1827	28.189	27.054
1828	27.903	27.093
1829	27.64	27.101
1830	27.404	27.145
1831	27.18	27.159
1832	26.959	27.213
1833	26.774	27.275
1834	26.581	27.271
1835	26.38	27.294
1836	26.191	27.291
1837	26.01	27.263
1838	25.835	27.228
1839	25.687	27.184
1840	25.538	27.16
1841	25.412	27.139
1842	25.291	27.143
1843	25.175	27.108
1844	25.073	27.055
1845	25.01	27.053
1846	24.943	27.029
1847	24.907	27.022
1848	24.877	27.02
1849	24.863	26.995
1850	24.884	26.998
1851	24.886	26.944
1852	24.909	26.924
1853	24.988	26.925
1854	25.049	26.881
1855	25.102	26.818
1856	25.205	26.777
1857	25.328	26.737
1858	25.419	26.615
1859	25.545	26.6
1860	25.708	26.529
1861	25.897	26.505
1862	26.077	26.451
1863	26.307	26.443
1864	26.522	26.376
1865	26.796	26.369
1866	27.074	26.342
1867	27.374	26.343
1868	27.709	26.354
1869	28.043	26.378
1870	28.349	26.302
1871	28.694	26.292
1872	29.023	26.252
1873	29.381	26.214
1874	29.754	26.218
1875	30.143	26.212
1876	30.574	26.261
1877	30.978	26.267
1878	31.367	26.247
1879	31.744	26.231
1880	32.129	26.202
1881	32.505	26.231
1882	32.865	26.234
1883	33.253	26.27
1884	33.611	26.253
1885	33.946	26.296
1886	34.265	26.297
1887	34.579	26.311
1888	34.87	26.347
1889	35.158	26.404
1890	35.394	26.424
1891	35.608	26.466
1892	35.766	26.474
1893	35.907	26.487
1894	36.04	26.52
1895	36.142	26.557
1896	36.24	26.593
1897	36.271	26.604
1898	36.288	26.64
1899	36.247	26.673
1900	36.199	26.709
1901	36.075	26.691
1902	35.959	26.717
1903	35.773	26.739
1904	35.61	26.815
1905	35.406	26.815
1906	35.152	26.814
1907	34.909	26.856
1908	34.638	26.864
1909	34.339	26.874
1910	34.033	26.862
1911	33.723	26.905
1912	33.41	26.968
1913	33.083	27.013
1914	32.723	27.002
1915	32.375	27.015
1916	32.014	27.022
1917	31.677	27.064
1918	31.307	27.083
1919	30.944	27.098
1920	30.579	27.127
1921	30.199	27.117
1922	29.87	27.156
1923	29.507	27.125
1924	29.171	27.096
1925	28.836	27.08
1926	28.524	27.12
1927	28.221	27.12
1928	27.925	27.136
1929	27.661	27.149
1930	27.399	27.194
1931	27.16	27.22
1932	26.897	27.155
1933	26.675	27.161
1934	26.47	27.182
1935	26.265	27.192
1936	26.064	27.168
1937	25.881	27.123
1938	25.702	27.061
1939	25.546	27.087
1940	25.39	27.067
1941	25.281	27.11
1942	25.171	27.078
1943	25.075	27.053
1944	24.979	27.001
1945	24.906	26.964
1946	24.84	26.914
1947	24.81	26.883
1948	24.806	26.926
1949	24.808	26.925
1950	24.816	26.897
1951	24.856	26.867
1952	24.891	26.827
1953	24.959	26.795
1954	25.022	26.753
1955	25.108	26.698
1956	25.22	26.653
1957	25.355	26.645
1958	25.491	26.62
1959	25.642	26.552
1960	25.823	27.219
1961	26.018	27.199
1962	26.244	27.201
1963	26.472	27.227
1964	26.713	27.17
1965	26.977	27.136
1966	27.221	27.059
1967	27.508	27.047
1968	27.79	26.969
1969	28.114	26.979
1970	28.464	26.98
1971	28.834	27.013
1972	29.186	27.052
1973	29.528	27.004
1974	29.884	26.981
1975	30.242	26.946
1976	30.596	26.93
1977	30.968	26.949
1978	31.325	26.923
1979	31.715	26.934
1980	32.093	26.96
1981	32.438	26.95
1982	32.796	26.969
1983	33.172	27.039
1984	33.486	27.044
1985	33.808	26.354
1986	34.099	26.321
1987	34.375	26.333
1988	34.634	26.299
1989	34.91	26.339
1990	35.153	26.352
1991	35.383	26.381
1992	35.584	26.445
1993	35.769	26.498
1994	35.9	26.502
1995	36.005	26.555
1996	36.069	26.571
1997	36.1	26.584
1998	36.123	26.645
1999	36.095	26.671
2000	36.023	26.689
2001	35.954	26.732
2002	35.834	26.691
2003	35.712	26.725
2004	35.516	26.719
2005	35.359	26.778
2006	35.194	26.884
2007	34.983	26.944
2008	34.698	26.912
2009	34.445	26.972
2010	34.164	27.064
2011	33.886	27.155
2012	33.604	27.214
2013	33.255	27.249
2014	32.899	27.236
2015	32.546	27.285
2016	32.193	27.347
2017	31.814	27.292
2018	31.445	27.294
2019	31.084	27.334
2020	30.75	27.345
2021	30.388	27.363
2022	30.042	27.342
2023	29.69	27.32
2024	29.36	27.328
2025	29.055	27.382
2026	28.728	27.376
2027	28.454	27.452
2028	28.14	27.479
2029	27.838	27.434
2030	27.532	27.388
2031	27.234	27.305
2032	26.97	27.323
2033	26.72	27.316
2034	26.476	27.295
2035	26.26	27.227
2036	26.052	27.174
2037	25.858	27.136
2038	25.691	27.113
2039	25.545	27.135
2040	25.39	27.098
2041	25.243	27.016
2042	25.12	27.009
2043	25.026	27.02
2044	24.929	26.962
2045	24.838	26.931
2046	24.778	26.897
2047	24.734	26.905
2048	24.716	26.9
2049	24.712	26.871
2050	24.731	26.896
2051	24.76	26.874
2052	24.796	26.855
2053	24.869	26.821
2054	24.951	26.818
2055	25.045	26.793
2056	25.164	26.791
2057	25.304	26.732
2058	25.46	26.684
2059	25.644	26.639
2060	25.802	26.618
2061	25.981	26.596
2062	26.177	26.553
2063	26.421	26.555
2064	26.671	26.538
2065	26.944	26.535
2066	27.224	26.504
2067	27.529	26.487
2068	27.828	26.44
2069	28.156	26.421
2070	28.496	26.435
2071	28.823	26.425
2072	29.178	26.41
2073	29.539	26.396
2074	29.911	26.404
2075	30.238	26.315
2076	30.595	26.298
2077	30.944	26.28
2078	31.305	26.246
2079	31.689	26.307
2080	32.066	26.317
2081	32.401	26.275
2082	32.723	26.233
2083	33.073	26.267
2084	33.404	26.304
2085	33.742	26.337
2086	34.086	26.365
2087	34.378	26.387
2088	34.697	26.426
2089	34.951	26.449
2090	35.161	26.416
2091	35.387	26.425
2092	35.582	26.477
2093	35.778	26.596
2094	35.93	26.663
2095	36.03	26.644
2096	36.142	26.676
2097	36.19	26.694
2098	36.208	26.721
2099	36.178	26.719
2100	36.164	26.756
2101	36.103	26.763
2102	36.023	26.847
2103	35.888	26.862
2104	35.708	26.835
2105	35.545	26.915
2106	35.363	26.974
2107	35.14	27.077
2108	34.839	27.083
2109	34.582	27.188
2110	34.299	27.197
2111	33.949	27.208
2112	33.603	27.227
2113	33.207	27.199
2114	32.883	27.271
2115	32.538	27.355
2116	32.163	27.39
2117	31.785	27.381
2118	31.394	27.318
2119	31.016	27.329
2120	30.629	27.311
2121	30.267	27.319
2122	29.905	27.304
2123	29.53	27.318
2124	29.169	27.303
2125	28.819	27.282
2126	28.498	27.329
2127	28.168	27.251
2128	27.896	27.316
2129	27.618	27.333
2130	27.312	27.238
2131	27.048	27.296
2132	26.799	27.234
2133	26.575	27.261
2134	26.319	27.155
2135	26.112	27.152
2136	25.927	27.141
2137	25.752	27.104
2138	25.575	27.093
2139	25.407	27.008
2140	25.27	26.938
2141	25.151	26.927
2142	25.024	26.893
2143	24.953	26.929
2144	24.872	26.894
2145	24.82	26.938
2146	24.775	26.917
2147	24.747	26.917
2148	24.734	26.891
2149	24.749	26.903
2150	24.791	26.933
2151	24.833	26.954
2152	24.903	26.959
2153	24.97	26.936
2154	25.036	26.878
2155	25.14	26.92
2156	25.245	26.802
2157	25.37	26.783
2158	25.521	26.725
2159	25.698	26.716
2160	25.875	26.684
2161	26.092	26.677
2162	26.317	26.69
2163	26.569	26.713
2164	26.81	26.692
2165	27.067	26.694
2166	27.344	26.678
2167	27.655	26.673
2168	27.944	26.489
2169	28.263	26.486
2170	28.584	26.478
2171	28.916	26.452
2172	29.261	26.412
2173	29.628	26.396
2174	29.974	26.385
2175	30.33	26.378
2176	30.684	26.311
2177	31.032	26.305
2178	31.372	26.246
2179	31.747	26.251
2180	32.109	26.215
2181	32.473	26.23
2182	32.87	26.198
2183	33.2	26.214
2184	33.543	26.239
2185	33.862	26.25
2186	34.145	26.259
2187	34.417	26.284
2188	34.674	26.258
2189	34.925	26.285
2190	35.197	26.361
2191	35.393	26.349
2192	35.616	26.409
2193	35.753	26.566
2194	35.885	26.626
2195	35.984	26.597
2196	36.055	26.617
2197	36.071	26.602
2198	36.122	26.694
2199	36.104	26.757
2200	36.046	26.769
2201	35.962	26.801
2202	35.85	26.816
2203	35.712	26.864
2204	35.556	26.912
2205	35.35	26.916
2206	35.113	26.929
2207	34.863	27.031
2208	34.63	27.076
2209	34.345	27.089
2210	34.055	27.106
2211	33.749	27.096
2212	33.408	27.083
2213	33.06	27.093
2214	32.718	27.112
2215	32.336	27.065
2216	31.995	27.096
2217	31.604	27.107
2218	31.251	27.106
2219	30.886	27.057
2220	30.518	27.083
2221	30.16	27.097
2222	29.824	27.155
2223	29.451	27.087
2224	29.143	27.058
2225	28.832	27.049
2226	28.516	27.031
2227	28.206	27.012
2228	27.912	26.985
2229	27.632	26.98
2230	27.358	27
2231	27.126	27.032
2232	26.867	27.002
2233	26.629	26.984
2234	26.415	27.015
2235	26.195	26.975
2236	26.02	27.052
2237	25.876	27.059
2238	25.72	27.047
2239	25.583	27.051
2240	25.446	27.055
2241	25.308	27.018
2242	25.194	26.966
2243	25.096	26.943
2244	25.02	26.93
2245	24.957	26.9
2246	24.903	26.865
2247	24.858	26.803
2248	24.842	26.786
2249	24.847	26.8
2250	24.851	26.781
2251	24.876	26.772
2252	24.915	26.761
2253	24.972	26.738
2254	25.044	26.689
2255	25.018	26.69
2256	25.124	26.664
2257	25.247	26.641
2258	25.387	26.602
2259	25.542	26.542
2260	25.721	26.556
2261	25.899	26.465
2262	26.091	26.449
2263	26.315	26.404
2264	26.524	26.337
2265	26.783	26.313
2266	27.061	26.304
2267	27.339	26.29
2268	27.638	26.247
2269	27.948	26.216
2270	28.3	26.257
2271	28.642	26.271
2272	29.002	26.292
2273	29.352	26.283
2274	29.697	26.233
2275	30.058	26.246
2276	30.443	26.255
2277	30.79	26.176
2278	31.198	26.232
2279	31.588	26.249
2280	32.144	26.239
2281	32.514	26.234
2282	32.889	26.247
2283	33.255	26.246
2284	33.609	26.272
2285	33.957	26.288
2286	34.285	26.324
2287	34.591	26.322
2288	34.88	26.37
2289	35.141	26.404
2290	35.355	26.378
2291	35.585	26.432
2292	35.785	26.443
2293	35.95	26.493
2294	36.096	26.56
2295	36.186	26.547
2296	36.247	26.553
2297	36.32	26.624
2298	36.336	26.639
2299	36.306	26.656
2300	36.264	26.675
2301	36.166	26.683
2302	36.092	26.787
2303	35.928	26.792
2304	35.758	26.894
2305	35.546	26.885
2306	35.321	26.95
2307	35.057	26.947
2308	34.75	26.966
2309	34.481	27.032
2310	34.159	27.046
2311	33.832	27.05
2312	33.482	27.067
2313	33.123	27.104
2314	32.795	27.13
2315	32.45	27.189
2316	32.093	27.203
2317	31.739	27.234
2318	31.375	27.227
2319	30.988	27.234
2320	30.617	27.229
2321	30.281	27.317
2322	29.907	27.301
2323	29.583	27.398
2324	29.248	27.441
2325	28.93	27.501
2326	28.601	27.477
2327	28.286	27.475
2328	27.969	27.426
2329	27.666	27.359
2330	27.383	27.324
2331	27.121	27.309
2332	26.856	27.329
2333	26.647	27.35
2334	26.406	27.285
2335	26.202	27.29
2336	25.994	27.274
2337	25.822	27.285
2338	25.65	27.252
2339	25.5	27.249
2340	25.358	27.22
2341	25.223	27.182
2342	25.108	27.167
2343	25.002	27.177
2344	24.92	27.114
2345	24.847	27.082
2346	24.788	27.016
2347	24.747	27
2348	24.704	26.896
2349	24.68	26.821
2350	24.682	26.792
2351	24.712	26.797
2352	24.763	26.77
2353	24.824	26.751
2354	24.889	26.716
2355	25.001	26.734
2356	25.134	26.729
2357	25.283	26.684
2358	25.432	26.693
2359	25.596	26.67
2360	25.783	26.639
2361	25.998	26.661
2362	26.218	26.674
2363	26.468	26.66
2364	26.707	26.603
2365	26.982	26.598
2366	27.268	26.593
2367	27.544	26.558
2368	27.854	26.515
2369	28.187	26.524
2370	28.519	26.523
2371	28.864	26.514
2372	29.212	26.455
2373	29.578	26.442
2374	29.969	26.509
2375	30.33	26.448
2376	30.715	26.441
2377	31.087	26.434
2378	31.465	26.452
2379	31.865	26.446
2380	32.214	26.412
2381	32.442	26.35
2382	32.8	26.386
2383	33.141	26.364
2384	33.473	26.355
2385	33.768	26.321
2386	34.09	26.324
2387	34.363	26.261
2388	34.977	26.354
2389	35.235	26.389
2390	35.437	26.412
2391	35.605	26.413
2392	35.808	26.435
2393	35.954	26.446
2394	36.047	26.458
2395	36.194	26.53
2396	36.257	26.575
2397	36.285	26.651
2398	36.284	26.686
2399	36.289	26.734
2400	36.238	26.786
2401	36.138	26.786
2402	36.04	26.83
2403	35.886	26.852
2404	35.716	26.894
2405	35.52	26.942
2406	35.416	27.019
2407	35.153	27.024
2408	34.882	27.038
2409	34.613	27.102
2410	34.324	27.186
2411	33.972	27.185
2412	33.633	27.23
2413	32.961	27.166
2414	32.589	27.195
2415	32.24	27.211
2416	31.898	27.214
2417	31.528	27.226
2418	31.198	27.334
2419	30.859	27.368
2420	30.464	27.35
2421	30.078	27.26
2422	29.738	27.247
2423	29.393	27.259
2424	29.035	27.196
2425	28.734	27.239
2426	28.406	27.217
2427	28.088	27.178
2428	27.83	27.26
2429	27.532	27.232
2430	27.264	27.241
2431	27.032	27.288
2432	26.794	27.264
2433	26.566	27.245
2434	26.343	27.222
2435	26.168	27.221
2436	25.961	27.163
2437	25.796	27.151
2438	25.644	27.13
2439	25.516	27.123
2440	25.378	27.062
2441	25.285	27.134
2442	25.191	27.138
2443	25.075	27.056
2444	24.998	27.009
2445	24.937	26.993
2446	24.91	27.013
2447	24.876	26.991
2448	24.842	26.953
2449	24.831	26.936
2450	24.819	26.847
2451	24.84	26.851
2452	24.865	26.846
2453	24.86	26.79
2454	24.929	26.78
2455	25.007	26.738
2456	25.116	26.689
2457	25.244	26.69
2458	25.383	26.671
2459	25.534	26.605
2460	25.691	26.575
2461	25.889	26.554
2462	26.122	26.578
2463	26.34	26.585
2464	26.608	26.616
2465	26.858	26.592
2466	27.113	26.583
2467	27.394	26.563
2468	27.731	26.606
2469	28.051	26.594
2470	28.389	26.568
2471	28.721	26.549
2472	29.071	26.519
2473	29.458	26.518
2474	29.823	26.491
2475	30.177	26.46
2476	30.579	26.463
2477	31.012	26.52
2478	31.435	26.446
2479	31.84	26.433
2480	32.253	26.446
2481	32.57	26.395
2482	32.938	26.408
2483	33.318	26.481
2484	33.682	26.562
2485	33.995	26.519
2486	34.34	26.576
2487	34.585	26.51
2488	34.877	26.528
2489	35.098	26.488
2490	35.348	26.569
2491	35.536	26.505
2492	35.725	27.341
2493	35.841	27.318
2494	35.958	27.35
2495	36.047	27.389
2496	36.133	27.445
2497	36.172	27.487
2498	36.175	27.517
2499	36.163	27.575
2500	36.141	27.649
2501	36.045	27.691
2502	35.898	27.675
2503	35.778	27.77
2504	35.604	27.808
2505	35.386	27.854
2506	35.187	27.9
2507	34.999	27.959
2508	34.709	27.938
2509	34.398	27.783
2510	34.088	27.801
2511	33.772	27.848
2512	33.458	27.913
2513	33.131	27.971
2514	32.761	27.952
2515	32.415	27.972
2516	32.042	27.987
2517	31.684	27.176
2518	31.325	27.183
2519	30.969	27.228
2520	30.609	27.231
2521	30.23	27.212
2522	29.887	27.27
2523	29.519	27.235
2524	29.18	27.203
2525	28.853	27.189
2526	28.57	27.253
2527	28.264	27.243
2528	27.97	27.224
2529	27.688	27.243
2530	27.412	27.243
2531	27.154	27.21
2532	26.865	27.177
2533	26.626	27.154
2534	26.419	27.277
2535	26.227	27.326
2536	26.03	27.315
2537	25.835	27.257
2538	25.651	27.185
2539	25.535	27.258
2540	25.405	27.208
2541	25.298	27.206
2542	25.187	27.165
2543	25.084	27.131
2544	25.011	27.098
2545	24.939	27.065
2546	24.893	27.055
2547	24.847	26.977
2548	24.848	27.002
2549	24.831	26.995
2550	24.82	26.94
2551	24.847	26.917
2552	24.886	26.901
2553	24.93	26.861
2554	25.001	26.804
2555	25.105	26.781
2556	25.21	26.772
2557	25.342	26.779
2558	25.491	26.783
2559	25.652	26.736
2560	25.826	26.696
2561	26.014	26.638
2562	26.237	26.653
2563	26.467	26.642
2564	26.682	26.545
2565	26.937	26.552
2566	27.2	26.519
2567	27.504	26.541
2568	27.806	26.533
2569	28.1	26.48
2570	28.418	26.447
2571	28.757	26.446
2572	29.111	26.449
2573	29.459	26.413
2574	29.833	26.437
2575	30.212	26.454
2576	30.553	26.388
2577	30.96	26.429
2578	31.329	26.386
2579	31.71	26.407
2580	32.094	26.418
2581	32.474	26.425
2582	32.794	26.369
2583	33.148	26.357
2584	33.481	26.391
2585	33.819	26.409
2586	34.137	26.399
2587	34.436	26.414
2588	34.704	26.41
2589	34.971	26.453
2590	35.211	26.47
2591	35.464	26.574
2592	35.623	26.571
2593	35.783	26.592
2594	35.928	26.628
2595	36.045	26.656
2596	36.122	26.661
2597	36.133	26.671
2598	36.155	26.752
2599	36.119	26.713
2600	36.092	26.775
2601	36.01	26.792
2602	35.859	26.763
2603	35.773	26.902
2604	35.605	26.936
2605	35.392	26.943
2606	35.21	27.021
2607	34.971	27.01
2608	34.693	27.023
2609	34.422	27.047
2610	34.117	27.062
2611	33.798	27.102
2612	33.481	27.124
2613	33.156	27.157
2614	32.809	27.171
2615	32.479	27.224
2616	32.094	27.171
2617	31.73	27.173
2618	31.366	27.176
2619	30.999	27.187
2620	30.64	27.22
2621	30.291	27.252
2622	29.961	27.252
2623	29.632	27.267
2624	29.314	27.319
2625	28.977	27.286
2626	28.645	27.262
2627	28.316	27.209
2628	28.003	27.163
2629	27.711	27.163
2630	27.453	27.177
2631	27.159	27.119
2632	26.935	27.168
2633	26.708	27.189
2634	26.48	27.178
2635	26.251	27.166
2636	26.055	27.191
2637	25.875	27.195
2638	25.694	27.161
2639	25.533	27.115
2640	25.356	27.054
2641	25.233	27.038
2642	25.113	27.018
2643	25.015	27.001
2644	24.915	26.942
2645	24.85	26.922
2646	24.78	26.893
2647	24.74	26.896
2648	24.699	26.828
2649	24.684	26.797
2650	24.691	26.761
2651	24.731	26.777
2652	24.815	26.866
2653	24.875	26.818
2654	24.96	26.817
2655	25.044	26.792
2656	25.158	26.779
2657	25.284	26.76
2658	25.455	26.763
2659	25.639	26.769
2660	25.834	26.753
2661	26.035	26.705
2662	26.229	26.671
2663	26.467	26.664
2664	26.72	26.669
2665	26.991	26.635
2666	27.259	26.589
2667	27.561	26.568
2668	27.896	26.626
2669	28.232	26.652
2670	28.552	26.585
2671	28.888	26.541
2672	29.225	26.493
2673	29.564	26.444
2674	29.903	26.414
2675	30.279	26.421
2676	30.65	26.464
2677	30.967	26.404
2678	31.332	26.412
2679	31.705	26.432
2680	32.069	26.421
2681	32.434	26.418
2682	32.787	26.399
2683	33.094	26.363
2684	33.401	26.337
2685	33.715	26.346
2686	34.011	26.351
2687	34.348	26.369
2688	34.614	26.393
2689	34.874	26.424
2690	35.121	26.479
2691	35.342	26.519
2692	35.503	26.559
2693	35.627	26.515
2694	35.771	26.546
2695	35.924	26.657
2696	36.02	26.699
2697	36.125	26.816
2698	36.177	26.909
2699	36.231	26.975
2700	36.154	27.007
2701	36.08	26.98
2702	36.017	27.073
2703	35.902	27.109
2704	35.736	27.105
2705	35.57	27.143
2706	35.377	27.177
2707	35.14	27.222
2708	34.889	27.256
2709	34.613	27.29
2710	34.327	27.303
2711	34.019	27.308
2712	33.649	27.31
2713	33.354	27.382
2714	33	27.408
2715	32.629	27.426
2716	32.271	27.462
2717	31.92	27.479
2718	31.551	27.463
2719	31.173	27.485
2720	30.771	27.454
2721	30.416	27.486
2722	30.002	27.427
2723	29.643	27.46
2724	29.269	27.473
2725	28.958	27.461
2726	28.634	27.486
2727	28.302	27.395
2728	27.965	27.367
2729	27.671	27.357
2730	27.371	27.34
2731	27.083	27.329
2732	26.821	27.299
2733	26.572	27.263
2734	26.342	27.267
2735	26.118	27.249
2736	25.919	27.251
2737	25.739	27.248
2738	25.544	27.194
2739	25.388	27.159
2740	25.259	27.138
2741	25.128	27.111
2742	25.011	27.064
2743	24.919	27.076
2744	24.82	27.023
2745	24.748	26.985
2746	24.7	26.951
2747	24.691	26.947
2748	24.672	26.909
2749	24.672	26.851
2750	24.684	26.828
2751	24.712	26.802
2752	24.764	26.803
2753	24.847	26.811
2754	24.923	26.797
2755	25.026	26.777
2756	25.167	26.763
2757	25.305	26.737
2758	25.461	26.727
2759	25.635	26.7
2760	25.83	26.69
2761	26.042	26.686
2762	26.27	26.67
2763	26.505	26.63
2764	26.745	26.59
2765	27.002	26.554
2766	27.296	26.585
2767	27.574	26.554
2768	27.876	26.533
2769	28.217	26.547
2770	28.558	26.562
2771	28.888	26.535
2772	29.23	26.513
2773	29.589	26.479
2774	29.984	26.526
2775	30.357	26.546
2776	30.734	26.543
2777	31.108	26.529
2778	31.478	26.528
2779	31.878	26.525
2780	32.247	26.538
2781	32.578	26.492
2782	32.943	26.575
2783	33.161	26.585
2784	33.468	26.567
2785	33.787	26.591
2786	34.086	26.603
2787	34.358	26.628
2788	34.606	26.625
2789	34.862	26.668
2790	35.08	26.697
2791	35.257	26.629
2792	35.467	26.653
2793	35.619	26.683
2794	35.775	26.758
2795	35.887	26.783
2796	35.979	26.832
2797	36.045	26.854
2798	36.04	26.845
2799	35.986	26.822
2800	35.929	26.853
2801	35.85	26.859
2802	35.741	26.894
2803	35.6	26.847
2804	35.408	26.841
2805	35.256	26.901
2806	35.053	26.975
2807	34.835	26.997
2808	34.72	27.04
2809	34.454	27.04
2810	34.169	27.049
2811	33.87	27.071
2812	33.547	27.054
2813	33.22	27.082
2814	32.873	27.093
2815	32.545	27.08
2816	32.195	27.123
2817	31.849	27.162
2818	31.5	27.179
2819	31.109	27.116
2820	30.737	27.105
2821	30.362	27.123
2822	30.001	27.15
2823	29.674	27.207
2824	29.334	27.215
2825	29.013	27.213
2826	28.674	27.18
2827	28.359	27.162
2828	28.068	27.202
2829	27.776	27.227
2830	27.503	27.224
2831	27.228	27.199
2832	26.961	27.145
2833	26.716	27.128
2834	26.498	27.15
2835	26.289	27.197
2836	26.079	27.196
2837	25.895	27.181
2838	25.739	27.183
2839	25.6	27.172
2840	25.449	27.177
2841	25.339	27.211
2842	25.21	27.191
2843	25.095	27.152
2844	25.009	27.15
2845	24.934	27.134
2846	24.894	27.118
2847	24.851	27.08
2848	24.815	27.034
2849	24.793	26.971
2850	24.789	26.924
2851	24.83	26.941
2852	24.88	26.929
2853	24.946	26.946
2854	25.023	26.917
2855	25.089	26.854
2856	25.181	26.827
2857	25.314	26.804
2858	25.457	26.751
2859	25.607	26.744
2860	25.776	26.689
2861	25.976	26.652
2862	26.193	26.663
2863	26.433	26.701
2864	26.653	26.66
2865	26.913	26.65
2866	27.162	26.579
2867	27.46	26.567
2868	27.767	26.534
2869	28.084	26.518
2870	28.42	26.522
2871	28.74	26.465
2872	29.083	26.446
2873	29.448	26.43
2874	29.828	26.473
2875	30.188	26.449
2876	30.538	26.429
2877	30.917	26.443
2878	31.283	26.421
2879	31.689	26.435
2880	32.056	26.421
2881	32.459	26.445
2882	32.801	26.42
2883	33.149	26.435
2884	33.494	26.439
2885	33.827	26.425
2886	34.129	26.429
2887	34.429	26.439
2888	34.71	26.428
2889	34.98	26.459
2890	35.201	26.476
2891	35.432	26.545
2892	35.613	26.56
2893	35.771	26.598
2894	35.905	26.622
2895	35.988	26.639
2896	36.048	26.657
2897	36.106	26.704
2898	36.095	26.696
2899	36.082	26.712
2900	36.04	26.737
2901	35.961	26.767
2902	35.849	26.79
2903	35.714	26.855
2904	35.545	26.884
2905	35.348	26.886
2906	35.115	26.871
2907	34.89	26.912
2908	34.628	26.945
2909	34.366	26.971
2910	34.036	26.969
2911	33.735	26.99
2912	33.416	27.022
2913	33.061	27
2914	32.714	27.026
2915	32.387	27.048
2916	32.016	26.989
2917	31.678	27.014
2918	31.352	27.071
2919	30.993	27.069
2920	30.672	27.133
2921	30.327	27.174
2922	29.972	27.173
2923	29.652	27.21
2924	29.339	27.251
2925	29.003	27.289
2926	28.706	27.309
2927	28.384	27.272
2928	28.084	27.221
2929	27.777	27.202
2930	27.504	27.213
2931	27.25	27.243
2932	26.996	27.245
2933	26.749	27.245
2934	26.521	27.231
2935	26.308	27.203
2936	26.105	27.169
2937	25.91	27.137
2938	25.752	27.193
2939	25.597	27.205
2940	25.443	27.184
2941	25.316	27.218
2942	25.191	27.206
2943	25.086	27.184
2944	25.022	27.201
2945	24.938	27.162
2946	24.895	27.197
2947	24.839	27.184
2948	24.684	27.124
2949	24.644	27.041
2950	24.668	27.032
2951	24.681	26.993
2952	24.725	26.987
2953	24.782	26.981
2954	24.86	26.964
2955	24.951	26.944
2956	25.062	26.91
2957	25.192	26.928
2958	25.346	26.919
2959	25.503	26.894
2960	25.707	26.923
2961	25.906	26.947
2962	26.124	26.936
2963	26.336	26.867
2964	26.574	26.778
2965	26.837	26.763
2966	27.127	26.729
2967	27.414	26.694
2968	27.699	26.633
2969	27.987	26.579
2970	28.307	26.511
2971	28.668	26.506
2972	29.04	26.465
2973	29.559	26.509
2974	29.923	26.492
2975	30.321	26.501
2976	30.713	26.502
2977	31.103	26.488
2978	31.51	26.508
2979	31.896	26.509
2980	32.263	26.484
2981	32.617	26.457
2982	32.967	26.415
2983	33.319	26.392
2984	33.637	26.385
2985	33.951	26.388
2986	34.257	26.345
2987	34.535	26.363
2988	34.81	26.36
2989	35.025	26.428
2990	35.266	26.436
2991	35.451	26.45
2992	35.632	26.452
2993	35.78	26.46
2994	35.921	26.487
2995	36.042	26.534
2996	36.066	26.492
2997	36.103	26.538
2998	36.107	26.555
2999	36.095	26.599
3000	36.011	26.606
3001	35.924	26.632
3002	35.821	26.69
3003	35.648	26.703
3004	35.503	26.769
3005	35.329	26.825
3006	35.126	26.905
3007	34.862	26.906
3008	34.601	26.927
3009	34.337	26.931
3010	34.042	26.939
3011	33.71	26.971
3012	33.396	26.987
3013	33.062	27.019
3014	32.768	27.022
3015	32.402	27.022
3016	32.064	27.086
3017	31.704	27.099
3018	31.358	27.144
3019	30.976	27.12
3020	30.59	27.081
3021	30.243	27.104
3022	29.875	27.058
3023	29.538	27.058
3024	29.212	27.08
3025	28.878	27.057
3026	28.561	27.061
3027	28.247	27.051
3028	27.969	27.071
3029	27.662	26.992
3030	27.382	26.964
3031	27.114	26.913
3032	26.879	26.953
3033	26.652	26.967
3034	26.44	26.972
3035	26.231	26.975
3036	26.062	26.976
3037	25.902	26.968
3038	25.737	26.966
3039	25.584	26.971
3040	25.435	26.923
3041	25.299	26.853
3042	25.176	26.851
3043	25.053	26.792
3044	24.982	26.797
3045	24.926	26.805
3046	24.87	26.787
3047	24.855	26.875
3048	24.825	26.872
3049	24.811	26.839
3050	24.825	26.862
3051	24.852	26.857
3052	24.897	26.825
3053	24.934	26.779
3054	25.009	26.792
3055	25.089	26.767
3056	25.198	26.762
3057	25.337	26.723
3058	25.462	26.693
3059	25.613	26.665
3060	25.789	26.641
3061	26	26.678
3062	26.17	26.65
3063	26.404	26.63
3064	26.645	26.593
3065	26.917	26.629
3066	27.196	26.613
3067	27.505	26.602
3068	27.841	26.64
3069	28.153	26.638
3070	28.472	26.612
3071	28.83	26.609
3072	29.183	26.604
3073	29.561	26.614
3074	29.936	26.628
3075	30.308	26.609
3076	30.684	26.591
3077	31.083	26.654
3078	31.468	26.632
3079	31.835	26.596
3080	32.217	26.612
3081	32.58	26.63
3082	32.936	26.521
3083	33.287	26.542
3084	33.62	26.53
3085	33.942	26.531
3086	34.223	26.987
3087	34.533	26.967
3088	34.774	26.929
3089	35.023	26.94
3090	35.251	26.922
3091	35.45	26.964
3092	35.599	26.987
3093	35.732	26.971
3094	35.859	26.991
3095	35.967	27.015
3096	35.997	26.995
3097	36.017	26.949
3098	35.989	26.922
3099	35.953	26.93
3100	35.873	26.914
3101	35.798	26.961
3102	35.671	26.93
3103	35.538	26.95
3104	35.369	26.967
3105	35.164	26.986
3106	34.938	26.961
3107	34.731	27.154
3108	34.501	27.168
3109	34.233	27.248
3110	33.962	27.278
3111	33.641	26.77
3112	33.342	26.826
3113	33.027	26.875
3114	32.732	26.927
3115	32.386	26.984
3116	32.045	26.962
3117	31.75	27.039
3118	31.396	27.047
3119	31.052	27.071
3120	30.707	27.134
3121	30.353	27.162
3122	30.005	27.158
3123	29.671	27.179
3124	29.358	27.187
3125	29.041	27.187
3126	28.723	27.186
3127	28.412	27.203
3128	28.122	27.228
3129	27.837	27.232
3130	27.591	27.249
3131	27.345	27.277
3132	27.076	27.199
3133	26.83	27.168
3134	26.59	27.12
3135	26.373	27.12
3136	26.176	27.147
3137	26.003	27.147
3138	25.825	27.149
3139	25.64	27.129
3140	25.494	27.111
3141	25.355	27.117
3142	25.206	27.024
3143	25.113	27.086
3144	25.014	27.041
3145	24.918	26.955
3146	24.868	26.946
3147	24.843	27.912
3148	24.819	27.906
3149	24.799	27.897
3150	24.795	27.891
3151	24.804	27.837
3152	24.828	27.783
3153	24.873	27.746
3154	24.957	27.749
3155	25.043	27.721
3156	25.156	27.706
3157	25.275	27.695
3158	25.426	27.671
3159	25.619	27.703
3160	25.793	27.688
3161	25.989	27.654
3162	26.185	27.637
3163	26.409	27.625
3164	26.633	27.572
3165	26.924	27.595
3166	27.19	27.564
3167	27.488	27.547
3168	27.784	27.459
3169	28.088	27.436
3170	28.436	27.448
3171	28.781	27.443
3172	29.096	26.472
3173	29.449	26.453
3174	29.82	26.453
3175	30.207	26.475
3176	30.615	26.528
3177	30.982	26.499
3178	31.363	26.503
3179	31.729	26.485
3180	32.121	26.492
3181	32.453	26.468
3182	32.822	26.466
3183	33.197	26.549
3184	33.507	27.584
3185	33.835	27.591
3186	34.159	27.628
3187	34.445	27.611
3188	34.735	27.605
3189	35.025	27.632
3190	35.247	27.61
3191	35.493	27.623
3192	35.66	27.621
3193	35.829	27.674
3194	35.982	27.72
3195	36.105	27.772
3196	36.159	27.778
3197	36.224	27.842
3198	36.232	27.864
3199	36.239	27.856
3200	36.2	27.887
3201	36.093	27.871
3202	36.02	27.932
3203	35.853	27.942
3204	35.684	27.964
3205	35.466	27.97
3206	35.286	28.02
3207	35.044	28.077
3208	34.757	28.029
3209	34.481	26.944
3210	34.19	26.965
3211	33.878	26.962
3212	33.545	26.992
3213	33.21	27.016
3214	32.842	27.022
3215	32.471	27.018
3216	32.101	27.05
3217	31.736	27.1
3218	31.361	27.102
3219	31.028	27.943
3220	30.663	27.942
3221	30.303	27.678
3222	29.926	27.613
3223	29.608	27.67
3224	29.255	27.687
3225	28.91	27.66
3226	28.602	27.716
3227	28.282	27.729
3228	28.014	27.81
3229	27.747	27.843
3230	27.466	27.872
3231	27.186	27.859
3232	26.933	27.858
3233	26.684	27.844
3234	26.471	27.884
3235	26.266	27.929
3236	26.057	27.935
3237	25.88	27.89
3238	25.69	27.87
3239	25.528	27.855
3240	25.37	27.818
3241	25.234	27.795
3242	25.127	27.766
3243	25.037	27.754
3244	24.948	26.981
3245	24.875	26.96
3246	24.83	27.2
3247	24.828	27.281
3248	24.775	27.18
3249	24.762	27.162
3250	24.78	27.183
3251	24.778	27.066
3252	24.825	27.035
3253	24.88	26.957
3254	24.944	26.942
3255	25.036	26.904
3256	25.153	26.869
3257	25.272	26.817
3258	25.425	26.801
3259	25.58	26.766
3260	25.748	26.679
3261	25.953	26.67
3262	26.146	26.638
3263	26.393	26.613
3264	26.653	26.596
3265	26.921	26.585
3266	27.198	26.599
3267	27.493	26.584
3268	27.793	26.561
3269	28.092	26.486
3270	28.405	26.439
3271	28.739	26.43
3272	29.07	26.363
3273	29.44	26.37
3274	29.81	26.386
3275	30.183	26.34
3276	30.572	26.377
3277	30.936	26.363
3278	31.288	26.316
3279	31.659	26.296
3280	32.044	26.304
3281	32.406	26.304
3282	32.767	26.298
3283	33.112	26.311
3284	33.456	26.328
3285	33.776	26.348
3286	34.121	26.372
3287	34.433	26.409
3288	34.704	26.425
3289	34.989	26.506
3290	35.267	26.6
3291	35.496	26.606
3292	35.706	26.642
3293	35.837	26.639
3294	35.979	26.661
3295	36.099	26.71
3296	36.213	26.749
3297	36.255	26.778
3298	36.276	26.816
3299	36.248	26.796
3300	36.196	26.823
3301	36.155	26.883
3302	36.03	26.901
3303	35.906	26.987
3304	35.733	27.017
3305	35.524	27.041
3306	35.314	27.105
3307	36.019	27.151
3308	35.739	27.182
3309	35.426	27.18
3310	35.114	27.195
3311	34.741	27.202
3312	34.404	27.235
3313	34.069	27.333
3314	33.655	27.284
3315	33.218	27.228
3316	32.782	27.206
3317	32.354	27.221
3318	31.962	27.241
3319	31.545	27.04
3320	31.135	27.044
3321	30.737	27.097
3322	30.344	27.139
3323	29.956	27.158
3324	29.574	27.16
3325	29.207	27.16
3326	28.809	27.094
3327	28.487	27.128
3328	28.154	27.094
3329	27.819	27.074
3330	27.513	27.038
3331	27.229	27.039
3332	26.317	27.048
3333	26.07	27.029
3334	25.835	27.033
3335	25.606	27.018
3336	25.395	26.984
3337	25.204	26.968
3338	24.999	26.843
3339	24.863	26.851
3340	24.749	26.86
3341	24.658	26.862
3342	24.592	26.889
3343	24.549	26.942
3344	24.503	27.139
3345	24.482	27.194
3346	24.436	27.135
3347	24.43	27.1
3348	24.433	27.029
3349	24.47	27.058
3350	24.511	27.042
3351	24.586	27.022
3352	24.67	27.006
3353	24.763	26.987
3354	24.893	26.962
3355	25.029	26.981
3356	25.175	26.947
3357	25.324	26.897
3358	25.496	26.859
3359	25.694	26.846
3360	25.912	26.836
3361	26.137	26.817
3362	26.377	26.797
3363	26.646	26.825
3364	26.925	26.816
3365	27.17	26.754
3366	27.455	26.741
3367	27.727	26.667
3368	28	26.586
3369	28.305	26.559
3370	28.611	26.505
3371	28.94	26.474
3372	29.28	26.429
3373	29.65	26.462
3374	29.998	26.44
3375	30.379	26.475
3376	30.733	26.477
3377	31.084	26.443
3378	31.431	26.429
3379	31.772	26.424
3380	32.105	26.386
3381	32.451	26.394
3382	32.802	26.424
3383	33.096	26.417
3384	33.403	26.425
3385	33.694	26.435
3386	33.974	26.434
3387	34.251	26.447
3388	34.494	26.42
3389	34.703	26.41
3390	34.961	26.472
3391	35.159	26.506
3392	35.317	26.506
3393	35.475	26.529
3394	35.585	26.537
3395	35.69	26.547
3396	35.771	26.577
3397	35.816	26.623
3398	35.815	26.66
3399	35.793	26.672
3400	35.73	26.666
3401	35.67	26.714
3402	35.604	26.805
3403	35.483	26.829
3404	35.367	26.928
3405	35.194	26.978
3406	34.976	26.978
3407	34.754	26.979
3408	34.544	27.009
3409	34.3	27.018
3410	34.023	27.045
3411	33.553	27.11
3412	33.28	27.17
3413	32.955	27.184
3414	32.625	27.208
3415	32.296	27.233
3416	31.963	27.236
3417	31.636	27.282
3418	31.298	27.31
3419	30.986	27.369
3420	30.644	27.39
3421	30.284	27.368
3422	29.921	27.332
3423	29.58	27.326
3424	29.253	27.324
3425	28.933	27.318
3426	28.605	27.166
3427	28.268	27.122
3428	27.981	27.126
3429	27.685	27.049
3430	27.416	27.052
3431	27.141	27.018
3432	26.896	27.012
3433	26.676	27.083
3434	26.45	27.085
3435	26.232	27.041
3436	26.152	26.989
3437	25.935	26.93
3438	25.768	26.911
3439	25.597	26.899
3440	25.436	26.849
3441	25.297	26.833
3442	25.185	26.856
3443	25.079	26.842
3444	24.973	26.776
3445	24.885	26.734
3446	24.833	26.728
3447	24.808	26.75
3448	24.775	26.725
3449	24.763	26.714
3450	24.755	26.679
3451	24.778	26.792
3452	24.811	26.728
3453	24.847	26.68
3454	24.922	26.682
3455	25.003	26.61
3456	25.139	26.637
3457	25.269	26.627
3458	25.392	26.538
3459	25.539	26.498
3460	25.712	26.461
3461	25.912	26.429
3462	26.108	26.391
3463	26.343	26.411
3464	26.608	26.39
3465	26.857	26.375
3466	27.142	26.369
3467	27.429	26.315
3468	27.732	26.29
3469	28.061	26.321
3470	28.403	26.302
3471	28.762	26.374
3472	29.097	26.333
3473	29.465	26.316
3474	29.813	26.305
3475	30.196	26.307
3476	30.58	26.296
3477	30.978	26.325
3478	31.372	26.36
3479	31.742	26.359
3480	32.127	26.404
3481	32.49	26.42
3482	32.84	26.417
3483	33.193	26.422
3484	33.552	26.472
3485	33.896	26.533
3486	34.206	26.522
3487	34.543	26.585
3488	34.848	26.606
3489	35.102	26.629
3490	35.37	26.665
3491	35.553	26.646
3492	35.746	26.667
3493	35.891	26.705
3494	36.006	26.698
3495	36.107	26.729
3496	36.155	26.674
3497	36.208	26.693
3498	36.218	26.715
3499	36.216	26.76
3500	36.16	26.828
3501	36.076	26.864
3502	35.931	26.842
3503	35.782	26.86
3504	35.448	26.885
3505	35.247	26.909
3506	34.995	26.627
3507	34.789	26.461
3508	34.538	26.503
3509	34.26	26.517
3510	33.961	26.539
3511	33.671	26.598
3512	33.333	26.606
3513	32.987	26.631
3514	32.641	26.634
3515	32.295	26.665
3516	31.948	26.665
3517	31.576	26.673
3518	31.23	26.691
3519	30.877	26.707
3520	30.542	26.793
3521	30.189	26.812
3522	29.871	26.902
3523	29.525	26.909
3524	29.198	26.901
3525	28.871	26.862
3526	28.559	26.879
3527	28.279	26.962
3528	28.018	27.002
3529	27.851	26.996
3530	27.593	27.049
3531	27.334	27.285
3532	27.087	27.532
3533	26.871	27.585
3534	26.647	27.577
3535	26.437	27.547
3536	26.221	27.503
3537	26.039	27.489
3538	25.841	27.446
3539	25.685	27.443
3540	25.538	27.401
3541	25.417	27.435
3542	25.295	27.436
3543	25.188	27.4
3544	25.099	27.368
3545	25.01	27.279
3546	24.948	27.247
3547	24.882	27.176
3548	24.848	27.154
3549	24.826	27.129
3550	24.833	27.12
3551	24.841	27.115
3552	24.874	27.053
3553	24.915	27.046
3554	24.981	27.019
3555	25.063	26.985
3556	25.185	27.02
3557	25.269	26.9
3558	25.38	26.801
3559	25.528	26.759
3560	25.7	26.737
3561	25.902	26.729
3562	26.114	26.703
3563	26.342	26.656
3564	26.576	26.633
3565	26.829	26.602
3566	27.102	26.592
3567	27.39	26.564
3568	27.707	26.549
3569	28.039	26.606
3570	28.375	26.595
3571	28.729	26.636
3572	29.088	26.62
3573	29.483	26.649
3574	29.882	26.672
3575	30.253	26.661
3576	30.636	26.614
3577	31.002	26.586
3578	31.379	26.546
3579	31.757	26.533
3580	32.121	26.477
3581	32.483	26.449
3582	32.843	26.458
3583	33.217	26.474
3584	33.537	26.447
3585	33.876	26.462
3586	34.23	26.563
3587	34.527	26.544
3588	34.837	26.615
3589	35.095	26.61
3590	35.337	26.655
3591	35.552	26.675
3592	35.746	26.681
3593	35.899	26.689
3594	36.035	26.685
3595	36.089	26.667
3596	36.16	26.664
3597	36.177	26.654
3598	36.142	26.638
3599	36.068	26.596
3600	36.02	26.615
3601	35.941	26.653
3602	35.849	26.7
3603	35.708	26.734
3604	35.578	26.816
3605	35.426	26.697
3606	35.186	26.705
3607	34.968	26.775
3608	34.675	26.819
3609	34.41	26.855
3610	34.102	26.884
3611	33.725	26.818
3612	33.416	26.892
3613	33.066	26.877
3614	32.746	26.923
3615	32.396	26.924
3616	32.04	26.926
3617	31.691	26.954
3618	31.295	26.939
3619	30.918	26.929
3620	30.586	26.983
3621	30.219	26.944
3622	29.844	26.75
3623	29.506	26.756
3624	29.166	26.797
3625	28.844	26.805
3626	28.511	26.775
3627	28.206	26.801
3628	27.893	26.792
3629	27.447	26.75
3630	27.136	26.87
3631	26.902	26.886
3632	26.667	26.882
3633	26.443	26.855
3634	26.23	26.877
3635	26.028	26.852
3636	25.867	26.858
3637	25.676	26.827
3638	25.519	26.837
3639	25.177	26.848
3640	25.062	26.841
3641	24.935	26.825
3642	24.808	26.764
3643	24.741	26.808
3644	24.648	26.762
3645	24.593	26.743
3646	24.576	26.805
3647	24.603	27.059
3648	24.598	27.037
3649	24.625	27.034
3650	24.649	26.991
3651	24.703	26.994
3652	24.747	26.954
3653	24.839	26.915
3654	25.05	26.87
3655	25.174	26.886
3656	25.301	26.912
3657	25.434	26.875
3658	25.605	26.862
3659	25.783	26.829
3660	25.997	26.87
3661	26.197	26.873
3662	26.423	26.837
3663	26.651	26.822
3664	27.121	26.8
3665	27.376	26.766
3666	27.664	26.776
3667	27.979	26.796
3668	28.272	26.744
3669	28.61	26.75
3670	28.936	26.699
3671	29.241	26.61
3672	29.549	26.581
3673	29.881	26.562
3674	30.225	26.524
3675	30.553	26.522
3676	30.899	26.516
3677	31.264	26.509
3678	31.593	26.478
3679	31.949	26.506
3680	32.298	26.535
3681	32.648	26.536
3682	32.976	26.529
3683	33.28	26.511
3684	33.593	26.514
3685	33.859	26.472
3686	34.145	26.463
3687	34.408	26.484
3688	34.642	26.472
3689	34.831	26.464
3690	34.99	26.451
3691	35.148	26.398
3692	35.31	26.402
3693	35.451	26.41
3694	35.531	26.383
3695	35.617	26.417
3696	35.689	26.451
3697	35.753	26.499
3698	35.782	26.527
3699	35.758	26.538
3700	35.732	26.564
3701	35.665	26.565
3702	35.544	26.57
3703	35.451	26.698
3704	35.334	26.749
3705	35.136	26.715
3706	34.927	26.736
3707	34.722	26.776
3708	34.472	26.773
3709	34.188	26.785
3710	33.917	26.801
3711	33.633	26.835
3712	33.304	26.82
3713	33.025	26.856
3714	32.718	26.856
3715	32.428	26.906
3716	32.113	26.944
3717	31.762	26.932
3718	31.438	26.972
3719	31.127	27.049
3720	30.783	27.071
3721	30.467	27.118
3722	30.119	27.071
3723	29.785	27.092
3724	29.465	27.109
3725	29.148	27.136
3726	28.838	27.183
3727	28.543	27.199
3728	28.236	27.107
3729	27.929	27.129
3730	28.082	27.126
3731	27.825	27.119
3732	27.566	27.122
3733	27.326	27.146
3734	27.104	27.125
3735	26.875	27.133
3736	26.659	27.125
3737	26.475	27.14
3738	26.268	27.119
3739	26.063	27.1
3740	25.888	27.081
3741	25.731	27.079
3742	25.603	27.1
3743	25.466	27.096
3744	25.345	27.031
3745	25.247	26.996
3746	25.139	26.72
3747	25.053	26.685
3748	25	26.651
3749	24.963	26.657
3750	24.937	26.641
3751	24.93	26.602
3752	24.959	26.598
3753	24.983	26.595
3754	25.022	26.506
3755	24.731	26.522
3756	24.813	26.508
3757	24.928	26.514
3758	25.052	26.507
3759	25.198	26.524
3760	25.357	26.497
3761	25.548	26.514
3762	25.74	26.49
3763	25.988	26.539
3764	26.273	26.591
3765	26.517	26.555
3766	26.794	26.51
3767	27.09	26.506
3768	27.422	26.494
3769	27.776	26.548
3770	28.103	26.507
3771	28.47	26.754
3772	28.863	26.761
3773	29.24	26.755
3774	29.621	26.736
3775	30.018	26.703
3776	30.406	26.682
3777	30.797	26.655
3778	31.224	26.647
3779	31.672	26.704
3780	32.083	26.683
3781	32.471	26.662
3782	32.836	26.669
3783	33.23	26.657
3784	33.611	26.663
3785	33.969	26.677
3786	34.29	26.658
3787	34.62	26.704
3788	34.9	26.635
3789	35.142	26.58
3790	35.439	26.609
3791	35.706	26.68
3792	35.895	26.676
3793	36.022	26.644
3794	36.114	26.615
3795	36.214	26.656
3796	36.277	26.618
3797	36.286	26.626
3798	36.321	26.673
3799	36.301	26.698
3800	36.238	26.722
3801	36.195	26.821
3802	36.065	26.853
3803	35.926	26.894
3804	35.709	26.873
3805	35.494	26.917
3806	35.247	26.928
3807	34.966	26.926
3808	34.687	26.961
3809	34.354	26.947
3810	34.05	26.97
3811	33.727	26.965
3812	33.388	26.952
3813	33.044	26.99
3814	32.679	27.015
3815	32.307	27.065
3816	31.926	27.107
3817	31.567	27.168
3818	31.214	27.221
3819	31.172	27.273
3820	30.824	27.316
3821	30.487	27.389
3822	30.128	27.382
3823	29.763	27.385
3824	29.426	27.379
3825	29.102	27.394
3826	28.763	27.317
3827	28.456	27.348
3828	28.135	27.378
3829	27.746	27.369
3830	27.469	27.366
3831	27.201	27.369
3832	26.975	27.344
3833	26.737	27.356
3834	26.513	27.329
3835	26.3	27.301
3836	26.102	27.264
3837	25.925	27.125
3838	25.751	27.109
3839	25.591	27.066
3840	25.435	27.014
3841	25.3	26.954
3842	25.159	26.858
3843	25.049	26.825
3844	24.722	26.74
3845	24.655	26.718
3846	24.583	26.532
3847	24.57	26.557
3848	24.534	26.545
3849	24.525	26.513
3850	24.529	26.484
3851	24.575	26.551
3852	24.627	26.577
3853	24.693	26.551
3854	24.859	26.557
3855	24.954	26.53
3856	25.06	26.479
3857	25.191	26.529
3858	25.352	26.493
3859	25.537	26.526
3860	25.711	26.512
3861	25.904	26.484
3862	26.117	26.588
3863	26.361	26.586
3864	26.622	26.591
3865	26.893	26.573
3866	27.166	26.515
3867	27.494	26.538
3868	27.824	26.513
3869	28.158	26.555
3870	28.496	26.564
3871	28.844	26.634
3872	29.192	26.606
3873	29.539	26.586
3874	29.917	26.594
3875	30.287	26.569
3876	30.649	26.54
3877	31.03	26.449
3878	31.4	26.386
3879	31.78	26.361
3880	32.149	26.342
3881	32.54	26.373
3882	32.889	26.308
3883	33.218	26.319
3884	33.55	26.318
3885	33.885	26.322
3886	34.208	26.368
3887	34.501	26.371
3888	34.738	26.392
3889	34.985	26.424
3890	35.212	26.443
3891	35.428	26.498
3892	35.607	26.51
3893	35.772	26.61
3894	35.894	26.604
3895	35.981	26.592
3896	36.051	26.67
3897	36.081	26.707
3898	36.113	26.7
3899	36.081	26.714
3900	36.009	26.714
3901	35.915	26.668
3902	35.79	26.706
3903	35.66	26.766
3904	35.492	26.818
3905	35.299	26.877
3906	35.09	26.922
3907	34.847	26.949
3908	34.601	26.966
3909	34.347	26.993
3910	34.032	27.025
3911	33.693	27.05
3912	33.38	27.097
3913	33.07	27.114
3914	32.708	26.969
3915	32.384	27.013
3916	32.026	27.044
3917	31.673	27.017
3918	31.292	26.973
3919	30.905	26.989
3920	30.538	27.02
3921	30.193	27.027
3922	29.849	27.035
3923	29.517	27.05
3924	29.181	27.091
3925	28.877	27.138
3926	28.559	27.182
3927	28.252	27.178
3928	27.936	27.134
3929	27.657	27.121
3930	27.389	27.104
3931	27.117	27.05
3932	26.874	27.033
3933	26.639	27.053
3934	26.411	27.078
3935	26.221	27.069
3936	25.813	27.058
3937	25.631	27.045
3938	25.471	27.031
3939	25.366	27.216
3940	25.222	27.183
3941	25.087	27.115
3942	24.993	27.183
3943	24.906	27.179
3944	24.855	27.176
3945	24.81	27.15
3946	24.755	27.124
3947	24.721	27.105
3948	24.716	27.116
3949	24.708	27.04
3950	24.732	27.044
3951	24.777	27.074
3952	24.83	27.057
3953	24.907	27.057
3954	24.986	27.038
3955	25.09	26.99
3956	25.214	26.998
3957	25.351	26.996
3958	25.501	26.942
3959	25.673	27.243
3960	25.861	27.228
3961	26.283	27.2
3962	26.5	27.163
3963	26.73	27.116
3964	26.956	27.065
3965	27.235	27.089
3966	27.535	27.108
3967	27.807	27.059
3968	28.112	27.01
3969	28.417	26.969
3970	28.753	27.014
3971	29.109	27.039
3972	29.445	27.027
3973	29.778	26.967
3974	30.143	26.992
3975	30.489	26.956
3976	30.823	26.867
3977	31.177	26.896
3978	31.543	26.9
3979	31.922	26.934
3980	32.266	26.972
3981	32.603	26.962
3982	32.965	26.987
3983	33.313	27.057
3984	33.609	26.682
3985	33.939	26.728
3986	34.236	26.7
3987	34.506	26.695
3988	34.751	26.731
3989	35.001	26.75
3990	35.192	26.714
3991	35.366	26.715
3992	35.497	26.699
3993	35.626	26.726
3994	35.719	26.72
3995	35.783	26.66
3996	35.813	26.618
3997	35.838	26.633
3998	35.85	26.664
3999	35.836	26.695
4000	35.801	26.769
4001	35.741	26.81
4002	35.644	26.81
4003	35.516	26.841
4004	35.312	26.781
4005	35.137	27.107
4006	34.939	27.145
4007	34.678	27.116
4008	34.401	27.064
4009	34.187	27.17
4010	33.836	27.164
4011	33.557	27.237
4012	33.267	27.3
4013	32.956	27.3
4014	32.646	27.355
4015	32.305	27.376
4016	31.983	27.419
4017	31.669	27.46
4018	31.676	27.459
4019	31.352	27.509
4020	31.014	27.547
4021	30.666	27.573
4022	30.329	27.581
4023	29.967	27.563
4024	29.633	27.566
4025	29.306	27.544
4026	28.986	27.564
4027	28.669	27.557
4028	28.368	27.556
4029	28.089	27.59
4030	27.808	27.283
4031	27.531	27.284
4032	27.27	27.288
4033	27.019	27.295
4034	26.775	27.291
4035	26.562	27.235
4036	26.342	27.184
4037	26.134	27.157
4038	25.94	27.121
4039	25.744	27.082
4040	25.59	27.069
4041	25.443	27.091
4042	25.303	27.083
4043	24.931	27.084
4044	24.814	27.066
4045	24.718	26.989
4046	24.649	26.983
4047	24.604	26.96
4048	24.582	26.999
4049	24.54	26.981
4050	24.533	26.91
4051	24.538	26.84
4052	24.57	26.812
4053	24.605	26.784
4054	24.676	26.757
4055	24.762	26.711
4056	24.882	26.7
4057	25.024	26.707
4058	25.184	26.704
4059	25.309	26.635
4060	25.512	26.635
4061	25.733	26.648
4062	25.963	26.619
4063	26.206	26.643
4064	26.469	26.602
4065	26.743	26.576
4066	27.051	26.565
4067	27.373	26.539
4068	27.695	26.531
4069	28.057	26.583
4070	28.405	26.583
4071	28.755	26.534
4072	29.116	26.523
4073	29.477	26.469
4074	29.882	26.418
4075	30.277	26.456
4076	30.681	26.508
4077	31.078	26.532
4078	31.523	26.595
4079	31.921	26.591
4080	32.302	26.571
4081	32.655	26.527
4082	33.004	26.497
4083	33.366	26.493
4084	33.743	26.503
4085	34.102	26.531
4086	34.391	26.495
4087	34.711	26.545
4088	34.996	26.555
4089	35.23	26.55
4090	35.455	26.583
4091	35.657	26.607
4092	35.821	26.613
4093	35.96	26.613
4094	36.078	26.62
4095	36.174	26.704
4096	36.237	26.755
4097	36.243	26.769
4098	36.292	26.882
4099	36.26	26.936
4100	36.172	26.945
4101	36.065	26.963
4102	35.943	26.984
4103	35.75	26.942
4104	35.541	26.925
4105	35.373	26.995
4106	35.119	27.064
4107	34.853	27.116
4108	34.57	27.15
4109	34.274	27.145
4110	33.968	27.179
4111	33.654	27.24
4112	33.264	27.192
4113	32.925	27.199
4114	32.586	27.233
4115	32.236	27.255
4116	31.855	27.232
4117	31.482	27.266
4118	31.13	27.318
4119	30.753	27.265
4120	30.409	27.269
4121	30.065	27.324
4122	29.738	27.353