1	36.096	26.744
2	36.123	26.706
3	36.166	26.754
4	36.113	26.724
5	36.083	26.74
6	36.039	26.793
7	35.958	26.82
8	35.839	26.816
9	35.67	26.857
10	35.515	26.913
11	35.302	26.91
12	35.112	26.974
13	34.859	26.917
14	34.643	26.932
15	34.338	26.885
16	34.029	26.867
17	33.708	26.867
18	33.402	26.967
19	33.074	26.981
20	32.77	27.021
21	32.422	27.029
22	32.091	27.065
23	31.753	27.111
24	31.433	27.182
25	31.089	27.218
26	30.763	27.263
27	30.424	27.277
28	30.082	27.283
29	29.747	27.268
30	29.392	27.257
31	29.071	27.268
32	28.754	27.27
33	28.449	27.28
34	28.177	27.292
35	27.887	27.276
36	27.623	27.297
37	27.361	27.282
38	27.092	27.267
39	26.849	27.276
40	26.61	27.277
41	26.404	27.283
42	26.217	27.315
43	26.015	27.251
44	25.828	27.226
45	25.65	27.193
46	25.498	27.16
47	25.356	27.155
48	25.228	27.107
49	25.095	27.069
50	24.999	27.056
51	24.909	27.024
52	24.876	26.961
53	24.822	26.949
54	24.798	26.979
55	24.794	26.971
56	24.784	26.949
57	24.805	26.932
58	24.848	26.927
59	24.899	26.932
60	24.854	26.989
61	24.924	26.924
62	25.025	26.921
63	25.158	26.944
64	25.297	26.945
65	25.458	26.898
66	25.632	26.887
67	25.819	26.871
68	26.028	26.844
69	26.246	26.857
70	26.484	26.851
71	26.748	26.876
72	27.026	26.863
73	27.325	26.9
74	27.627	26.883
75	27.946	26.869
76	28.262	26.815
77	28.573	26.921
78	28.919	26.906
79	29.281	26.939
80	29.654	26.938
81	30.017	26.95
82	30.387	26.927
83	30.761	26.907
84	31.14	26.884
85	31.668	26.815
86	32.059	26.847
87	32.462	26.882
88	32.836	26.861
89	33.201	26.902
90	33.569	26.936
91	33.9	26.944
92	34.207	26.937
93	34.498	26.925
94	34.819	26.954
95	35.049	26.906
96	35.265	26.879
97	35.474	26.868
98	35.644	26.825
99	35.807	26.836
100	35.935	26.864
101	36.053	26.943
102	36.136	26.9
103	36.179	26.887
104	36.179	26.837
105	36.192	26.88
106	36.189	26.883
107	36.11	26.904
108	35.983	26.9
109	35.85	26.929
110	35.699	26.935
111	35.472	26.933
112	35.211	26.904
113	35.579	27.019
114	35.291	26.965
115	34.99	26.974
116	34.685	26.973
117	34.368	26.958
118	34.034	26.998
119	33.674	26.99
120	33.339	27.057
121	32.966	27.091
122	32.597	27.125
123	32.238	27.134
124	31.863	27.167
125	31.471	27.149
126	31.092	27.112
127	30.719	27.123
128	30.355	27.16
129	29.988	27.174
130	29.604	27.148
131	29.229	27.15
132	28.892	27.147
133	28.574	27.179
134	28.25	27.179
135	27.931	27.171
136	27.671	27.219
137	27.391	27.19
138	26.703	27.103
139	26.45	27.113
140	26.226	27.119
141	26	27.124
142	25.799	27.155
143	25.619	27.163
144	25.448	27.177
145	25.315	27.208
146	25.179	27.18
147	25.049	27.16
148	24.927	27.157
149	24.834	27.139
150	24.768	27.184
151	24.703	27.17
152	24.647	27.142
153	24.614	27.101
154	24.602	27.095
155	24.589	27.074
156	24.604	27.053
157	24.64	27.069
158	24.675	27.015
159	24.743	26.994
160	24.86	27.032
161	24.955	27.001
162	25.093	27.025
163	25.229	26.992
164	25.382	26.976
165	25.543	26.958
166	25.752	26.998
167	25.972	26.991
168	26.186	26.958
169	26.412	26.91
170	26.65	26.925
171	26.913	26.902
172	27.192	26.913
173	27.5	26.946
174	27.782	26.925
175	28.111	26.936
176	28.436	26.911
177	28.772	26.918
178	29.121	26.95
179	29.477	26.941
180	29.852	26.943
181	30.221	26.945
182	30.587	26.943
183	30.965	26.946
184	31.319	26.902
185	31.661	26.897
186	32.029	26.881
187	32.369	26.852
188	32.713	26.865
189	33.035	26.841
190	33.37	26.823
191	33.662	26.792
192	33.936	26.79
193	34.231	26.798
194	34.485	26.802
195	34.72	26.737
196	34.967	26.76
197	35.199	26.775
198	35.352	26.731
199	35.539	26.736
200	35.653	26.696
201	35.76	26.74
202	35.837	26.709
203	35.886	26.709
204	35.912	26.723
205	35.899	26.71
206	35.878	26.712
207	35.814	26.71
208	35.704	26.725
209	35.378	26.798
210	35.238	26.841
211	35.076	26.872
212	34.865	26.863
213	34.651	26.834
214	34.461	26.869
215	34.002	26.861
216	33.73	26.835
217	33.428	26.845
218	33.125	26.863
219	32.84	26.875
220	32.526	26.865
221	32.212	26.899
222	31.866	26.875
223	31.549	26.892
224	31.221	26.92
225	30.891	26.901
226	30.555	26.889
227	30.221	26.896
228	29.9	26.903
229	29.592	26.955
230	29.293	26.983
231	29.005	27.024
232	28.69	27.026
233	28.43	27.072
234	28.313	27.076
235	28.032	27.04
236	27.763	27.054
237	27.504	27.058
238	27.243	27.064
239	26.989	27.073
240	26.912	27.09
241	26.708	27.113
242	26.498	27.068
243	26.303	27.058
244	26.129	27.071
245	25.948	27.076
246	25.785	27.035
247	25.635	27.032
248	25.387	27.009
249	25.259	26.996
250	25.147	27.022
251	25.037	26.976
252	24.973	27.059
253	24.899	27.049
254	24.834	26.995
255	24.79	26.973
256	24.748	26.922
257	24.754	26.884
258	24.773	26.869
259	24.811	26.891
260	24.857	26.869
261	24.918	26.823
262	25.028	26.86
263	25.166	26.939
264	25.305	26.92
265	25.451	26.915
266	25.6	26.926
267	25.804	26.949
268	26.001	26.932
269	26.208	26.927
270	26.446	26.895
271	26.692	26.894
272	26.97	26.88
273	27.373	26.854
274	27.69	26.85
275	28.008	26.837
276	28.359	26.874
277	28.686	26.789
278	29.07	26.847
279	29.452	26.848
280	29.809	26.805
281	30.207	26.851
282	30.596	26.885
283	30.939	26.84
284	31.31	26.779
285	31.685	26.761
286	32.07	26.788
287	32.439	26.773
288	32.792	26.715
289	33.128	26.693
290	33.469	26.706
291	33.812	26.674
292	34.129	26.691
293	34.445	26.71
294	34.733	26.713
295	35.006	26.749
296	35.26	26.785
297	35.459	26.779
298	35.636	26.783
299	35.774	26.757
300	35.872	26.734
301	35.982	26.747
302	36.077	26.776
303	36.095	26.724
304	36.092	26.7
305	36.104	26.759
306	36.044	26.733
307	35.945	26.744
308	35.875	26.789
309	35.749	26.801
310	35.605	26.814
311	35.428	26.815
312	35.251	26.844
313	35.007	26.837
314	34.766	26.877
315	34.487	26.87
316	34.192	26.886
317	33.894	26.868
318	33.568	26.828
319	33.232	26.826
320	32.92	26.866
321	32.565	26.836
322	32.224	26.864
323	31.88	26.91
324	31.537	26.946
325	31.212	26.977
326	30.882	27.018
327	30.531	27.064
328	30.177	27.071
329	29.824	27.095
330	29.51	27.12
331	29.207	27.116
332	28.876	27.083
333	28.561	27.095
334	28.252	27.067
335	27.934	27.042
336	27.655	27.065
337	27.364	27.057
338	27.13	27.086
339	26.885	27.082
340	26.641	27.087
341	26.373	27.081
342	26.157	27.103
343	25.979	27.464
344	25.8	27.446
345	25.612	27.406
346	25.469	27.444
347	25.317	27.463
348	25.195	27.443
349	25.083	27.416
350	24.986	27.425
351	24.884	27.403
352	24.801	27.369
353	24.762	27.361
354	24.716	27.311
355	24.685	27.303
356	24.654	27.29
357	24.693	27.296
358	24.72	27.256
359	24.769	27.26
360	24.854	27.273
361	24.938	27.248
362	25.052	27.288
363	25.155	27.263
364	25.297	27.254
365	25.458	27.256
366	25.672	27.2
367	25.857	27.196
368	26.061	26.869
369	26.288	26.851
370	26.535	26.863
371	26.8	26.842
372	27.081	26.782
373	27.366	26.783
374	27.667	26.779
375	27.979	26.731
376	28.29	26.657
377	28.647	26.624
378	28.976	26.567
379	29.345	26.556
380	29.703	26.718
381	30.079	26.8
382	30.457	26.818
383	30.865	26.864
384	31.263	26.893
385	31.643	26.879
386	32.02	26.873
387	32.34	26.795
388	32.729	26.792
389	33.085	26.779
390	33.456	26.786
391	33.787	26.805
392	34.118	26.784
393	34.414	26.802
394	34.732	26.865
395	34.996	26.89
396	35.224	26.899
397	35.439	26.903
398	35.623	26.899
399	35.802	26.91
400	35.935	27.162
401	36.071	27.217
402	36.148	27.286
403	36.269	27.329
404	36.321	27.381
405	36.321	27.191
406	36.27	27.104
407	36.188	27.069
408	36.02	27.002
409	35.871	26.99
410	35.707	27.009
411	35.479	26.983
412	35.298	27
413	35.039	27.024
414	34.771	27
415	34.476	26.993
416	34.187	27.026
417	33.897	27.102
418	33.541	27.074
419	33.187	27.049
420	32.825	27.005
421	32.471	27.002
422	32.122	27.043
423	31.767	27.054
424	31.401	27.067
425	31.049	26.84
426	30.686	26.838
427	31.035	26.861
428	30.652	26.901
429	30.268	26.866
430	29.906	26.872
431	29.571	26.876
432	29.232	26.915
433	28.93	26.956
434	28.712	26.988
435	28.435	27.028
436	28.164	27.06
437	27.903	27.138
438	27.623	27.108
439	27.367	27.16
440	27.124	27.182
441	26.895	27.198
442	26.653	27.141
443	26.497	27.217
444	26.31	27.214
445	26.135	27.23
446	25.963	27.717
447	25.791	27.662
448	25.666	27.693
449	25.524	27.691
450	25.395	27.687
451	25.287	27.684
452	24.635	27.579
453	24.529	27.56
454	24.477	27.572
455	24.441	27.577
456	24.417	27.569
457	24.425	27.608
458	24.434	27.575
459	24.397	27.545
460	24.428	27.472
461	24.502	27.483
462	24.583	27.453
463	24.706	27.457
464	24.833	27.43
465	25.002	27.453
466	25.172	27.415
467	25.368	27.394
468	25.563	27.346
469	25.787	27.34
470	26.041	27.312
471	26.311	26.818
472	26.642	26.909
473	26.933	26.847
474	27.253	26.807
475	27.608	26.824
476	27.978	26.829
477	28.373	26.867
478	28.775	26.848
479	29.185	26.857
480	29.597	26.893
481	30.001	26.873
482	30.414	26.811
483	30.848	26.815
484	31.269	26.828
485	31.694	26.825
486	32.077	26.774
487	32.471	26.729
488	32.862	26.727
489	33.292	26.76
490	33.629	26.694
491	33.973	26.675
492	34.307	26.676
493	34.601	26.663
494	34.865	26.635
495	35.123	26.626
496	35.375	26.639
497	35.557	26.588
498	36.152	26.629
499	36.336	26.637
500	36.443	26.569
501	36.498	26.535
502	36.573	26.533
503	36.601	26.543
504	36.572	26.529
505	36.523	26.497
506	36.43	26.487
507	36.314	26.48
508	36.153	26.48
509	36.005	26.513
510	35.802	26.571
511	35.592	26.596
512	35.35	26.6
513	35.068	26.592
514	34.7	26.55
515	34.39	26.546
516	34.103	26.607
517	33.779	26.686
518	33.427	26.683
519	33.088	26.703
520	32.732	26.731
521	32.353	26.724
522	31.977	26.755
523	31.268	26.739
524	30.915	26.731
525	30.566	26.795
526	30.219	26.791
527	29.814	26.793
528	30.541	26.821
529	30.199	26.891
530	29.856	26.872
531	29.574	26.94
532	29.254	26.972
533	28.936	26.99
534	28.61	26.962
535	28.342	26.982
536	28.072	27.009
537	27.789	26.979
538	27.539	27.01
539	27.327	27.052
540	27.112	27.087
541	26.86	27.021
542	26.646	26.98
543	26.442	26.976
544	26.255	26.984
545	26.073	26.96
546	25.925	26.993
547	25.781	26.964
548	25.658	26.937
549	25.514	26.967
550	25.399	26.95
551	25.334	27.029
552	25.279	27.008
553	24.353	26.967
554	24.299	26.938
555	24.259	26.946
556	24.212	26.894
557	24.215	26.929
558	24.251	26.976
559	24.288	26.95
560	24.33	26.937
561	24.403	26.903
562	24.506	26.91
563	24.621	26.918
564	24.749	26.881
565	24.901	26.878
566	25.083	26.879
567	25.287	26.844
568	25.514	26.856
569	25.76	26.848
570	26.031	26.832
571	26.297	26.792
572	26.594	26.787
573	26.886	26.803
574	27.235	26.794
575	27.593	26.795
576	27.927	26.706
577	28.319	26.721
578	28.727	26.71
579	29.14	26.684
580	29.551	26.67
581	29.969	26.678
582	30.384	26.607
583	30.822	26.621
584	31.239	26.627
585	31.66	26.595
586	32.083	26.596
587	32.502	26.607
588	32.894	26.559
589	33.289	26.592
590	33.658	26.572
591	34.019	26.594
592	34.338	26.612
593	34.676	26.631
594	34.955	26.638
595	35.231	26.74
596	35.469	26.752
597	35.679	26.764
598	35.905	26.779
599	36.033	26.764
600	36.136	26.743
601	36.236	26.788
602	36.284	26.798
603	36.304	26.813
604	36.275	26.803
605	36.242	26.826
606	36.179	26.835
607	36.071	26.877
608	35.906	26.837
609	35.744	26.836
610	35.554	26.852
611	35.343	26.865
612	35.084	26.864
613	34.836	26.896
614	34.565	26.889
615	34.269	26.918
616	33.958	26.953
617	33.627	26.902
618	33.278	26.901
619	32.919	26.881
620	32.58	26.888
621	32.223	26.875
622	31.872	26.89
623	31.476	26.833
624	31.13	26.843
625	30.756	26.846
626	30.382	26.811
627	30.055	26.826
628	29.72	26.855
629	29.382	26.854
630	29.079	26.878
631	28.772	26.944
632	28.473	26.954
633	28.178	26.929
634	27.886	26.906
635	27.608	26.871
636	27.37	26.912
637	27.159	26.975
638	26.921	27.012
639	26.696	26.993
640	26.466	26.955
641	26.283	26.95
642	26.111	27.003
643	25.937	27.005
644	25.787	27.034
645	25.608	26.929
646	25.495	26.964
647	25.37	26.933
648	25.295	27.023
649	25.196	27.028
650	25.134	27.039
651	25.085	27.065
652	25.017	27.059
653	24.973	27.028
654	24.95	27.039
655	24.912	26.987
656	24.906	26.919
657	24.911	26.907
658	24.93	26.864
659	24.983	26.888
660	25.051	26.91
661	25.096	26.877
662	25.161	26.841
663	25.269	26.768
664	25.392	26.775
665	25.55	26.797
666	25.703	26.784
667	25.903	26.812
668	26.092	26.763
669	26.333	26.781
670	26.58	26.825
671	26.817	26.806
672	27.077	26.796
673	27.317	26.71
674	27.613	26.723
675	27.946	26.773
676	28.263	26.749
677	28.583	26.704
678	28.895	26.692
679	29.246	26.691
680	29.617	26.697
681	29.974	26.668
682	30.376	26.674
683	30.763	26.715
684	31.152	26.688
685	31.527	26.697
686	31.903	26.652
687	32.255	26.614
688	32.626	26.616
689	32.981	26.618
690	33.338	26.623
691	33.683	26.629
692	33.965	26.56
693	34.278	26.559
694	34.533	26.541
695	34.796	26.534
696	35.032	26.529
697	35.253	26.537
698	35.475	26.571
699	35.65	26.602
700	35.768	26.559
701	35.892	26.597
702	35.982	26.616
703	36.077	26.649
704	36.149	26.7
705	36.15	26.731
706	36.103	26.742
707	35.999	26.705
708	35.919	26.751
709	35.796	26.77
710	35.651	26.766
711	35.502	26.823
712	35.346	26.91
713	35.115	26.937
714	34.869	26.936
715	34.597	26.947
716	34.337	26.994
717	34.036	27.029
718	33.717	27.069
719	33.366	27.073
720	33.013	27.042
721	32.665	27.054
722	32.313	27.077
723	31.951	27.088
724	31.607	27.119
725	31.239	27.139
726	30.871	27.133
727	30.504	27.126
728	30.147	27.126
729	29.768	27.099
730	29.416	27.088
731	29.124	27.145
732	28.806	27.181
733	28.49	27.169
734	28.18	27.184
735	27.888	27.207
736	27.604	27.204
737	27.327	27.175
738	27.065	27.161
739	26.817	27.16
740	26.575	27.131
741	26.331	27.112
742	26.11	27.098
743	25.917	27.117
744	25.77	27.137
745	25.619	27.164
746	25.466	27.144
747	25.329	27.156
748	25.199	27.14
749	25.072	27.086
750	24.989	27.081
751	24.911	27.071
752	24.852	27.079
753	24.806	27.061
754	24.772	27.02
755	24.757	27.023
756	24.737	26.986
757	24.763	27.04
758	24.799	27.032
759	24.853	27.009
760	24.921	26.998
761	25.001	27.002
762	25.1	26.957
763	25.223	26.953
764	25.363	26.955
765	25.534	26.991
766	25.71	26.963
767	25.899	26.961
768	26.129	26.991
769	26.344	27.016
770	26.604	27.082
771	26.864	27.077
772	27.13	27.038
773	27.368	27.055
774	27.682	27.085
775	27.987	27.07
776	28.314	27.073
777	28.659	27.111
778	29.004	27.109
779	29.357	27.124
780	29.732	27.167
781	30.099	27.162
782	30.453	27.085
783	30.799	27.021
784	31.167	27.037
785	31.528	26.994
786	31.896	26.979
787	32.272	26.993
788	32.655	27.073
789	32.985	27.052
790	33.32	27.049
791	33.637	27.027
792	33.966	27.024
793	34.223	26.963
794	34.501	26.928
795	34.727	26.853
796	34.949	26.843
797	35.171	26.856
798	35.452	26.837
799	35.588	26.805
800	35.744	26.814
801	35.856	26.82
802	35.954	26.815
803	35.986	26.778
804	36.015	26.785
805	36.005	26.712
806	35.973	26.703
807	35.928	26.697
808	35.849	26.712
809	35.727	26.695
810	35.587	26.752
811	35.443	26.773
812	35.23	26.791
813	34.995	26.739
814	34.79	26.768
815	34.529	26.769
816	34.235	26.79
817	33.963	26.798
818	33.67	26.817
819	33.32	26.767
820	32.999	26.785
821	32.683	26.813
822	32.344	26.849
823	31.985	26.87
824	31.664	26.944
825	31.319	27.001
826	30.963	26.992
827	30.584	26.992
828	30.255	27.042
829	29.9	27.069
830	29.533	27.081
831	29.203	27.112
832	28.872	27.137
833	28.569	27.181
834	28.26	27.218
835	27.995	27.26
836	27.718	27.288
837	27.441	27.263
838	27.194	27.333
839	26.94	27.333
840	26.695	27.306
841	26.491	27.321
842	26.266	27.319
843	26.063	27.316
844	25.896	27.383
845	25.698	27.356
846	25.539	27.384
847	25.378	27.359
848	25.228	27.344
849	25.094	27.272
850	24.967	27.237
851	24.885	27.267
852	24.833	27.279
853	24.776	27.284
854	24.745	27.244
855	24.749	27.278
856	24.746	27.24
857	24.76	27.236
858	24.805	27.247
859	24.861	27.211
860	24.901	27.124
861	24.944	27.064
862	25.067	27.118
863	25.174	27.027
864	25.296	27.003
865	25.46	27.032
866	25.624	27.014
867	25.822	27.046
868	26.02	27.022
869	26.24	26.982
870	26.485	26.964
871	26.745	26.955
872	27.024	26.923
873	27.325	26.94
874	27.661	26.964
875	27.993	26.96
876	28.318	26.926
877	28.67	26.91
878	29.055	26.946
879	29.409	26.932
880	29.773	26.9
881	30.149	26.904
882	30.513	26.862
883	30.88	26.901
884	31.257	26.921
885	31.643	26.946
886	32.043	26.948
887	32.39	26.91
888	32.741	26.926
889	33.099	26.928
890	33.443	26.919
891	33.775	26.923
892	34.083	26.895
893	34.394	26.905
894	34.668	26.897
895	34.951	26.918
896	35.185	26.903
897	35.417	26.919
898	35.617	26.891
899	35.744	26.852
900	35.866	26.842
901	35.969	26.844
902	36.008	26.811
903	36.012	26.747
904	36.043	26.778
905	36.006	26.78
906	35.961	26.802
907	35.905	26.85
908	35.788	26.797
909	35.665	26.802
910	35.509	26.792
911	35.349	26.823
912	35.131	26.839
913	34.914	26.871
914	34.67	26.882
915	34.381	26.888
916	34.11	26.909
917	33.807	26.948
918	33.479	26.926
919	33.159	26.942
920	32.831	26.96
921	32.493	26.992
922	32.125	27.006
923	31.792	27.097
924	31.419	27.086
925	31.071	27.131
926	30.71	27.099
927	30.369	27.136
928	30.033	27.175
929	29.7	27.187
930	29.383	27.214
931	29.088	27.303
932	28.758	27.257
933	28.455	27.263
934	28.149	27.27
935	27.868	27.307
936	27.577	27.307
937	27.321	27.3
938	27.064	27.27
939	26.837	27.307
940	26.611	27.277
941	26.379	27.245
942	26.179	27.216
943	26.002	27.233
944	25.834	27.257
945	25.672	27.264
946	25.517	27.225
947	25.378	27.193
948	25.243	27.116
949	25.152	27.149
950	25.052	27.108
951	24.988	27.158
952	24.906	27.116
953	24.858	27.105
954	24.823	27.111
955	24.804	27.082
956	24.781	26.986
957	24.807	27.007
958	24.819	26.971
959	24.863	26.923
960	24.916	26.891
961	24.988	26.901
962	25.089	26.883
963	25.207	26.865
964	25.331	26.83
965	25.495	26.852
966	25.684	26.876
967	25.873	26.868
968	26.062	26.902
969	26.28	26.889
970	26.506	26.888
971	26.786	26.945
972	27.07	26.975
973	27.379	27.044
974	27.673	27.022
975	28.002	27.043
976	28.325	27.037
977	28.678	27.024
978	29.021	27.008
979	29.375	26.969
980	29.738	26.976
981	30.102	26.954
982	30.479	26.976
983	30.883	26.997
984	31.29	27.03
985	31.671	27.051
986	32.061	27.04
987	32.414	27.006
988	32.782	27.053
989	33.14	27.056
990	33.46	27.016
991	33.77	27.006
992	34.09	27.024
993	34.39	27.01
994	34.663	27.031
995	34.951	27.078
996	35.142	27.03
997	35.388	27.09
998	35.576	27.06
999	35.778	27.122
1000	35.915	27.1
1001	36.016	27.085
1002	36.111	27.143
1003	36.146	27.154
1004	36.16	27.174
1005	36.156	27.207
1006	36.106	27.244
1007	35.995	27.197
1008	35.873	27.172
1009	35.724	27.193
1010	35.575	27.162
1011	35.376	27.121
1012	35.211	27.224
1013	34.981	27.206
1014	34.73	27.207
1015	34.478	27.291
1016	34.173	27.275
1017	33.862	27.26
1018	33.572	27.259
1019	33.23	27.22
1020	32.878	27.178
1021	32.539	27.161
1022	32.16	27.13
1023	31.786	27.142
1024	31.394	27.063
1025	31.028	27.087
1026	30.684	27.103
1027	30.308	27.065
1028	29.962	27.047
1029	29.623	27.058
1030	29.282	27.049
1031	28.967	27.064
1032	28.678	27.096
1033	28.388	27.144
1034	28.089	27.155
1035	27.801	27.204
1036	27.538	27.239
1037	27.269	27.178
1038	27.015	27.204
1039	26.78	27.215
1040	26.569	27.188
1041	26.377	27.241
1042	26.176	27.262
1043	25.976	27.229
1044	25.797	27.224
1045	25.636	27.224
1046	25.495	27.264
1047	25.363	27.243
1048	25.243	27.214
1049	25.136	27.247
1050	25.049	27.215
1051	24.969	27.225
1052	24.91	27.214
1053	24.87	27.238
1054	24.843	27.23
1055	24.843	27.22
1056	24.842	27.199
1057	24.847	27.177
1058	24.876	27.174
1059	24.925	27.153
1060	25.004	27.119
1061	25.067	27.094
1062	25.15	27.076
1063	25.259	27.019
1064	25.388	26.999
1065	25.531	26.989
1066	25.695	26.948
1067	25.883	26.923
1068	26.09	26.939
1069	26.315	26.912
1070	26.542	26.911
1071	26.788	26.871
1072	27.07	26.873
1073	27.34	26.82
1074	27.66	26.862
1075	27.946	26.844
1076	28.25	26.791
1077	28.602	26.81
1078	28.951	26.778
1079	29.302	26.774
1080	29.655	26.808
1081	30.028	26.801
1082	30.414	26.835
1083	30.791	26.845
1084	31.188	26.888
1085	31.548	26.867
1086	31.976	26.912
1087	32.367	26.931
1088	32.724	26.953
1089	33.073	26.931
1090	33.416	26.928
1091	33.751	26.933
1092	34.059	26.918
1093	34.373	26.918
1094	34.672	26.936
1095	34.952	26.918
1096	35.203	26.923
1097	35.401	26.906
1098	35.609	26.946
1099	35.754	26.877
1100	35.953	26.967
1101	36.101	27.015
1102	36.196	27.048
1103	36.248	27.074
1104	36.265	27.075
1105	36.257	27.09
1106	36.202	27.097
1107	36.129	27.077
1108	36.029	27.072
1109	35.855	27.007
1110	35.716	27.049
1111	35.497	27.032
1112	35.258	26.994
1113	35.026	26.972
1114	34.788	27.019
1115	34.545	27.065
1116	34.252	27.068
1117	33.955	27.084
1118	33.628	27.077
1119	33.288	27.096
1120	32.917	27.124
1121	32.549	27.117
1122	32.193	27.106
1123	31.839	27.115
1124	31.484	27.129
1125	31.073	27.03
1126	30.697	27.018
1127	30.325	26.995
1128	29.953	26.986
1129	29.595	27.006
1130	29.257	26.957
1131	28.914	26.949
1132	28.571	26.93
1133	28.275	26.946
1134	27.996	26.991
1135	27.702	26.98
1136	27.432	26.968
1137	27.191	27.003
1138	26.95	27.026
1139	26.71	27.024
1140	26.458	26.953
1141	26.244	26.954
1142	26.044	26.943
1143	25.871	26.973
1144	25.711	26.985
1145	25.579	26.996
1146	25.456	27.033
1147	25.332	27.07
1148	25.234	27.091
1149	25.133	27.097
1150	25.063	27.116
1151	25.003	27.125
1152	24.963	27.142
1153	24.941	27.146
1154	24.922	27.128
1155	24.893	27.091
1156	24.914	27.108
1157	24.96	27.194
1158	24.986	27.153
1159	25.027	27.099
1160	25.091	27.096
1161	25.173	27.107
1162	25.257	27.115
1163	25.377	27.077
1164	25.494	27.067
1165	25.644	27.069
1166	25.792	27.018
1167	25.995	27.056
1168	26.186	27.02
1169	26.411	27.072
1170	26.631	27.024
1171	26.87	27.007
1172	27.102	26.961
1173	27.358	26.907
1174	27.648	26.88
1175	27.948	26.86
1176	28.256	26.828
1177	28.563	26.785
1178	28.894	26.761
1179	29.237	26.76
1180	29.609	26.805
1181	29.989	26.82
1182	30.339	26.733
1183	30.709	26.741
1184	31.094	26.767
1185	31.47	26.804
1186	31.833	26.805
1187	32.241	26.82
1188	32.598	26.851
1189	32.976	26.829
1190	33.325	26.836
1191	33.697	26.891
1192	34.012	26.928
1193	34.315	26.925
1194	34.616	26.89
1195	34.897	26.904
1196	35.136	26.883
1197	35.396	26.908
1198	35.588	26.913
1199	35.766	26.941
1200	35.934	26.99
1201	36.062	27.039
1202	36.166	27.067
1203	36.236	27.09
1204	36.277	27.087
1205	36.271	27.05
1206	36.211	27.018
1207	36.157	27.065
1208	36.06	27.088
1209	35.895	27.067
1210	35.736	27.029
1211	35.556	27.023
1212	35.316	27.023
1213	35.072	27.015
1214	34.812	27.021
1215	34.541	27.026
1216	34.233	27.003
1217	33.903	26.948
1218	33.562	26.923
1219	33.232	26.941
1220	32.895	26.963
1221	32.562	27.007
1222	32.214	27.025
1223	31.869	27.045
1224	31.533	27.104
1225	31.169	27.107
1226	30.789	27.117
1227	30.433	27.14
1228	30.105	27.196
1229	29.748	27.18
1230	29.406	27.206
1231	29.07	27.222
1232	28.725	27.185
1233	28.398	27.127
1234	28.136	27.168
1235	27.865	27.212
1236	27.59	27.208
1237	27.325	27.204
1238	27.085	27.238
1239	26.853	27.267
1240	26.628	27.274
1241	26.402	27.286
1242	26.184	27.273
1243	26.023	27.343
1244	25.827	27.323
1245	25.655	27.32
1246	25.502	27.307
1247	25.355	27.269
1248	25.243	27.294
1249	25.102	27.195
1250	25.005	27.176
1251	24.941	27.128
1252	24.875	27.115
1253	24.798	27.042
1254	24.764	27.043
1255	24.767	27.095
1256	24.769	27.097
1257	24.791	27.08
1258	24.837	27.138
1259	24.855	27.074
1260	24.897	26.986
1261	24.988	27.037
1262	25.086	27.014
1263	25.206	26.973
1264	25.339	26.952
1265	25.478	26.92
1266	25.67	26.928
1267	25.877	26.939
1268	26.062	26.894
1269	26.283	26.867
1270	26.551	26.89
1271	26.811	26.894
1272	27.086	26.914
1273	27.337	26.864
1274	27.649	26.877
1275	27.943	26.839
1276	28.257	26.87
1277	28.591	26.848
1278	28.952	26.845
1279	29.32	26.845
1280	29.665	26.806
1281	30.056	26.854
1282	30.447	26.898
1283	30.825	26.88
1284	31.228	26.915
1285	31.612	26.938
1286	31.958	26.847
1287	32.332	26.842
1288	32.694	26.85
1289	33.021	26.812
1290	33.351	26.819
1291	33.678	26.804
1292	33.968	26.78
1293	34.284	26.845
1294	34.559	26.831
1295	34.792	26.802
1296	35.022	26.759
1297	35.247	26.757
1298	35.479	26.791
1299	35.641	26.791
1300	35.813	26.804
1301	35.919	26.754
1302	36.007	26.767
1303	36.059	26.819
1304	36.11	26.887
1305	36.089	26.855
1306	36.033	26.814
1307	35.968	26.805
1308	35.86	26.816
1309	35.721	26.794
1310	35.582	26.81
1311	35.458	26.905
1312	35.25	26.909
1313	35.025	26.941
1314	34.804	26.995
1315	34.569	27.036
1316	34.268	27.013
1317	33.994	27.022
1318	33.678	26.998
1319	33.331	27.017
1320	32.993	27.023
1321	32.653	27.055
1322	32.304	27.07
1323	31.921	27.031
1324	31.57	27.041
1325	31.185	27.042
1326	30.842	27.081
1327	30.481	27.084
1328	30.104	27.026
1329	29.734	26.98
1330	29.403	26.999
1331	29.058	26.967
1332	28.731	26.974
1333	28.422	26.938
1334	28.133	26.962
1335	27.825	26.962
1336	27.518	26.909
1337	27.238	26.889
1338	26.979	26.844
1339	26.737	26.837
1340	26.505	26.838
1341	26.297	26.878
1342	26.094	26.876
1343	25.897	26.882
1344	25.724	26.877
1345	25.571	26.871
1346	25.424	26.901
1347	25.291	26.89
1348	25.185	26.901
1349	25.063	26.862
1350	24.988	26.875
1351	24.919	26.882
1352	24.885	26.95
1353	24.862	27.004
1354	24.835	26.993
1355	24.814	26.966
1356	24.814	26.941
1357	24.828	26.94
1358	24.858	26.94
1359	24.907	26.943
1360	24.983	26.965
1361	25.074	26.952
1362	25.179	26.941
1363	25.319	27.027
1364	25.456	27.025
1365	25.585	26.983
1366	25.762	26.984
1367	25.948	27.003
1368	26.162	26.98
1369	26.379	26.944
1370	26.599	26.927
1371	26.851	26.877
1372	27.109	26.861
1373	27.412	26.901
1374	27.713	26.944
1375	28.018	26.921
1376	28.335	26.904
1377	28.652	26.84
1378	28.986	26.806
1379	29.365	26.848
1380	29.724	26.854
1381	30.103	26.882
1382	30.475	26.853
1383	30.858	26.873
1384	31.229	26.868
1385	31.598	26.835
1386	31.96	26.839
1387	32.328	26.858
1388	32.635	26.781
1389	32.985	26.781
1390	33.36	26.81
1391	33.667	26.766
1392	34.001	26.819
1393	34.289	26.815
1394	34.604	26.871
1395	34.87	26.864
1396	35.116	26.929
1397	35.352	26.934
1398	35.522	26.911
1399	35.713	26.901
1400	35.89	26.983
1401	35.983	26.938
1402	36.064	26.943
1403	36.129	26.959
1404	36.107	26.935
1405	36.115	26.96
1406	36.083	26.97
1407	36.015	26.979
1408	35.909	27.004
1409	35.812	27.033
1410	35.652	27.022
1411	35.467	27.019
1412	35.273	27.044
1413	35.042	27.033
1414	34.794	27.041
1415	34.525	27.025
1416	34.239	27.039
1417	33.899	26.951
1418	33.589	26.963
1419	33.256	26.972
1420	32.919	26.997
1421	32.568	26.977
1422	32.209	27.008
1423	31.847	27.022
1424	31.493	27.05
1425	31.127	27.053
1426	30.797	27.126
1427	30.433	27.132
1428	30.071	27.121
1429	29.731	27.122
1430	29.396	27.137
1431	29.06	27.139
1432	28.75	27.162
1433	28.446	27.146
1434	28.103	27.093
1435	27.817	27.127
1436	27.541	27.143
1437	27.279	27.152
1438	27.053	27.193
1439	26.806	27.179
1440	26.596	27.259
1441	26.383	27.314
1442	26.205	27.358
1443	26.009	27.34
1444	25.856	27.364
1445	25.696	27.356
1446	25.537	27.347
1447	25.392	27.317
1448	25.263	27.31
1449	25.163	27.308
1450	25.061	27.26
1451	24.976	27.239
1452	24.909	27.196
1453	24.859	27.196
1454	24.824	27.16
1455	24.8	27.124
1456	24.8	27.139
1457	24.802	27.135
1458	24.813	27.128
1459	24.874	27.143
1460	24.939	27.128
1461	25.005	27.105
1462	25.104	27.074
1463	25.21	27.043
1464	25.35	27.037
1465	25.487	26.987
1466	25.663	26.943
1467	25.819	26.899
1468	26.027	26.899
1469	26.211	26.801
1470	26.441	26.787
1471	26.703	26.755
1472	26.965	26.716
1473	27.259	26.692
1474	27.546	26.686
1475	27.862	26.689
1476	28.165	26.664
1477	28.505	26.69
1478	28.857	26.685
1479	29.209	26.678
1480	29.578	26.678
1481	29.951	26.648
1482	30.338	26.616
1483	30.737	26.616
1484	31.123	26.657
1485	31.502	26.63
1486	31.917	26.656
1487	32.287	26.667
1488	32.654	26.666
1489	33.009	26.68
1490	33.349	26.637
1491	33.675	26.651
1492	34.027	26.695
1493	34.326	26.698
1494	34.6	26.731
1495	34.871	26.752
1496	35.126	26.802
1497	35.369	26.814
1498	35.562	26.803
1499	35.705	26.76
1500	35.852	26.761
1501	36.007	26.795
1502	36.088	26.811
1503	36.144	26.8
1504	36.189	26.842
1505	36.186	26.845
1506	36.151	26.859
1507	36.118	26.93
1508	36.024	26.935
1509	35.908	26.897
1510	35.756	26.922
1511	35.537	26.899
1512	35.358	26.959
1513	35.135	26.978
1514	34.871	26.959
1515	34.586	26.966
1516	34.307	26.955
1517	33.996	26.956
1518	33.646	26.937
1519	33.344	26.968
1520	32.997	26.943
1521	32.626	26.933
1522	32.269	26.962
1523	31.908	27.005
1524	31.563	27.044
1525	31.196	27.054
1526	30.837	27.064
1527	30.481	27.058
1528	30.125	27.073
1529	29.772	27.089
1530	29.464	27.152
1531	29.125	27.153
1532	28.791	27.193
1533	28.465	27.177
1534	28.16	27.206
1535	27.893	27.256
1536	27.643	27.278
1537	27.354	27.224
1538	27.121	27.297
1539	26.862	27.287
1540	26.638	27.296
1541	26.415	27.306
1542	26.208	27.296
1543	26.033	27.297
1544	25.836	27.29
1545	25.694	27.321
1546	25.561	27.359
1547	25.425	27.363
1548	25.303	27.365
1549	25.195	27.376
1550	25.092	27.346
1551	25.002	27.331
1552	24.93	27.353
1553	24.88	27.332
1554	24.846	27.321
1555	24.804	27.285
1556	24.8	27.289
1557	24.792	27.199
1558	24.827	27.181
1559	24.87	27.162
1560	24.921	27.182
1561	24.971	27.14
1562	25.069	27.125
1563	25.166	27.067
1564	25.316	27.078
1565	25.471	27.092
1566	25.64	27.097
1567	25.826	27.076
1568	26.043	27.104
1569	26.284	27.117
1570	26.505	27.13
1571	26.747	27.054
1572	27.016	27.051
1573	27.3	27.041
1574	27.6	27.03
1575	27.924	27.019
1576	28.255	27.026
1577	28.604	26.972
1578	28.959	26.997
1579	29.302	26.934
1580	29.667	26.932
1581	30.038	26.912
1582	30.411	26.932
1583	30.793	26.938
1584	31.177	26.949
1585	31.545	26.879
1586	31.938	26.885
1587	32.33	26.893
1588	32.69	26.874
1589	33.059	26.874
1590	33.431	26.883
1591	33.754	26.852
1592	34.077	26.864
1593	34.344	26.867
1594	34.627	26.833
1595	34.899	26.815
1596	35.151	26.864
1597	35.373	26.859
1598	35.571	26.853
1599	35.725	26.824
1600	35.885	26.854
1601	36.016	26.894
1602	36.124	26.923
1603	36.161	26.895
1604	36.217	26.952
1605	36.166	26.932
1606	36.121	26.944
1607	36.056	26.946
1608	35.965	26.968
1609	35.815	26.972
1610	35.654	26.98
1611	35.463	26.974
1612	35.234	26.991
1613	34.974	26.962
1614	34.712	26.979
1615	34.418	26.987
1616	34.15	27.028
1617	33.84	27.016
1618	33.541	27.043
1619	33.211	27.088
1620	32.862	27.078
1621	32.54	27.07
1622	32.184	27.095
1623	31.829	27.095
1624	31.515	27.167
1625	31.141	27.156
1626	30.748	27.133
1627	30.36	27.085
1628	30.019	27.116
1629	29.667	27.145
1630	29.356	27.152
1631	29.045	27.174
1632	28.745	27.173
1633	28.436	27.191
1634	28.147	27.187
1635	27.854	27.161
1636	27.591	27.208
1637	27.331	27.211
1638	27.095	27.24
1639	26.846	27.208
1640	26.612	27.182
1641	26.388	27.165
1642	26.186	27.18
1643	25.991	27.125
1644	25.806	27.074
1645	25.652	27.146
1646	25.467	27.072
1647	25.341	27.054
1648	25.241	27.105
1649	25.131	27.111
1650	25.029	27.079
1651	24.961	27.058
1652	24.911	27.086
1653	24.864	27.08
1654	24.826	27.016
1655	24.807	27.003
1656	24.796	26.987
1657	24.802	26.971
1658	24.83	26.955
1659	24.869	26.906
1660	24.944	26.912
1661	25.023	26.894
1662	25.109	26.868
1663	25.23	26.872
1664	25.368	26.884
1665	25.52	26.901
1666	25.676	26.892
1667	25.873	26.873
1668	26.086	26.859
1669	26.335	26.901
1670	26.573	26.851
1671	26.846	26.897
1672	27.109	26.896
1673	27.371	26.844
1674	27.65	26.806
1675	27.957	26.808
1676	28.284	26.809
1677	28.621	26.818
1678	28.971	26.827
1679	29.335	26.874
1680	29.705	26.866
1681	30.098	26.905
1682	30.472	26.917
1683	30.838	26.891
1684	31.261	26.993
1685	31.629	26.995
1686	32.015	27.003
1687	32.408	27.007
1688	32.771	26.992
1689	33.151	27.016
1690	33.485	26.971
1691	33.847	26.995
1692	34.178	27.074
1693	34.47	27.122
1694	34.728	27.101
1695	34.967	27.061
1696	35.196	27.038
1697	35.408	27.061
1698	35.594	27.045
1699	35.759	27.044
1700	35.914	27.056
1701	36.018	27.051
1702	36.076	27.053
1703	36.121	27.048
1704	36.112	27.01
1705	36.099	27.035
1706	36.023	26.973
1707	35.933	26.926
1708	35.842	26.939
1709	35.638	26.835
1710	35.485	26.863
1711	35.29	26.875
1712	35.06	26.855
1713	34.835	26.882
1714	34.54	26.86
1715	34.255	26.893
1716	33.966	26.884
1717	33.649	26.851
1718	33.343	26.846
1719	33.015	26.875
1720	32.69	26.899
1721	32.349	26.923
1722	31.984	26.897
1723	31.629	26.901
1724	31.279	26.899
1725	30.939	26.924
1726	30.586	26.915
1727	30.247	26.914
1728	29.931	26.942
1729	29.635	27.033
1730	29.292	26.989
1731	28.974	26.998
1732	28.682	27.04
1733	28.4	27.064
1734	28.141	27.126
1735	27.864	27.149
1736	27.601	27.128
1737	27.35	27.159
1738	27.101	27.18
1739	26.886	27.186
1740	26.681	27.185
1741	26.471	27.179
1742	26.251	27.112
1743	26.072	27.113
1744	25.904	27.095
1745	25.747	27.086
1746	25.61	27.097
1747	25.493	27.115
1748	25.387	27.157
1749	25.286	27.164
1750	25.183	27.14
1751	25.1	27.121
1752	25.038	27.115
1753	24.951	27.05
1754	24.895	27.003
1755	24.884	27.041
1756	24.874	27.026
1757	24.882	27.038
1758	24.882	27.032
1759	24.922	26.996
1760	24.972	26.935
1761	25.045	26.926
1762	25.131	26.912
1763	25.231	26.848
1764	25.359	26.857
1765	25.522	26.918
1766	25.687	26.917
1767	25.883	26.956
1768	26.084	26.955
1769	26.297	26.937
1770	26.532	26.958
1771	26.773	26.941
1772	27.062	26.975
1773	27.326	26.903
1774	27.61	26.899
1775	27.947	26.935
1776	28.271	26.934
1777	28.609	26.927
1778	28.978	26.973
1779	29.335	26.959
1780	29.703	26.953
1781	30.099	26.99
1782	30.463	26.946
1783	30.856	26.938
1784	31.226	26.967
1785	31.613	26.969
1786	31.988	26.955
1787	32.367	26.944
1788	32.762	27.026
1789	33.149	27.062
1790	33.473	26.972
1791	33.805	26.986
1792	34.138	27.005
1793	34.434	27.005
1794	34.687	26.984
1795	34.934	26.94
1796	35.188	26.95
1797	35.412	26.947
1798	35.615	26.993
1799	35.798	27.015
1800	35.903	26.999
1801	36.038	27.027
1802	36.118	27.055
1803	36.17	27.045
1804	36.195	27.05
1805	36.189	27.059
1806	36.131	27.086
1807	36.063	27.107
1808	35.968	27.098
1809	35.816	27.098
1810	35.668	27.125
1811	35.478	27.167
1812	35.271	27.175
1813	35.025	27.137
1814	34.732	27.108
1815	34.448	27.158
1816	34.159	27.141
1817	33.841	27.123
1818	33.524	27.148
1819	33.22	27.203
1820	32.891	27.249
1821	32.528	27.236
1822	32.118	27.182
1823	31.754	27.202
1824	31.394	27.207
1825	31.028	27.189
1826	30.674	27.264
1827	30.315	27.227
1828	29.945	27.223
1829	29.617	27.236
1830	29.262	27.199
1831	28.939	27.184
1832	28.608	27.175
1833	28.297	27.177
1834	28.017	27.146
1835	27.708	27.121
1836	27.449	27.103
1837	27.195	27.135
1838	26.946	27.114
1839	26.722	27.097
1840	26.517	27.092
1841	26.312	27.104
1842	26.114	27.098
1843	25.924	27.043
1844	25.76	27.045
1845	25.586	27.002
1846	25.451	27.002
1847	25.342	27.028
1848	25.239	27.017
1849	25.135	26.972
1850	25.058	26.984
1851	24.979	26.92
1852	24.911	26.892
1853	24.88	26.88
1854	24.828	26.811
1855	24.809	26.833
1856	24.799	26.774
1857	24.86	26.845
1858	24.892	26.862
1859	24.946	26.876
1860	25.053	26.952
1861	25.131	26.957
1862	25.233	26.953
1863	25.355	26.979
1864	25.489	27.011
1865	25.637	26.988
1866	25.802	26.993
1867	25.989	26.998
1868	26.197	27.035
1869	26.406	26.992
1870	26.663	27.032
1871	26.918	27.06
1872	27.188	27.041
1873	27.47	27.038
1874	27.762	27.048
1875	28.069	27.058
1876	28.39	27.06
1877	28.739	27.102
1878	29.074	27.09
1879	29.439	27.139
1880	29.848	27.193
1881	30.221	27.223
1882	30.545	27.125
1883	30.918	27.111
1884	31.303	27.104
1885	31.638	27.016
1886	32.032	27.056
1887	32.388	27.052
1888	32.74	27.024
1889	33.061	26.956
1890	33.396	26.971
1891	33.717	26.959
1892	34.031	26.946
1893	34.309	26.901
1894	34.596	26.929
1895	34.849	26.898
1896	35.066	26.858
1897	35.241	26.838
1898	35.443	26.843
1899	35.586	26.807
1900	35.721	26.797
1901	35.863	26.827
1902	35.936	26.862
1903	36	26.876
1904	36.029	26.862
1905	35.96	26.807
1906	35.904	26.782
1907	35.851	26.837
1908	35.77	26.851
1909	35.643	26.915
1910	35.52	27.005
1911	35.33	27.026
1912	35.126	27.007
1913	34.908	27.02
1914	34.694	27.086
1915	34.443	27.097
1916	34.168	27.089
1917	33.893	27.129
1918	33.605	27.165
1919	33.274	27.143
1920	32.94	27.157
1921	32.604	27.219
1922	32.275	27.233
1923	31.917	27.252
1924	31.578	27.275
1925	31.216	27.254
1926	30.838	27.201
1927	30.49	27.179
1928	30.134	27.185
1929	29.793	27.206
1930	29.482	27.222
1931	29.173	27.243
1932	28.859	27.229
1933	28.538	27.209
1934	28.233	27.155
1935	27.93	27.092
1936	27.638	27.046
1937	27.355	27.03
1938	27.113	27.112
1939	26.87	27.108
1940	26.639	27.114
1941	26.402	27.071
1942	26.202	27.07
1943	26.006	27.061
1944	25.831	27.067
1945	25.675	27.097
1946	25.546	27.112
1947	25.41	27.104
1948	25.289	27.091
1949	25.205	27.165
1950	25.104	27.201
1951	25.025	27.225
1952	24.962	27.214
1953	24.925	27.272
1954	24.886	27.279
1955	24.844	27.23
1956	24.837	27.26
1957	24.845	27.247
1958	24.889	27.317
1959	24.927	27.311
1960	24.988	27.317
1961	25.063	27.286
1962	25.175	27.314
1963	25.27	27.224
1964	25.404	27.208
1965	25.547	27.184
1966	25.752	27.283
1967	25.915	27.258
1968	26.12	27.266
1969	26.331	27.263
1970	26.557	27.223
1971	26.792	27.162
1972	27.063	27.21
1973	27.334	27.182
1974	27.606	27.107
1975	27.929	27.082
1976	28.252	27.073
1977	28.568	27.042
1978	28.908	26.98
1979	29.262	26.973
1980	29.647	27.004
1981	30.017	26.973
1982	30.39	26.964
1983	30.755	26.928
1984	31.149	26.946
1985	31.517	26.957
1986	31.909	26.99
1987	32.286	26.97
1988	32.659	26.978
1989	32.996	26.968
1990	33.34	26.964
1991	33.65	26.959
1992	33.975	26.955
1993	34.26	26.917
1994	34.547	26.892
1995	34.824	26.921
1996	35.073	26.942
1997	35.305	26.93
1998	35.508	26.971
1999	35.686	26.998
2000	35.816	26.978
2001	35.914	26.962
2002	36.042	26.992
2003	36.132	27.038
2004	36.155	27.046
2005	36.19	27.112
2006	36.144	27.141
2007	36.082	27.172
2008	35.997	27.162
2009	35.868	27.161
2010	35.732	27.155
2011	35.543	27.146
2012	35.344	27.179
2013	35.122	27.206
2014	34.886	27.237
2015	34.623	27.242
2016	34.327	27.224
2017	34.019	27.244
2018	33.722	27.31
2019	33.418	27.352
2020	33.061	27.337
2021	32.701	27.331
2022	32.34	27.334
2023	31.969	27.272
2024	31.633	27.317
2025	31.267	27.339
2026	30.918	27.352
2027	30.529	27.329
2028	30.137	27.28
2029	29.764	27.235
2030	29.377	27.165
2031	29.06	27.167
2032	28.734	27.172
2033	28.392	27.154
2034	28.062	27.118
2035	27.783	27.171
2036	27.492	27.15
2037	27.225	27.191
2038	26.965	27.161
2039	26.702	27.136
2040	26.477	27.156
2041	26.265	27.142
2042	26.068	27.135
2043	25.898	27.169
2044	25.713	27.179
2045	25.571	27.193
2046	25.43	27.175
2047	25.298	27.179
2048	25.183	27.189
2049	25.057	27.133
2050	24.979	27.139
2051	24.906	27.159
2052	24.855	27.166
2053	24.818	27.172
2054	24.803	27.209
2055	24.805	27.237
2056	24.797	27.219
2057	24.821	27.215
2058	24.871	27.213
2059	24.942	27.265
2060	25.018	27.277
2061	25.11	27.304
2062	25.209	27.252
2063	25.329	27.257
2064	25.493	27.303
2065	25.639	27.28
2066	25.792	27.236
2067	25.976	27.202
2068	26.151	27.118
2069	26.369	27.098
2070	26.593	27.077
2071	26.842	27.085
2072	27.107	27.08
2073	27.385	27.085
2074	27.659	27.035
2075	27.988	27.055
2076	28.326	27.087
2077	28.661	27.09
2078	29.028	27.124
2079	29.389	27.109
2080	29.75	27.096
2081	30.126	27.088
2082	30.511	27.136
2083	30.863	27.128
2084	31.221	27.059
2085	31.569	26.981
2086	31.936	26.944
2087	32.294	26.921
2088	32.653	26.897
2089	32.984	26.866
2090	33.326	26.888
2091	33.677	26.937
2092	33.994	26.973
2093	34.306	26.982
2094	34.56	26.947
2095	34.825	26.939
2096	35.033	26.884
2097	35.257	26.886
2098	35.446	26.893
2099	35.644	26.944
2100	35.795	26.97
2101	35.884	26.931
2102	35.983	26.949
2103	35.993	26.915
2104	36.011	26.9
2105	36.002	26.92
2106	35.971	26.976
2107	35.882	26.934
2108	35.82	26.938
2109	35.716	26.993
2110	35.565	27.015
2111	35.403	27.051
2112	35.183	27.04
2113	34.959	27.073
2114	34.736	27.089
2115	34.448	27.043
2116	34.152	26.999
2117	33.828	26.965
2118	33.517	26.989
2119	33.218	27.026
2120	32.896	27.066
2121	32.562	27.124
2122	32.217	27.169
2123	31.892	27.199
2124	31.542	27.21
2125	31.155	27.179
2126	30.787	27.144
2127	30.434	27.159
2128	30.099	27.182
2129	29.766	27.231
2130	29.414	27.245
2131	29.072	27.189
2132	28.748	27.181
2133	28.431	27.185
2134	28.115	27.179
2135	27.83	27.195
2136	27.543	27.161
2137	27.281	27.182
2138	27.033	27.197
2139	26.787	27.19
2140	26.577	27.238
2141	26.365	27.278
2142	26.186	27.321
2143	25.987	27.29
2144	25.817	27.319
2145	25.649	27.329
2146	25.516	27.321
2147	25.38	27.277
2148	25.244	27.237
2149	25.136	27.211
2150	25.044	27.179
2151	24.963	27.177
2152	24.899	27.167
2153	24.85	27.148
2154	24.815	27.118
2155	24.812	27.077
2156	24.821	27.092
2157	24.838	27.086
2158	24.868	27.085
2159	24.935	27.093
2160	24.999	27.055
2161	25.088	27.094
2162	25.191	27.051
2163	25.284	27.018
2164	25.415	26.99
2165	25.57	26.975
2166	25.748	26.968
2167	25.925	26.936
2168	26.113	26.937
2169	26.321	26.923
2170	26.548	26.883
2171	26.8	26.901
2172	27.067	26.898
2173	27.353	26.906
2174	27.676	26.975
2175	27.987	26.997
2176	28.322	27.026
2177	28.659	27.041
2178	29.005	27.052
2179	29.374	27.065
2180	29.715	27.025
2181	30.105	27.067
2182	30.477	27.049
2183	30.856	27.04
2184	31.228	27.022
2185	31.603	27.011
2186	31.972	26.974
2187	32.352	27.01
2188	32.728	27.005
2189	33.087	26.999
2190	33.396	26.962
2191	33.71	26.942
2192	34.03	26.964
2193	34.338	26.961
2194	34.633	26.957
2195	34.884	26.934
2196	35.115	26.937
2197	35.329	26.913
2198	35.491	26.902
2199	35.651	26.859
2200	35.787	26.86
2201	35.902	26.884
2202	35.979	26.876
2203	36.02	26.849
2204	36.023	26.838
2205	36.047	26.935
2206	35.983	26.908
2207	35.933	26.942
2208	35.864	27.026
2209	35.719	26.987
2210	35.539	26.994
2211	35.395	27.053
2212	35.206	27.08
2213	35.001	27.122
2214	34.73	27.093
2215	34.491	27.128
2216	34.223	27.168
2217	33.924	27.155
2218	33.624	27.181
2219	33.295	27.189
2220	32.957	27.224
2221	32.613	27.185
2222	32.273	27.217
2223	31.974	27.279
2224	31.596	27.283
2225	31.239	27.27
2226	30.861	27.264
2227	30.514	27.278
2228	30.173	27.306
2229	29.826	27.311
2230	29.492	27.296
2231	29.156	27.271
2232	28.821	27.262
2233	28.481	27.172
2234	28.192	27.25
2235	27.92	27.269
2236	27.622	27.241
2237	27.352	27.242
2238	27.097	27.226
2239	26.867	27.246
2240	26.637	27.26
2241	26.412	27.271
2242	26.21	27.3
2243	26.028	27.3
2244	25.847	27.296
2245	25.698	27.308
2246	25.555	27.335
2247	25.434	27.382
2248	25.29	27.346
2249	25.169	27.324
2250	25.096	27.397
2251	25.016	27.349
2252	24.949	27.332
2253	24.899	27.388
2254	24.872	27.391
2255	24.85	27.384
2256	24.847	27.391
2257	24.871	27.454
2258	24.919	27.491
2259	24.967	27.466
2260	25.027	27.469
2261	25.1	27.466
2262	25.218	27.497
2263	25.322	27.475
2264	25.455	27.483
2265	25.623	27.532
2266	25.777	27.512
2267	25.95	27.475
2268	26.153	27.501
2269	26.347	27.457
2270	26.574	27.443
2271	26.817	27.445
2272	27.06	27.387
2273	27.322	27.348
2274	27.624	27.35
2275	27.898	27.261
2276	28.238	27.283
2277	28.574	27.3
2278	28.899	27.2
2279	29.235	27.18
2280	29.6	27.151
2281	29.967	27.134
2282	30.331	27.079
2283	30.722	27.093
2284	31.096	27.083
2285	31.475	27.061
2286	31.856	27.064
2287	32.174	26.974
2288	32.548	26.975
2289	32.911	27.033
2290	33.227	26.964
2291	33.598	27.011
2292	33.939	27.014
2293	34.242	26.972
2294	34.572	27.003
2295	34.855	27.019
2296	35.102	26.996
2297	35.315	26.972
2298	35.545	26.999
2299	35.704	26.94
2300	35.867	26.972
2301	36.014	27.054
2302	36.098	27.034
2303	36.18	27.084
2304	36.22	27.098
2305	36.233	27.164
2306	36.208	27.231
2307	36.147	27.227
2308	36.022	27.224
2309	35.914	27.277
2310	35.734	27.286
2311	35.555	27.292
2312	35.376	27.334
2313	35.114	27.344
2314	34.843	27.296
2315	34.568	27.33
2316	34.246	27.247
2317	33.923	27.252
2318	33.598	27.276
2319	33.243	27.3
2320	32.896	27.292
2321	32.543	27.299
2322	32.205	27.331
2323	31.841	27.348
2324	31.501	27.419
2325	31.143	27.433
2326	30.791	27.41
2327	30.441	27.43
2328	30.074	27.396
2329	29.727	27.398
2330	29.393	27.405
2331	29.05	27.372
2332	28.715	27.357
2333	28.403	27.342
2334	28.084	27.302
2335	27.796	27.274
2336	27.512	27.275
2337	27.243	27.275
2338	27.018	27.292
2339	26.793	27.339
2340	26.567	27.327
2341	26.367	27.402
2342	26.175	27.426
2343	26.008	27.447
2344	25.835	27.437
2345	25.682	27.442
2346	25.537	27.444
2347	25.39	27.405
2348	25.293	27.468
2349	25.19	27.484
2350	25.106	27.483
2351	25.006	27.415
2352	24.943	27.42
2353	24.914	27.459
2354	24.865	27.417
2355	24.817	27.325
2356	24.832	27.323
2357	24.856	27.34
2358	24.886	27.317
2359	24.945	27.311
2360	25.013	27.317
2361	25.096	27.329
2362	25.181	27.284
2363	25.286	27.248
2364	25.403	27.198
2365	25.553	27.19
2366	25.718	27.114
2367	25.9	27.09
2368	26.086	27.056
2369	26.315	27.043
2370	26.541	27.041
2371	26.808	27.053
2372	27.066	27.071
2373	27.301	26.951
2374	27.58	26.928
2375	27.873	26.894
2376	28.197	26.962
2377	28.517	26.933
2378	28.849	26.935
2379	29.222	26.957
2380	29.599	26.976
2381	29.96	26.973
2382	30.333	26.944
2383	30.707	26.954
2384	31.083	26.934
2385	31.475	26.943
2386	31.828	26.878
2387	32.212	26.933
2388	32.577	26.944
2389	32.95	26.956
2390	33.283	26.919
2391	33.617	26.945
2392	33.913	26.932
2393	34.22	26.936
2394	34.522	26.939
2395	34.786	26.93
2396	35.039	26.981
2397	35.288	26.984
2398	35.536	27.033
2399	35.719	27.042
2400	35.881	27.069
2401	35.991	27.03
2402	36.091	27.064
2403	36.157	27.05
2404	36.189	27.069
2405	36.207	27.134
2406	36.148	27.099
2407	36.085	27.143
2408	36.012	27.226
2409	35.874	27.218
2410	35.706	27.22
2411	35.564	27.258
2412	35.361	27.268
2413	35.134	27.29
2414	34.877	27.315
2415	34.63	27.385
2416	34.337	27.39
2417	34.053	27.4
2418	33.727	27.41
2419	33.38	27.425
2420	33.05	27.445
2421	32.682	27.398
2422	32.327	27.41
2423	31.945	27.431
2424	31.581	27.444
2425	31.225	27.453
2426	30.855	27.422
2427	30.495	27.404
2428	30.113	27.379
2429	29.768	27.394
2430	29.433	27.402
2431	29.11	27.444
2432	28.781	27.427
2433	28.456	27.378
2434	28.163	27.4
2435	27.873	27.432
2436	27.594	27.456
2437	27.312	27.41
2438	27.058	27.406
2439	26.81	27.384
2440	26.578	27.357
2441	26.35	27.368
2442	26.147	27.379
2443	25.942	27.342
2444	25.791	27.361
2445	25.619	27.331
2446	25.47	27.334
2447	25.338	27.331
2448	25.219	27.301
2449	25.106	27.295
2450	25.005	27.284
2451	24.929	27.277
2452	24.872	27.272
2453	24.838	27.282
2454	24.781	27.236
2455	24.749	27.153
2456	24.748	27.168
2457	24.762	27.166
2458	24.787	27.122
2459	24.816	27.077
2460	24.878	27.023
2461	24.959	27.039
2462	25.08	27.062
2463	25.205	27.071
2464	25.349	27.078
2465	25.502	27.055
2466	25.707	27.075
2467	25.888	27.04
2468	26.096	27.038
2469	26.284	26.987
2470	26.533	26.991
2471	26.783	26.996
2472	27.055	26.984
2473	27.345	26.999
2474	27.649	26.99
2475	27.96	26.987
2476	28.284	27.032
2477	28.612	26.995
2478	28.967	27.008
2479	29.351	27.01
2480	29.697	27.027
2481	30.085	27.004
2482	30.43	26.97
2483	30.805	26.961
2484	31.201	27.014
2485	31.598	27.022
2486	31.969	27.024
2487	32.324	27.032
2488	32.669	27.011
2489	33.026	27.018
2490	33.395	27.044
2491	33.686	27.007
2492	33.992	27.018
2493	34.313	27.045
2494	34.61	27.062
2495	34.868	27.068
2496	35.109	27.041
2497	35.31	27.062
2498	35.503	27.066
2499	35.695	27.114
2500	35.827	27.114
2501	35.947	27.111
2502	36.026	27.16
2503	36.088	27.155
2504	36.109	27.167
2505	36.092	27.169
2506	36.042	27.171
2507	36.023	27.194
2508	35.917	27.197
2509	35.789	27.222
2510	35.644	27.26
2511	35.476	27.283
2512	35.286	27.307
2513	35.034	27.286
2514	34.805	27.302
2515	34.502	27.311
2516	34.231	27.327
2517	33.958	27.385
2518	33.637	27.412
2519	33.301	27.422
2520	32.944	27.409
2521	32.571	27.41
2522	32.229	27.406
2523	31.866	27.379
2524	31.497	27.33
2525	31.147	27.335
2526	30.792	27.317
2527	30.423	27.288
2528	30.07	27.304
2529	29.734	27.344
2530	29.407	27.335
2531	29.065	27.335
2532	28.745	27.342
2533	28.448	27.393
2534	28.15	27.362
2535	27.856	27.339
2536	27.55	27.256
2537	27.262	27.198
2538	27.033	27.239
2539	26.776	27.222
2540	26.557	27.269
2541	26.339	27.262
2542	26.135	27.247
2543	25.969	27.279
2544	25.801	27.269
2545	25.647	27.29
2546	25.509	27.288
2547	25.379	27.293
2548	25.245	27.265
2549	25.149	27.331
2550	25.049	27.326
2551	24.952	27.322
2552	24.911	27.337
2553	24.856	27.315
2554	24.806	27.268
2555	24.795	27.264
2556	24.798	27.255
2557	24.83	27.309
2558	24.862	27.282
2559	24.918	27.296
2560	24.974	27.302
2561	25.076	27.325
2562	25.17	27.31
2563	25.296	27.343
2564	25.417	27.306
2565	25.551	27.211
2566	25.694	27.147
2567	25.875	27.1
2568	26.045	27.012
2569	26.254	26.997
2570	26.495	26.987
2571	26.754	26.998
2572	27.01	26.951
2573	27.296	26.976
2574	27.581	26.878
2575	27.892	26.869
2576	28.241	26.887
2577	28.573	26.889
2578	28.9	26.896
2579	29.26	26.896
2580	29.612	26.922
2581	29.985	26.933
2582	30.334	26.861
2583	30.701	26.826
2584	31.066	26.784
2585	31.447	26.788
2586	31.812	26.764
2587	32.208	26.816
2588	32.562	26.754
2589	32.963	26.812
2590	33.333	26.833
2591	33.693	26.881
2592	34.024	26.902
2593	34.341	26.941
2594	34.639	26.94
2595	34.912	26.944
2596	35.188	26.966
2597	35.429	27.005
2598	35.637	27.024
2599	35.8	27.042
2600	35.997	27.096
2601	36.109	27.08
2602	36.164	27.014
2603	36.259	27.025
2604	36.29	27.038
2605	36.303	27.03
2606	36.268	27.01
2607	36.196	27.051
2608	36.092	27.062
2609	35.97	27.101
2610	35.802	27.103
2611	35.627	27.149
2612	35.403	27.136
2613	35.153	27.145
2614	34.867	27.091
2615	34.583	27.119
2616	34.288	27.123
2617	33.985	27.164
2618	33.671	27.157
2619	33.324	27.199
2620	32.96	27.176
2621	32.568	27.12
2622	32.202	27.12
2623	31.842	27.112
2624	31.47	27.124
2625	31.057	27.03
2626	30.687	27.025
2627	30.326	27.047
2628	29.952	27.028
2629	29.611	27.037
2630	29.263	27.036
2631	28.932	27.074
2632	28.6	27.034
2633	28.305	27.067
2634	28.005	27.068
2635	27.733	27.066
2636	27.456	27.037
2637	27.225	27.122
2638	26.975	27.109
2639	26.74	27.143
2640	26.495	27.096
2641	26.288	27.109
2642	26.102	27.107
2643	25.919	27.138
2644	25.743	27.101
2645	25.608	27.184
2646	25.462	27.172
2647	25.344	27.176
2648	25.228	27.16
2649	25.139	27.167
2650	25.058	27.198
2651	25.01	27.278
2652	24.971	27.307
2653	24.946	27.334
2654	24.918	27.35
2655	24.922	27.375
2656	24.933	27.366
2657	24.955	27.385
2658	24.978	27.372
2659	25.01	27.325
2660	25.082	27.344
2661	25.166	27.384
2662	25.238	27.303
2663	25.361	27.311
2664	25.485	27.268
2665	25.652	27.285
2666	25.818	27.261
2667	25.98	27.25
2668	26.152	27.206
2669	26.373	27.218
2670	26.599	27.175
2671	26.833	27.191
2672	27.072	27.174
2673	27.355	27.199
2674	27.621	27.127
2675	27.918	27.103
2676	28.21	27.017
2677	28.529	27.004
2678	28.849	26.972
2679	29.189	26.959
2680	29.516	26.866
2681	29.883	26.869
2682	30.262	26.863
2683	30.624	26.822
2684	30.994	26.81
2685	31.344	26.793
2686	31.724	26.77
2687	32.107	26.765
2688	32.463	26.751
2689	32.823	26.792
2690	33.159	26.777
2691	33.498	26.814
2692	33.822	26.775
2693	34.154	26.779
2694	34.448	26.779
2695	34.712	26.769
2696	35.037	26.838
2697	35.258	26.805
2698	35.436	26.791
2699	35.652	26.854
2700	35.838	26.954
2701	35.966	26.955
2702	36.081	26.987
2703	36.19	27.07
2704	36.238	27.057
2705	36.247	27.098
2706	36.182	27.079
2707	36.113	27.074
2708	36.044	27.111
2709	35.952	27.176
2710	35.811	27.183
2711	35.587	27.132
2712	35.38	27.142
2713	35.168	27.189
2714	34.905	27.162
2715	34.65	27.202
2716	34.326	27.13
2717	34.022	27.146
2718	33.697	27.15
2719	33.368	27.15
2720	33.018	27.133
2721	32.626	27.074
2722	32.264	27.119
2723	31.929	27.164
2724	31.569	27.175
2725	31.191	27.135
2726	30.83	27.158
2727	30.492	27.195
2728	30.11	27.114
2729	29.754	27.16
2730	29.423	27.181
2731	29.098	27.188
2732	28.78	27.211
2733	28.448	27.174
2734	28.152	27.152
2735	27.859	27.175
2736	27.6	27.207
2737	27.353	27.249
2738	27.078	27.174
2739	26.849	27.191
2740	26.628	27.196
2741	26.431	27.235
2742	26.212	27.233
2743	26.028	27.228
2744	25.854	27.24
2745	25.716	27.293
2746	25.577	27.319
2747	25.465	27.329
2748	25.342	27.295
2749	25.215	27.245
2750	25.119	27.222
2751	25.042	27.256
2752	24.951	27.195
2753	24.913	27.216
2754	24.867	27.151
2755	24.85	27.15
2756	24.844	27.137
2757	24.858	27.126
2758	24.89	27.141
2759	24.93	27.14
2760	24.99	27.119
2761	25.064	27.091
2762	25.127	27.025
2763	25.245	27.062
2764	25.361	27.021
2765	25.498	27.02
2766	25.667	26.998
2767	25.858	26.991
2768	26.049	27.01
2769	26.249	26.983
2770	26.455	26.917
2771	26.687	26.881
2772	26.95	26.847
2773	27.24	26.83
2774	27.543	26.841
2775	27.859	26.879
2776	28.168	26.81
2777	28.505	26.8
2778	28.843	26.815
2779	29.224	26.841
2780	29.575	26.807
2781	29.943	26.816
2782	30.313	26.818
2783	30.73	26.862
2784	31.108	26.864
2785	31.488	26.845
2786	31.872	26.866
2787	32.261	26.881
2788	32.638	26.879
2789	33.01	26.896
2790	33.331	26.842
2791	33.663	26.872
2792	33.98	26.847
2793	34.308	26.883
2794	34.635	26.942
2795	34.916	26.987
2796	35.176	27.018
2797	35.392	27.03
2798	35.579	27.057
2799	35.76	27.083
2800	35.893	27.014
2801	36.014	27.031
2802	36.141	27.086
2803	36.23	27.109
2804	36.205	27.071
2805	36.213	27.118
2806	36.143	27.116
2807	36.114	27.155
2808	35.979	27.119
2809	35.869	27.128
2810	35.701	27.107
2811	35.523	27.13
2812	35.297	27.098
2813	35.083	27.176
2814	34.841	27.211
2815	34.605	27.289
2816	34.321	27.296
2817	34.024	27.329
2818	33.68	27.265
2819	33.328	27.24
2820	32.966	27.21
2821	32.628	27.241
2822	32.239	27.254
2823	31.889	27.258
2824	31.522	27.257
2825	31.167	27.34
2826	30.783	27.304
2827	30.383	27.237
2828	29.985	27.173
2829	29.629	27.201
2830	29.305	27.208
2831	29.001	27.22
2832	28.654	27.169
2833	28.328	27.205
2834	28.019	27.233
2835	27.721	27.232
2836	27.428	27.221
2837	27.182	27.277
2838	26.925	27.224
2839	26.681	27.208
2840	26.471	27.191
2841	26.252	27.165
2842	26.058	27.211
2843	25.88	27.201
2844	25.718	27.194
2845	25.569	27.182
2846	25.408	27.124
2847	25.324	27.185
2848	25.204	27.173
2849	25.089	27.117
2850	25.007	27.072
2851	24.972	27.18
2852	24.902	27.182
2853	24.861	27.164
2854	24.857	27.155
2855	24.835	27.133
2856	24.831	27.116
2857	24.846	27.134
2858	24.897	27.107
2859	24.939	27.019
2860	25.025	27.018
2861	25.124	27.006
2862	25.222	26.99
2863	25.328	26.962
2864	25.444	26.914
2865	25.574	26.888
2866	25.737	26.893
2867	25.928	26.849
2868	26.121	26.85
2869	26.339	26.879
2870	26.562	26.867
2871	26.845	26.919
2872	27.087	26.85
2873	27.348	26.844
2874	27.659	26.886
2875	27.957	26.876
2876	28.251	26.794
2877	28.602	26.81
2878	28.959	26.856
2879	29.338	26.922
2880	29.695	26.895
2881	30.063	26.915
2882	30.409	26.863
2883	30.801	26.92
2884	31.185	26.954
2885	31.548	26.993
2886	31.93	26.999
2887	32.294	26.984
2888	32.665	27.007
2889	33.039	27.05
2890	33.385	27.029
2891	33.732	27.028
2892	34.038	27.023
2893	34.345	27.041
2894	34.583	26.957
2895	34.83	26.947
2896	35.041	26.903
2897	35.268	26.947
2898	35.474	26.956
2899	35.629	26.947
2900	35.812	26.994
2901	35.939	27.04
2902	36.026	27.051
2903	36.118	27.1
2904	36.096	27.021
2905	36.069	27.024
2906	36.034	26.976
2907	35.974	26.985
2908	35.855	26.947
2909	35.701	26.945
2910	35.562	26.954
2911	35.353	26.946
2912	35.147	26.965
2913	34.913	26.947
2914	34.658	26.94
2915	34.395	26.967
2916	34.106	26.957
2917	33.801	26.972
2918	33.498	26.959
2919	33.228	27.019
2920	32.916	27.044
2921	32.571	27.046
2922	32.23	27.003
2923	31.878	26.988
2924	31.51	26.982
2925	31.121	26.938
2926	30.768	26.914
2927	30.405	26.931
2928	30.024	26.862
2929	29.686	26.886
2930	29.361	26.912
2931	29.043	26.956
2932	28.767	27.016
2933	28.486	27.05
2934	28.217	27.094
2935	27.935	27.064
2936	27.668	27.102
2937	27.404	27.079
2938	27.159	27.106
2939	26.909	27.106
2940	26.682	27.108
2941	26.466	27.097
2942	26.267	27.116
2943	26.068	27.154
2944	25.876	27.157
2945	25.723	27.183
2946	25.584	27.25
2947	25.425	27.21
2948	25.295	27.186
2949	25.196	27.191
2950	25.101	27.206
2951	25.016	27.218
2952	24.97	27.205
2953	24.916	27.191
2954	24.893	27.197
2955	24.882	27.196
2956	24.875	27.229
2957	24.87	27.196
2958	24.873	27.153
2959	24.899	27.096
2960	24.96	27.11
2961	25.062	27.134
2962	25.151	27.122
2963	25.259	27.135
2964	25.4	27.124
2965	25.519	27.077
2966	25.683	27.096
2967	25.864	27.065
2968	26.071	27.057
2969	26.273	27.023
2970	26.504	27.002
2971	26.739	26.937
2972	27.02	26.976
2973	27.303	26.981
2974	27.602	26.955
2975	27.921	26.986
2976	28.26	26.962
2977	28.578	26.936
2978	28.935	26.979
2979	29.303	26.988
2980	29.669	26.984
2981	30.038	26.929
2982	30.411	26.947
2983	30.783	26.924
2984	31.15	26.924
2985	31.509	26.894
2986	31.853	26.843
2987	32.261	26.893
2988	32.611	26.84
2989	32.967	26.854
2990	33.359	26.895
2991	33.7	26.901
2992	34.018	26.906
2993	34.297	26.909
2994	34.585	26.879
2995	34.84	26.872
2996	35.082	26.872
2997	35.309	26.871
2998	35.508	26.886
2999	35.686	26.933
3000	35.826	26.887
3001	35.898	26.841
3002	35.996	26.857
3003	36.027	26.814
3004	36.007	26.774
3005	35.968	26.74
3006	35.934	26.766
3007	35.855	26.73
3008	35.788	26.754
3009	35.71	26.803
3010	35.583	26.841
3011	35.447	26.87
3012	35.215	26.851
3013	35.01	26.895
3014	34.753	26.901
3015	34.478	26.908
3016	34.164	26.881
3017	33.867	26.892
3018	33.586	26.91
3019	33.275	26.941
3020	32.952	26.947
3021	32.645	26.977
3022	32.29	27.003
3023	31.937	27.005
3024	31.586	26.985
3025	31.221	26.971
3026	30.908	27.074
3027	30.554	27.105
3028	30.217	27.113
3029	29.893	27.19
3030	29.574	27.262
3031	29.229	27.223
3032	28.914	27.244
3033	28.6	27.299
3034	28.29	27.279
3035	28.017	27.324
3036	27.712	27.335
3037	27.419	27.305
3038	27.187	27.344
3039	26.968	27.36
3040	26.735	27.354
3041	26.535	27.402
3042	26.341	27.411
3043	26.13	27.363
3044	25.945	27.384
3045	25.77	27.379
3046	25.597	27.356
3047	25.451	27.323
3048	25.349	27.397
3049	25.231	27.411
3050	25.155	27.466
3051	25.039	27.371
3052	24.981	27.417
3053	24.938	27.51
3054	24.883	27.446
3055	24.842	27.354
3056	24.842	27.376
3057	24.829	27.336
3058	24.845	27.279
3059	24.888	27.285
3060	24.927	27.24
3061	24.996	27.213
3062	25.126	27.255
3063	25.215	27.193
3064	25.355	27.202
3065	25.503	27.183
3066	25.656	27.137
3067	25.827	27.113
3068	26.059	27.183
3069	26.273	27.146
3070	26.508	27.134
3071	26.754	27.13
3072	27.026	27.127
3073	27.306	27.122
3074	27.6	27.109
3075	27.874	27.027
3076	28.209	27.053
3077	28.541	26.986
3078	28.881	26.91
3079	29.251	26.913
3080	29.629	26.956
3081	29.983	26.912
3082	30.382	26.941
3083	30.76	26.927
3084	31.155	26.965
3085	31.536	26.944
3086	31.924	26.936
3087	32.293	26.958
3088	32.683	27.027
3089	32.987	26.985
3090	33.333	27.002
3091	33.668	27.04
3092	34.017	27.053
3093	34.292	27.005
3094	34.593	27.04
3095	34.855	27.055
3096	35.114	27.077
3097	35.372	27.135
3098	35.532	27.06
3099	35.716	27.082
3100	35.884	27.144
3101	36.002	27.135
3102	36.084	27.147
3103	36.127	27.14
3104	36.126	27.127
3105	36.13	27.152
3106	36.11	27.193
3107	36.046	27.204
3108	35.949	27.222
3109	35.832	27.199
3110	35.682	27.232
3111	35.491	27.214
3112	35.257	27.168
3113	34.973	27.072
3114	34.747	27.083
3115	34.468	27.069
3116	34.173	27.029
3117	33.804	26.988
3118	33.493	26.996
3119	33.158	26.998
3120	32.827	27.015
3121	32.465	27.012
3122	32.084	26.968
3123	31.745	27.001
3124	31.388	27
3125	31.029	26.982
3126	30.665	26.983
3127	30.316	26.976
3128	29.973	26.992
3129	29.647	27.026
3130	29.308	26.991
3131	28.996	27.009
3132	28.666	27.001
3133	28.35	26.977
3134	28.042	26.974
3135	27.762	26.965
3136	27.504	26.99
3137	27.241	26.973
3138	27.018	27.031
3139	26.78	27.022
3140	26.567	27.073
3141	26.393	27.121
3142	26.221	27.152
3143	26.038	27.14
3144	25.875	27.147
3145	25.713	27.152
3146	25.566	27.117
3147	25.426	27.084
3148	25.329	27.117
3149	25.221	27.094
3150	25.131	27.09
3151	25.065	27.123
3152	25.006	27.123
3153	24.963	27.138
3154	24.937	27.149
3155	24.918	27.188
3156	24.929	27.206
3157	24.957	27.22
3158	24.982	27.208
3159	25.023	27.176
3160	25.069	27.144
3161	25.116	27.133
3162	25.237	27.205
3163	25.337	27.183
3164	25.445	27.179
3165	25.577	27.162
3166	25.718	27.141
3167	25.896	27.133
3168	26.085	27.136
3169	26.309	27.141
3170	26.552	27.134
3171	26.803	27.169
3172	27.06	27.187
3173	27.319	27.186
3174	27.591	27.166
3175	27.872	27.126
3176	28.179	27.083
3177	28.502	27.08
3178	28.835	27.062
3179	29.177	27.04
3180	29.545	27.027
3181	29.89	27.001
3182	30.254	26.996
3183	30.642	27.044
3184	31.015	27.063
3185	31.436	27.137
3186	31.84	27.138
3187	32.19	27.12
3188	32.565	27.13
3189	32.952	27.157
3190	33.302	27.115
3191	33.653	27.105
3192	33.985	27.118
3193	34.317	27.13
3194	34.588	27.1
3195	34.865	27.095
3196	35.122	27.089
3197	35.409	27.158
3198	35.596	27.115
3199	35.8	27.146
3200	35.987	27.186
3201	36.11	27.2
3202	36.196	27.205
3203	36.27	27.272
3204	36.315	27.325
3205	36.327	27.327
3206	36.275	27.291
3207	36.208	27.287
3208	36.101	27.245
3209	35.968	27.242
3210	35.77	27.194
3211	35.59	27.21
3212	35.369	27.182
3213	35.125	27.162
3214	34.867	27.163
3215	34.569	27.147
3216	34.266	27.151
3217	33.947	27.163
3218	33.625	27.184
3219	33.315	27.253
3220	32.954	27.241
3221	32.603	27.257
3222	32.206	27.205
3223	31.844	27.175
3224	31.496	27.169
3225	31.134	27.213
3226	30.785	27.238
3227	30.415	27.249
3228	30.057	27.191
3229	29.694	27.14
3230	29.317	27.06
3231	29.001	27.119
3232	28.687	27.105
3233	28.385	27.138
3234	28.092	27.161
3235	27.822	27.203
3236	27.57	27.238
3237	27.326	27.273
3238	27.072	27.31
3239	26.818	27.281
3240	26.619	27.328
3241	26.4	27.362
3242	26.191	27.354
3243	25.993	27.329
3244	25.797	27.304
3245	25.617	27.246
3246	25.462	27.211
3247	25.34	27.263
3248	25.218	27.276
3249	25.109	27.294
3250	25.005	27.25
3251	24.924	27.235
3252	24.875	27.216
3253	24.828	27.229
3254	24.799	27.243
3255	24.825	27.377
3256	24.812	27.318
3257	24.82	27.32
3258	24.845	27.302
3259	24.88	27.253
3260	24.901	27.23
3261	24.94	27.151
3262	25.02	27.13
3263	25.149	27.088
3264	25.297	27.089
3265	25.445	27.053
3266	25.632	27.092
3267	25.828	27.057
3268	26.029	27.054
3269	26.267	27.037
3270	26.537	27.109
3271	26.779	27.082
3272	27.034	27.019
3273	27.342	27.099
3274	27.629	27.067
3275	27.947	27.064
3276	28.276	27.075
3277	28.581	27.039
3278	28.929	27.007
3279	29.288	26.99
3280	29.615	26.938
3281	29.994	26.96
3282	30.41	27.014
3283	30.788	27.009
3284	31.198	27.035
3285	31.623	27.016
3286	32.026	27.043
3287	32.399	27.005
3288	32.762	27.009
3289	33.125	27.017
3290	33.467	27.03
3291	33.782	26.969
3292	34.103	26.982
3293	34.398	26.948
3294	34.659	26.946
3295	34.933	26.946
3296	35.199	26.971
3297	35.411	26.969
3298	35.573	26.87
3299	35.719	26.874
3300	35.853	26.873
3301	35.95	26.918
3302	36.047	26.91
3303	36.099	26.923
3304	36.119	26.964
3305	36.119	26.979
3306	36.069	26.968
3307	35.946	26.888
3308	35.85	26.899
3309	35.678	26.851
3310	35.491	26.824
3311	35.308	26.821
3312	35.103	26.833
3313	34.87	26.869
3314	34.62	26.888
3315	34.354	26.878
3316	34.063	26.86
3317	33.751	26.884
3318	33.416	26.9
3319	33.077	26.846
3320	32.698	26.847
3321	32.359	26.854
3322	32.002	26.814
3323	31.677	26.865
3324	31.356	26.895
3325	31.02	26.875
3326	30.705	26.87
3327	30.377	26.937
3328	30.062	26.998
3329	29.715	26.946
3330	29.373	26.897
3331	29.059	26.922
3332	28.753	26.969
3333	28.428	26.927
3334	28.174	27.003
3335	27.889	26.987
3336	27.61	26.97
3337	27.354	26.983
3338	27.111	26.964
3339	26.869	26.953
3340	26.642	27.009
3341	26.436	27.04
3342	26.245	27.027
3343	26.071	27.044
3344	25.908	27.087
3345	25.756	27.076
3346	25.604	27.075
3347	25.483	27.137
3348	25.333	27.07
3349	25.215	27.038
3350	25.12	27.07
3351	25.019	27.016
3352	24.953	27
3353	24.877	26.97
3354	24.84	26.977
3355	24.826	27.005
3356	24.816	26.982
3357	24.822	26.958
3358	24.865	26.986
3359	24.882	26.953
3360	24.962	26.983
3361	25.05	27.011
3362	25.139	26.974
3363	25.247	26.962
3364	25.403	27.014
3365	25.536	26.946
3366	25.693	26.923
3367	25.87	26.908
3368	26.066	26.882
3369	26.26	26.821
3370	26.494	26.836
3371	26.74	26.821
3372	26.999	26.78
3373	27.289	26.798
3374	27.589	26.821
3375	27.894	26.803
3376	28.224	26.857
3377	28.55	26.834
3378	28.896	26.783
3379	29.258	26.787
3380	29.62	26.779
3381	29.995	26.793
3382	30.368	26.781
3383	30.767	26.806
3384	31.153	26.796
3385	31.534	26.856
3386	31.901	26.833
3387	32.255	26.856
3388	32.617	26.87
3389	32.937	26.813
3390	33.309	26.857
3391	33.642	26.862
3392	33.962	26.865
3393	34.263	26.867
3394	34.559	26.864
3395	34.825	26.833
3396	35.082	26.868
3397	35.324	26.885
3398	35.524	26.886
3399	35.677	26.845
3400	35.818	26.846
3401	35.915	26.793
3402	35.997	26.787
3403	36.077	26.853
3404	36.113	26.846
3405	36.12	26.869
3406	36.089	26.871
3407	36.024	26.891
3408	35.906	26.879
3409	35.784	26.896
3410	35.588	26.815
3411	35.446	26.888
3412	35.252	26.857
3413	35.01	26.811
3414	34.753	26.828
3415	34.491	26.841
3416	34.215	26.847
3417	33.925	26.862
3418	33.621	26.886
3419	33.299	26.913
3420	32.988	26.949
3421	32.646	26.946
3422	32.293	26.937
3423	31.949	26.995
3424	31.619	27.023
3425	31.268	27.037
3426	30.921	27.056
3427	30.571	27.072
3428	30.176	26.994
3429	29.816	26.985
3430	29.476	27.019
3431	29.127	26.996
3432	28.812	26.994
3433	28.498	26.992
3434	28.174	26.977
3435	27.903	26.999
3436	27.589	26.894
3437	27.333	26.916
3438	27.09	26.951
3439	26.856	26.943
3440	26.618	26.928
3441	26.403	26.923
3442	26.212	26.98
3443	26.026	26.99
3444	25.849	27.025
3445	25.669	27.019
3446	25.501	26.964
3447	25.365	26.978
3448	25.263	27.01
3449	25.147	27.021
3450	25.043	27.018
3451	24.962	27.018
3452	24.905	27.048
3453	24.872	27.068
3454	24.846	27.103
3455	24.829	27.061
3456	24.834	27.083
3457	24.849	27.083
3458	24.882	27.062
3459	24.947	27.083
3460	25.001	27.088
3461	25.09	27.133
3462	25.188	27.116
3463	25.314	27.117
3464	25.448	27.11
3465	25.592	27.082
3466	25.744	27.043
3467	25.91	26.966
3468	26.111	26.993
3469	26.342	26.981
3470	26.603	27.009
3471	26.866	27.039
3472	27.106	27.012
3473	27.36	26.954
3474	27.635	26.902
3475	27.945	26.912
3476	28.266	26.881
3477	28.597	26.865
3478	28.95	26.863
3479	29.299	26.835
3480	29.65	26.812
3481	30.015	26.771
3482	30.375	26.762
3483	30.725	26.741
3484	31.11	26.784
3485	31.502	26.76
3486	31.881	26.778
3487	32.245	26.795
3488	32.586	26.756
3489	32.945	26.751
3490	33.304	26.771
3491	33.641	26.775
3492	33.96	26.778
3493	34.243	26.735
3494	34.501	26.703
3495	34.73	26.661
3496	34.968	26.647
3497	35.207	26.658
3498	35.408	26.655
3499	35.611	26.708
3500	35.734	26.669
3501	35.853	26.667
3502	35.946	26.667
3503	35.97	26.649
3504	36	26.658
3505	35.992	26.651
3506	35.964	26.684
3507	35.925	26.714
3508	35.865	26.74
3509	35.722	26.673
3510	35.585	26.707
3511	35.381	26.667
3512	35.198	26.668
3513	34.98	26.708
3514	34.736	26.727
3515	34.472	26.708
3516	34.213	26.753
3517	33.913	26.766
3518	33.641	26.787
3519	33.344	26.831
3520	33.019	26.856
3521	32.7	26.91
3522	32.372	26.958
3523	32.013	26.976
3524	31.638	26.957
3525	31.298	26.96
3526	30.925	26.956
3527	30.565	26.96
3528	30.234	26.993
3529	29.891	26.984
3530	29.555	26.995
3531	29.233	27.053
3532	28.898	27.051
3533	28.604	27.104
3534	28.286	27.09
3535	27.981	27.083
3536	27.719	27.117
3537	27.433	27.121
3538	27.195	27.16
3539	26.951	27.171
3540	26.709	27.179
3541	26.479	27.155
3542	26.276	27.163
3543	26.048	27.103
3544	25.863	27.116
3545	25.702	27.108
3546	25.533	27.065
3547	25.382	27.048
3548	25.262	27.034
3549	25.163	27.06
3550	25.071	27.111
3551	24.986	27.091
3552	24.902	27.042
3553	24.83	27.02
3554	24.788	27.038
3555	24.771	27.067
3556	24.756	27.013
3557	24.768	26.989
3558	24.777	26.954
3559	24.822	26.967
3560	24.892	26.969
3561	24.978	26.942
3562	25.084	26.93
3563	25.169	26.886
3564	25.293	26.853
3565	25.456	26.867
3566	25.621	26.87
3567	25.799	26.873
3568	26.313	26.94
3569	26.533	26.936
3570	26.754	26.928
3571	27.009	26.942
3572	27.283	26.916
3573	27.565	26.901
3574	27.869	26.883
3575	28.18	26.857
3576	28.505	26.901
3577	28.845	26.914
3578	29.212	26.931
3579	29.557	26.925
3580	29.913	26.9
3581	30.285	26.889
3582	30.66	26.885
3583	31.027	26.859
3584	31.412	26.896
3585	31.797	26.884
3586	32.159	26.907
3587	32.492	26.878
3588	32.838	26.836
3589	33.162	26.858
3590	33.488	26.862
3591	33.844	26.915
3592	34.152	26.903
3593	34.024	26.886
3594	34.292	26.878
3595	34.552	26.86
3596	34.797	26.868
3597	34.995	26.881
3598	35.161	26.854
3599	35.338	26.921
3600	35.465	26.918
3601	35.583	26.888
3602	35.686	26.906
3603	35.747	26.912
3604	35.799	26.885
3605	35.798	26.907
3606	35.744	26.904
3607	35.67	26.904
3608	35.599	26.927
3609	35.501	26.912
3610	35.353	26.93
3611	35.18	26.917
3612	35.037	26.968
3613	34.869	27.033
3614	34.709	27.052
3615	34.466	27.048
3616	34.172	27.015
3617	33.876	26.999
3618	33.584	26.987
3619	33.285	27.001
3620	32.947	26.99
3621	32.619	27.009
3622	32.3	27.015
3623	31.957	27.079
3624	31.603	27.013
3625	31.286	27.095
3626	30.947	27.125
3627	30.605	27.131
3628	30.25	27.1
3629	29.913	27.165
3630	29.578	27.154
3631	29.266	27.179
3632	28.959	27.19
3633	28.671	27.254
3634	28.364	27.237
3635	28.064	27.254
3636	27.784	27.277
3637	27.51	27.274
3638	27.216	27.22
3639	26.945	27.213
3640	26.711	27.211
3641	26.478	27.2
3642	26.278	27.232
3643	26.072	27.226
3644	25.874	27.229
3645	25.711	27.23
3646	25.526	27.178
3647	25.357	27.14
3648	25.241	27.106
3649	25.111	27.08
3650	24.995	27.014
3651	24.924	27.034
3652	24.857	27.043
3653	24.809	27.097
3654	24.743	27.016
3655	24.729	27.023
3656	24.719	26.98
3657	24.728	26.988
3658	24.739	26.924
3659	24.789	26.925
3660	24.868	26.929
3661	24.936	26.869
3662	25.038	26.854
3663	25.19	26.952
3664	25.317	26.923
3665	25.467	27.657
3666	25.651	27.654
3667	25.85	27.648
3668	26.057	27.646
3669	26.282	27.623
3670	26.513	27.618
3671	26.789	27.632
3672	27.087	27.667
3673	27.372	27.675
3674	27.678	27.704
3675	27.995	27.675
3676	28.309	27.654
3677	28.638	27.646
3678	28.985	27.624
3679	29.359	27.647
3680	29.713	27.642
3681	30.093	27.673
3682	30.468	27.678
3683	30.835	27.667
3684	31.219	27.691
3685	31.568	27.659
3686	31.965	27.718
3687	32.321	27.517
3688	32.661	27.435
3689	33.024	27.449
3690	33.369	26.719
3691	33.681	26.713
3692	33.99	26.713
3693	34.319	26.783
3694	34.603	26.771
3695	34.874	26.791
3696	35.122	26.807
3697	35.341	26.825
3698	35.527	26.823
3699	35.682	26.78
3700	35.816	26.789
3701	35.926	26.807
3702	36.021	26.817
3703	36.086	26.81
3704	36.118	26.862
3705	36.118	26.863
3706	36.08	26.877
3707	35.999	26.85
3708	35.906	26.866
3709	35.785	26.904
3710	35.648	26.956
3711	35.492	26.999
3712	35.293	27.222
3713	35.069	27.232
3714	34.797	27.208
3715	34.557	27.271
3716	34.246	27.255
3717	33.923	27.22
3718	33.552	27.158
3719	33.233	27.182
3720	32.922	27.214
3721	32.597	27.242
3722	32.215	27.204
3723	31.865	27.239
3724	31.532	27.316
3725	31.175	27.333
3726	30.807	27.305
3727	30.435	27.287
3728	30.079	27.307
3729	29.742	27.292
3730	29.407	27.319
3731	29.086	27.332
3732	28.775	27.356
3733	28.465	27.337
3734	28.17	27.298
3735	27.874	27.257
3736	27.599	27.276
3737	27.328	27.281
3738	27.084	27.352
3739	26.858	27.369
3740	26.617	27.321
3741	26.45	27.417
3742	26.254	27.446
3743	26.089	27.454
3744	25.899	27.459
3745	25.72	27.42
3746	25.55	27.389
3747	25.432	27.438
3748	25.309	27.388
3749	25.202	27.36
3750	25.096	27.317
3751	25.015	27.323
3752	24.96	27.344
3753	24.916	27.331
3754	24.9	27.369
3755	24.872	27.33
3756	24.871	27.293
3757	24.874	27.268
3758	24.9	27.282
3759	24.957	27.328
3760	25.017	27.323
3761	25.071	27.244
3762	25.173	27.22
3763	25.267	27.128
3764	25.392	27.133
3765	25.534	27.139
3766	25.68	27.021
3767	25.852	27
3768	26.048	26.985
3769	26.259	26.925
3770	26.503	26.949
3771	26.764	26.947
3772	27.021	26.902
3773	27.304	26.944
3774	27.591	26.942
3775	27.935	27.041
3776	28.29	27.105
3777	28.626	27.098
3778	28.973	27.082
3779	29.306	27.025
3780	29.67	27.018
3781	30.027	27.034
3782	30.406	27.029
3783	30.812	27.052
3784	31.159	26.985
3785	31.521	26.982
3786	31.892	26.985
3787	32.261	26.996
3788	32.636	27.023