1	36.063	27.248
2	36.025	27.274
3	35.97	27.311
4	35.893	27.321
5	35.757	27.332
6	35.634	27.383
7	35.413	27.36
8	35.198	27.399
9	34.974	27.451
10	34.752	27.496
11	34.468	27.51
12	34.181	27.527
13	33.869	27.512
14	33.53	27.545
15	33.197	27.59
16	32.847	27.637
17	32.498	27.701
18	32.151	27.793
19	31.789	27.775
20	31.428	27.804
21	31.057	27.791
22	30.69	27.762
23	30.326	27.796
24	29.968	27.794
25	29.617	27.83
26	29.256	27.77
27	28.94	27.81
28	28.623	27.856
29	28.326	27.919
30	28.03	27.942
31	27.73	27.977
32	27.473	28.003
33	27.213	27.992
34	26.954	27.956
35	26.71	27.935
36	26.48	27.946
37	26.273	27.965
38	26.095	28.021
39	25.906	27.996
40	25.733	28.016
41	25.576	27.984
42	25.432	27.976
43	25.285	27.902
44	25.172	27.904
45	25.077	27.914
46	24.983	27.869
47	24.906	27.863
48	24.854	27.836
49	24.81	27.815
50	24.787	27.816
51	24.775	27.824
52	24.79	27.83
53	24.803	27.76
54	24.823	27.71
55	24.881	27.675
56	24.954	27.619
57	25.031	27.618
58	25.138	27.596
59	25.277	27.632
60	25.399	27.585
61	25.57	27.537
62	25.742	27.487
63	25.93	27.47
64	26.157	27.472
65	26.383	27.414
66	26.634	27.421
67	26.901	27.359
68	27.178	27.339
69	27.512	27.404
70	27.808	27.329
71	28.141	27.362
72	28.49	27.381
73	28.829	27.394
74	29.199	27.408
75	29.566	27.39
76	29.932	27.364
77	30.302	27.331
78	30.682	27.327
79	31.056	27.316
80	31.437	27.32
81	31.795	27.29
82	32.199	27.273
83	32.601	27.313
84	32.961	27.265
85	33.306	27.25
86	33.673	27.325
87	34.002	27.36
88	34.32	27.368
89	34.609	27.333
90	34.888	27.407
91	35.133	27.415
92	35.389	27.484
93	35.622	27.563
94	35.762	27.532
95	35.905	27.552
96	36.011	27.506
97	36.094	27.52
98	36.154	27.521
99	36.17	27.533
100	36.141	27.52
101	36.106	27.514
102	36.009	27.493
103	35.904	27.518
104	35.755	27.512
105	35.568	27.475
106	35.408	27.5
107	35.163	27.521
108	34.896	27.486
109	34.643	27.491
110	34.368	27.501
111	34.065	27.464
112	33.769	27.469
113	33.468	27.508
114	33.137	27.546
115	32.772	27.483
116	32.435	27.476
117	32.097	27.479
118	31.706	27.419
119	31.37	27.446
120	31.034	27.486
121	30.669	27.523
122	30.336	27.545
123	29.997	27.563
124	29.67	27.574
125	29.371	27.66
126	29.055	27.691
127	28.768	27.772
128	28.469	27.768
129	28.186	27.799
130	27.949	27.893
131	27.682	27.892
132	27.441	27.902
133	27.195	27.899
134	26.954	27.919
135	26.745	27.965
136	26.529	27.994
137	26.343	28.015
138	26.155	27.988
139	25.989	27.97
140	25.837	27.978
141	25.684	27.983
142	25.507	27.9
143	25.393	27.859
144	25.264	27.812
145	25.156	27.785
146	25.082	27.77
147	25.01	27.739
148	24.954	27.74
149	24.901	27.694
150	24.858	27.634
151	24.849	27.657
152	24.854	27.629
153	24.883	27.682
154	24.93	27.665
155	24.964	27.617
156	25.035	27.619
157	25.127	27.617
158	25.252	27.647
159	25.371	27.628
160	25.509	27.613
161	25.645	27.581
162	25.809	27.534
163	25.983	27.46
164	26.187	27.462
165	26.429	27.465
166	26.652	27.392
167	26.923	27.412
168	27.196	27.416
169	27.494	27.434
170	27.819	27.466
171	28.141	27.469
172	28.462	27.49
173	28.801	27.466
174	29.151	27.451
175	29.514	27.454
176	29.869	27.37
177	30.237	27.341
178	30.609	27.266
179	30.976	27.217
180	31.361	27.209
181	31.738	27.204
182	32.111	27.196
183	32.48	27.227
184	32.835	27.213
185	33.163	27.153
186	33.559	27.162
187	33.893	27.195
188	34.226	27.257
189	34.542	27.271
190	34.838	27.323
191	35.113	27.386
192	35.348	27.378
193	35.566	27.406
194	35.746	27.408
195	35.853	27.366
196	36.31	27.414
197	36.408	27.402
198	36.478	27.403
199	36.527	27.464
200	36.51	27.404
201	36.474	27.459
202	36.417	27.477
203	36.309	27.521
204	36.2	27.584
205	36.034	27.604
206	35.863	27.618
207	35.634	27.629
208	35.362	27.586
209	35.102	27.619
210	34.842	27.658
211	34.498	27.648
212	34.163	27.644
213	33.831	27.644
214	33.476	27.648
215	33.092	27.606
216	32.728	27.592
217	32.362	27.602
218	32	27.62
219	31.626	27.619
220	31.312	27.718
221	30.683	27.702
222	30.337	27.725
223	29.978	27.751
224	29.63	27.739
225	29.287	27.755
226	28.972	27.776
227	28.658	27.835
228	28.351	27.805
229	28.046	27.809
230	27.764	27.821
231	27.493	27.838
232	27.221	27.79
233	26.967	27.747
234	26.735	27.753
235	26.492	27.752
236	26.282	27.75
237	26.085	27.774
238	25.885	27.723
239	25.722	27.718
240	25.573	27.723
241	25.444	27.721
242	25.32	27.729
243	25.205	27.742
244	25.109	27.76
245	24.996	27.691
246	24.925	27.683
247	24.854	27.645
248	24.815	27.629
249	24.776	27.588
250	24.8	27.671
251	24.81	27.661
252	24.817	27.594
253	24.852	27.598
254	24.896	27.567
255	24.956	27.545
256	25.017	27.495
257	25.132	27.502
258	25.247	27.519
259	25.376	27.455
260	25.54	27.459
261	25.713	27.454
262	25.903	27.42
263	26.111	27.468
264	26.322	27.46
265	26.542	27.407
266	26.784	27.422
267	27.042	27.404
268	27.308	27.351
269	27.601	27.329
270	27.912	27.335
271	28.228	27.301
272	28.553	27.283
273	28.886	27.248
274	29.239	27.261
275	29.568	27.206
276	29.888	27.149
277	30.286	27.194
278	30.627	27.138
279	31.033	27.17
280	31.392	27.116
281	31.762	27.111
282	32.118	27.113
283	32.49	27.126
284	32.846	27.149
285	33.187	27.137
286	33.493	27.117
287	33.824	27.114
288	34.137	27.095
289	34.425	27.094
290	34.705	27.12
291	34.952	27.112
292	35.149	27.066
293	35.362	27.105
294	35.514	27.129
295	35.672	27.098
296	35.804	27.136
297	35.911	27.159
298	35.976	27.175
299	36.019	27.189
300	36.027	27.189
301	36.045	27.232
302	35.963	27.229
303	35.917	27.273
304	35.779	27.269
305	35.646	27.309
306	35.496	27.366
307	35.32	27.384
308	35.088	27.367
309	34.854	27.382
310	34.609	27.424
311	34.393	27.537
312	34.092	27.536
313	33.785	27.566
314	33.491	27.617
315	33.164	27.644
316	32.813	27.644
317	32.475	27.678
318	32.115	27.637
319	31.773	27.632
320	31.405	27.662
321	31.047	27.67
322	30.692	27.737
323	30.332	27.763
324	29.982	27.772
325	29.642	27.801
326	29.297	27.801
327	28.957	27.784
328	28.625	27.795
329	28.321	27.789
330	28.022	27.823
331	27.742	27.81
332	27.487	27.898
333	27.242	27.921
334	26.99	27.9
335	26.752	27.897
336	26.495	27.784
337	26.302	27.856
338	26.106	27.858
339	25.896	27.818
340	25.712	27.797
341	25.563	27.793
342	25.431	27.828
343	25.305	27.886
344	25.19	27.865
345	25.091	27.869
346	24.994	27.836
347	24.914	27.778
348	24.867	27.759
349	24.822	27.767
350	24.788	27.733
351	24.788	27.725
352	24.804	27.719
353	24.832	27.717
354	24.847	27.692
355	24.92	27.663
356	24.987	27.635
357	25.053	27.543
358	25.149	27.532
359	25.279	27.54
360	25.427	27.552
361	25.596	27.557
362	25.757	27.493
363	25.952	27.495
364	26.163	27.468
365	26.398	27.408
366	26.645	27.372
367	26.932	27.393
368	27.228	27.374
369	27.516	27.352
370	27.81	27.285
371	28.119	27.245
372	28.467	27.279
373	28.805	27.271
374	29.166	27.238
375	29.532	27.232
376	29.889	27.244
377	30.252	27.24
378	30.633	27.214
379	31.04	27.201
380	31.406	27.183
381	31.785	27.178
382	32.167	27.164
383	32.538	27.169
384	32.905	27.149
385	33.236	27.081
386	33.578	27.064
387	33.913	27.086
388	34.245	27.07
389	34.548	27.095
390	34.82	27.156
391	35.07	27.197
392	35.241	27.13
393	35.42	27.107
394	35.634	27.194
395	35.803	27.308
396	35.919	27.326
397	35.996	27.284
398	36.056	27.29
399	36.092	27.312
400	36.097	27.322
401	36.102	27.336
402	36.022	27.334
403	35.938	27.372
404	35.826	27.415
405	35.691	27.46
406	35.516	27.488
407	35.305	27.471
408	35.061	27.442
409	34.806	27.473
410	34.558	27.498
411	34.28	27.536
412	33.974	27.52
413	33.646	27.538
414	33.313	27.561
415	32.978	27.567
416	32.626	27.543
417	32.301	27.597
418	31.952	27.6
419	31.572	27.546
420	31.214	27.501
421	30.892	27.532
422	30.524	27.557
423	30.159	27.576
424	29.81	27.579
425	29.467	27.569
426	29.14	27.625
427	28.843	27.633
428	28.53	27.634
429	28.219	27.616
430	27.927	27.619
431	27.653	27.632
432	27.395	27.669
433	27.153	27.661
434	26.938	27.711
435	26.697	27.7
436	26.453	27.666
437	26.245	27.662
438	26.05	27.642
439	25.866	27.619
440	25.702	27.633
441	25.561	27.671
442	25.418	27.664
443	25.288	27.671
444	25.188	27.671
445	25.086	27.645
446	24.988	27.655
447	24.959	27.694
448	24.923	27.692
449	24.89	27.68
450	24.867	27.69
451	24.841	27.624
452	24.845	27.61
453	24.884	27.664
454	24.932	27.678
455	24.984	27.626
456	25.059	27.617
457	25.133	27.581
458	25.244	27.596
459	25.348	27.548
460	25.49	27.549
461	25.659	27.539
462	25.818	27.522
463	26.014	27.52
464	26.228	27.467
465	26.459	27.454
466	26.692	27.402
467	26.976	27.425
468	27.262	27.404
469	27.553	27.468
470	27.841	27.433
471	28.173	27.39
472	28.468	27.323
473	28.824	27.326
474	29.175	27.321
475	29.568	27.352
476	29.941	27.334
477	30.333	27.344
478	30.664	27.238
479	31.042	27.219
480	31.42	27.223
481	31.797	27.225
482	32.205	27.273
483	32.557	27.219
484	32.909	27.198
485	33.261	27.192
486	33.615	27.255
487	33.968	27.266
488	34.285	27.317
489	34.579	27.321
490	34.844	27.293
491	35.087	27.326
492	35.279	27.261
493	35.48	27.271
494	35.642	27.212
495	35.826	27.277
496	35.915	27.269
497	36.007	27.256
498	36.044	27.246
499	36.061	27.253
500	36.024	27.228
501	36	27.287
502	35.932	27.34
503	35.868	27.369
504	35.735	27.366
505	35.604	27.387
506	35.426	27.414
507	35.216	27.395
508	35.021	27.455
509	34.776	27.48
510	34.527	27.474
511	34.245	27.455
512	33.957	27.473
513	33.625	27.418
514	33.303	27.464
515	32.994	27.514
516	32.703	27.593
517	32.367	27.635
518	32.01	27.641
519	31.652	27.631
520	31.299	27.632
521	30.97	27.677
522	30.627	27.703
523	30.286	27.715
524	29.953	27.74
525	29.611	27.743
526	29.273	27.716
527	28.945	27.647
528	28.627	27.67
529	28.32	27.647
530	28.028	27.66
531	27.737	27.655
532	27.45	27.667
533	27.183	27.672
534	26.94	27.673
535	26.704	27.701
536	26.479	27.695
537	26.253	27.694
538	26.046	27.658
539	25.863	27.642
540	25.682	27.642
541	25.501	27.558
542	25.337	27.544
543	25.224	27.57
544	25.108	27.563
545	25.004	27.52
546	24.921	27.511
547	24.85	27.52
548	24.783	27.476
549	24.762	27.492
550	24.744	27.488
551	24.74	27.478
552	24.757	27.485
553	24.796	27.493
554	24.858	27.519
555	24.918	27.513
556	25.008	27.496
557	25.122	27.511
558	25.244	27.512
559	25.388	27.52
560	25.534	27.495
561	25.703	27.472
562	25.918	27.487
563	26.118	27.512
564	26.342	27.525
565	26.577	27.507
566	26.825	27.477
567	27.116	27.483
568	27.38	27.458
569	27.65	27.441
570	27.959	27.439
571	28.297	27.455
572	28.622	27.438
573	28.97	27.469
574	29.299	27.428
575	29.652	27.422
576	30.015	27.404
577	30.376	27.386
578	30.741	27.342
579	31.091	27.319
580	31.453	27.275
581	31.845	27.313
582	32.232	27.345
583	32.59	27.347
584	32.911	27.275
585	33.258	27.306
586	33.597	27.337
587	33.878	27.309
588	34.21	27.329
589	34.494	27.327
590	34.751	27.309
591	35.005	27.335
592	35.208	27.306
593	35.396	27.271
594	35.601	27.293
595	35.741	27.291
596	35.834	27.284
597	35.96	27.293
598	36.039	27.313
599	36.074	27.327
600	36.08	27.341
601	36.052	27.346
602	35.985	27.343
603	35.9	27.371
604	35.782	27.372
605	35.663	27.487
606	35.471	27.464
607	35.256	27.437
608	35.059	27.478
609	34.832	27.527
610	34.554	27.508
611	34.263	27.51
612	33.963	27.489
613	33.637	27.464
614	33.32	27.455
615	32.997	27.507
616	32.656	27.549
617	32.326	27.584
618	31.985	27.617
619	31.63	27.615
620	31.29	27.645
621	30.939	27.647
622	30.555	27.658
623	30.222	27.719
624	29.898	27.772
625	29.551	27.754
626	29.222	27.823
627	28.909	27.84
628	28.594	27.855
629	28.305	27.911
630	27.999	27.872
631	27.711	27.831
632	27.434	27.829
633	27.148	27.791
634	26.895	27.78
635	26.668	27.796
636	26.459	27.849
637	26.255	27.869
638	26.072	27.902
639	25.881	27.91
640	25.708	27.862
641	25.551	27.857
642	25.41	27.858
643	25.278	27.845
644	25.165	27.863
645	25.07	27.869
646	25.003	27.916
647	24.932	27.923
648	24.844	27.797
649	24.781	27.731
650	24.769	27.729
651	24.773	27.69
652	24.784	27.677
653	24.816	27.643
654	24.854	27.598
655	24.933	27.612
656	25.012	27.626
657	25.102	27.59
658	25.214	27.581
659	25.354	27.584
660	25.505	27.553
661	25.674	27.507
662	25.852	27.468
663	26.039	27.427
664	26.256	27.435
665	26.48	27.414
666	26.722	27.375
667	26.97	27.332
668	27.247	27.337
669	27.545	27.321
670	27.832	27.33
671	28.127	27.236
672	28.499	27.262
673	28.866	27.281
674	29.209	27.249
675	29.561	27.224
676	29.906	27.192
677	30.263	27.198
678	30.647	27.216
679	31.029	27.231
680	31.374	27.151
681	31.753	27.143
682	32.132	27.149
683	32.484	27.102
684	32.861	27.152
685	33.199	27.147
686	33.507	27.101
687	33.832	27.098
688	34.155	27.119
689	34.446	27.091
690	34.72	27.084
691	34.992	27.09
692	35.241	27.114
693	35.448	27.122
694	35.651	27.18
695	35.822	27.15
696	35.987	27.213
697	36.029	27.151
698	36.093	27.183
699	36.151	27.227
700	36.141	27.225
701	36.132	27.286
702	36.09	27.32
703	35.962	27.292
704	35.839	27.267
705	35.706	27.313
706	35.535	27.334
707	35.327	27.333
708	35.137	27.405
709	34.889	27.418
710	34.632	27.46
711	34.355	27.497
712	34.056	27.543
713	33.767	27.615
714	33.447	27.65
715	33.115	27.7
716	32.763	27.708
717	32.428	27.749
718	32.096	27.815
719	31.697	27.771
720	31.337	27.808
721	30.947	27.784
722	30.595	27.816
723	30.259	27.884
724	29.917	27.905
725	29.599	27.97
726	29.252	27.921
727	28.911	27.9
728	28.618	27.985
729	28.318	28.03
730	28.017	28.035
731	27.717	28.007
732	27.454	28.031
733	27.193	28.002
734	26.931	27.962
735	26.701	27.939
736	26.485	27.952
737	26.303	28.006
738	26.08	27.959
739	25.889	27.949
740	25.72	27.924
741	25.553	27.946
742	25.409	27.925
743	25.272	27.864
744	25.168	27.827
745	25.075	27.813
746	24.985	27.812
747	24.919	27.796
748	24.856	27.729
749	24.812	27.718
750	24.778	27.691
751	24.773	27.695
752	24.78	27.699
753	24.805	27.65
754	24.847	27.648
755	24.884	27.587
756	24.962	27.624
757	25.055	27.613
758	25.161	27.604
759	25.284	27.578
760	25.41	27.579
761	25.569	27.555
762	25.731	27.5
763	25.938	27.451
764	26.162	27.44
765	26.4	27.449
766	26.66	27.423
767	26.903	27.392
768	27.159	27.349
769	27.459	27.363
770	27.764	27.343
771	28.091	27.318
772	28.419	27.305
773	28.741	27.254
774	29.083	27.224
775	29.451	27.216
776	29.846	27.251
777	30.238	27.232
778	30.616	27.234
779	30.997	27.206
780	31.408	27.229
781	31.809	27.216
782	32.16	27.181
783	32.532	27.209
784	32.883	27.197
785	33.27	27.208
786	33.609	27.17
787	33.938	27.165
788	34.249	27.198
789	34.543	27.195
790	34.811	27.182
791	35.059	27.187
792	35.305	27.196
793	35.538	27.254
794	35.738	27.277
795	35.89	27.301
796	36.017	27.325
797	36.124	27.327
798	36.172	27.334
799	36.228	27.38
800	36.23	27.39
801	36.155	27.332
802	36.094	27.349
803	35.992	27.342
804	35.856	27.359
805	35.709	27.417
806	35.528	27.415
807	35.349	27.457
808	35.105	27.434
809	34.872	27.462
810	34.584	27.474
811	34.295	27.517
812	33.983	27.525
813	33.66	27.523
814	33.322	27.539
815	33.017	27.625
816	32.675	27.635
817	32.316	27.63
818	31.955	27.634
819	31.555	27.589
820	31.193	27.602
821	30.838	27.611
822	30.487	27.634
823	30.165	27.673
824	29.816	27.645
825	29.476	27.652
826	29.156	27.693
827	28.834	27.677
828	28.527	27.687
829	28.235	27.691
830	27.943	27.67
831	27.64	27.672
832	27.375	27.688
833	27.14	27.71
834	26.896	27.696
835	26.687	27.72
836	26.485	27.729
837	26.266	27.717
838	26.077	27.722
839	25.904	27.703
840	25.697	27.612
841	25.547	27.626
842	25.401	27.627
843	25.277	27.622
844	25.192	27.682
845	25.098	27.679
846	25.015	27.681
847	24.962	27.733
848	24.907	27.745
849	24.847	27.701
850	24.809	27.684
851	24.795	27.649
852	24.817	27.721
853	24.84	27.695
854	24.878	27.675
855	24.934	27.668
856	25.029	27.666
857	25.112	27.608
858	25.222	27.589
859	25.339	27.545
860	25.464	27.492
861	25.604	27.459
862	25.794	27.471
863	25.97	27.455
864	26.182	27.459
865	26.436	27.453
866	26.678	27.427
867	26.949	27.409
868	27.219	27.374
869	27.504	27.33
870	27.792	27.276
871	28.091	27.226
872	28.41	27.209
873	28.731	27.154
874	29.095	27.156
875	29.471	27.145
876	29.867	27.167
877	30.223	27.084
878	30.601	27.089
879	31.007	27.12
880	31.365	27.094
881	31.756	27.097
882	32.141	27.102
883	32.482	27.046
884	32.867	27.092
885	33.229	27.095
886	33.597	27.097
887	33.929	27.093
888	34.268	27.109
889	34.549	27.108
890	34.818	27.122
891	35.05	27.121
892	35.282	27.138
893	35.532	27.221
894	35.705	27.217
895	35.892	27.26
896	36.026	27.27
897	36.098	27.202
898	36.197	27.241
899	36.236	27.267
900	36.244	27.289
901	36.187	27.284
902	36.156	27.371
903	36.097	27.438
904	35.946	27.417
905	35.8	27.414
906	35.58	27.376
907	35.411	27.434
908	35.214	27.518
909	34.922	27.475
910	34.642	27.493
911	34.38	27.577
912	34.083	27.606
913	33.772	27.623
914	33.453	27.628
915	33.108	27.654
916	32.778	27.664
917	32.414	27.659
918	32.019	27.58
919	31.664	27.604
920	31.304	27.611
921	30.949	27.651
922	30.619	27.73
923	30.238	27.702
924	29.921	27.785
925	29.579	27.799
926	29.224	27.768
927	28.865	27.69
928	28.524	27.641
929	28.223	27.653
930	27.939	27.669
931	27.645	27.678
932	27.348	27.659
933	27.091	27.656
934	26.864	27.701
935	26.631	27.693
936	26.39	27.664
937	26.183	27.641
938	26.008	27.691
939	25.83	27.696
940	25.646	27.651
941	25.514	27.706
942	25.379	27.72
943	25.275	27.814
944	25.166	27.829
945	25.061	27.821
946	24.984	27.803
947	24.9	27.751
948	24.857	27.75
949	24.805	27.688
950	24.782	27.666
951	24.789	27.687
952	24.8	27.719
953	24.825	27.716
954	24.855	27.66
955	24.923	27.657
956	25.008	27.662
957	25.101	27.652
958	25.221	27.683
959	25.353	27.671
960	25.504	27.675
961	25.667	27.655
962	25.84	27.631
963	26.013	27.53
964	26.223	27.528
965	26.478	27.56
966	26.713	27.494
967	26.971	27.491
968	27.228	27.414
969	27.516	27.374
970	27.82	27.368
971	28.143	27.358
972	28.459	27.319
973	28.811	27.326
974	29.146	27.314
975	29.48	27.294
976	29.861	27.281
977	30.239	27.243
978	30.617	27.231
979	30.997	27.235
980	31.372	27.219
981	31.774	27.216
982	32.139	27.187
983	32.489	27.13
984	32.826	27.106
985	33.201	27.152
986	33.526	27.101
987	33.843	27.093
988	34.148	27.108
989	34.439	27.067
990	34.713	27.065
991	34.962	27.077
992	35.206	27.074
993	35.431	27.073
994	35.587	27.046
995	35.744	27.047
996	35.856	27.027
997	35.97	27.058
998	36.007	27.068
999	36.053	27.032
1000	36.084	27.057
1001	36.046	27.077
1002	35.983	27.065
1003	35.901	27.074
1004	35.792	27.127
1005	35.658	27.152
1006	35.493	27.195
1007	35.324	27.214
1008	35.111	27.232
1009	34.89	27.277
1010	34.605	27.237
1011	34.329	27.258
1012	34.021	27.254
1013	33.697	27.242
1014	33.371	27.281
1015	33.022	27.283
1016	32.675	27.296
1017	32.341	27.32
1018	31.96	27.28
1019	31.611	27.313
1020	31.242	27.299
1021	30.89	27.349
1022	30.532	27.372
1023	30.209	27.45
1024	29.866	27.495
1025	29.532	27.489
1026	29.186	27.454
1027	28.857	27.504
1028	28.542	27.511
1029	28.25	27.527
1030	27.931	27.537
1031	27.661	27.568
1032	27.369	27.54
1033	27.102	27.538
1034	26.837	27.535
1035	26.604	27.536
1036	26.4	27.557
1037	26.191	27.577
1038	26.04	27.669
1039	25.858	27.649
1040	25.701	27.669
1041	25.544	27.656
1042	25.393	27.658
1043	25.283	27.694
1044	25.184	27.718
1045	25.094	27.73
1046	25.012	27.7
1047	24.947	27.689
1048	24.891	27.622
1049	24.857	27.614
1050	24.836	27.602
1051	24.836	27.621
1052	24.859	27.599
1053	24.876	27.566
1054	24.912	27.513
1055	24.982	27.482
1056	25.044	27.415
1057	25.144	27.455
1058	25.268	27.496
1059	25.417	27.498
1060	25.558	27.482
1061	25.706	27.488
1062	25.906	27.51
1063	26.063	27.406
1064	26.284	27.42
1065	26.507	27.402
1066	26.749	27.388
1067	27.013	27.372
1068	27.292	27.387
1069	27.572	27.352
1070	27.882	27.362
1071	28.179	27.391
1072	28.509	27.356
1073	28.838	27.342
1074	29.192	27.322
1075	29.545	27.335
1076	29.911	27.343
1077	30.277	27.33
1078	30.661	27.369
1079	31.027	27.356
1080	31.41	27.39
1081	31.782	27.377
1082	32.16	27.352
1083	32.499	27.263
1084	32.875	27.3
1085	33.218	27.284
1086	33.569	27.304
1087	33.885	27.282
1088	34.222	27.303
1089	34.517	27.308
1090	34.779	27.298
1091	35.041	27.305
1092	35.264	27.314
1093	35.464	27.311
1094	35.634	27.336
1095	35.782	27.355
1096	35.954	27.344
1097	36.061	27.393
1098	36.163	27.424
1099	36.174	27.442
1100	36.152	27.417
1101	36.118	27.41
1102	36.069	27.42
1103	35.981	27.411
1104	35.873	27.464
1105	35.748	27.464
1106	35.612	27.541
1107	35.412	27.59
1108	35.212	27.646
1109	34.934	27.593
1110	34.68	27.626
1111	34.388	27.622
1112	34.086	27.637
1113	33.762	27.666
1114	33.438	27.681
1115	33.111	27.694
1116	32.756	27.695
1117	32.393	27.672
1118	32.036	27.648
1119	31.694	27.669
1120	31.324	27.665
1121	30.935	27.65
1122	30.589	27.684
1123	30.21	27.667
1124	29.858	27.689
1125	29.537	27.726
1126	29.211	27.741
1127	28.881	27.77
1128	28.567	27.771
1129	28.291	27.825
1130	27.978	27.837
1131	27.668	27.771
1132	27.421	27.792
1133	27.155	27.791
1134	26.913	27.826
1135	26.677	27.841
1136	26.456	27.841
1137	26.251	27.847
1138	26.056	27.85
1139	25.852	27.804
1140	25.676	27.776
1141	25.539	27.802
1142	25.415	27.882
1143	25.285	27.899
1144	25.173	27.906
1145	25.081	27.917
1146	25.009	27.934
1147	24.923	27.862
1148	24.892	27.892
1149	24.864	27.883
1150	24.848	27.869
1151	24.84	27.864
1152	24.873	27.898
1153	24.898	27.889
1154	24.902	27.763
1155	24.945	27.701
1156	25.01	27.71
1157	25.076	27.658
1158	25.19	27.648
1159	25.316	27.605
1160	25.455	27.579
1161	25.614	27.555
1162	25.786	27.512
1163	25.979	27.491
1164	26.205	27.497
1165	26.448	27.522
1166	26.675	27.479
1167	26.919	27.379
1168	27.191	27.347
1169	27.486	27.331
1170	27.787	27.27
1171	28.107	27.257
1172	28.435	27.252
1173	28.758	27.213
1174	29.111	27.206
1175	29.462	27.22
1176	29.828	27.224
1177	30.179	27.193
1178	30.556	27.194
1179	30.96	27.23
1180	31.36	27.238
1181	31.775	27.295
1182	32.163	27.291
1183	32.541	27.28
1184	32.906	27.315
1185	33.267	27.317
1186	33.615	27.317
1187	33.983	27.361
1188	34.302	27.34
1189	34.606	27.352
1190	34.873	27.34
1191	35.128	27.314
1192	35.351	27.351
1193	35.579	27.412
1194	35.751	27.418
1195	35.878	27.421
1196	35.99	27.451
1197	36.084	27.485
1198	36.146	27.49
1199	36.17	27.458
1200	36.18	27.486
1201	36.143	27.488
1202	36.109	27.503
1203	36.045	27.578
1204	35.911	27.58
1205	35.749	27.583
1206	35.549	27.526
1207	35.321	27.534
1208	35.079	27.543
1209	34.822	27.55
1210	34.568	27.567
1211	34.282	27.581
1212	33.967	27.597
1213	33.651	27.651
1214	33.298	27.665
1215	32.971	27.7
1216	32.635	27.757
1217	32.293	27.742
1218	31.935	27.734
1219	31.585	27.748
1220	31.223	27.759
1221	30.855	27.718
1222	30.491	27.686
1223	30.134	27.708
1224	29.801	27.78
1225	29.466	27.758
1226	29.142	27.76
1227	28.785	27.702
1228	28.449	27.643
1229	28.16	27.666
1230	27.885	27.705
1231	27.601	27.705
1232	27.351	27.72
1233	27.102	27.718
1234	26.87	27.749
1235	26.628	27.782
1236	26.415	27.804
1237	26.202	27.813
1238	26.016	27.793
1239	25.854	27.814
1240	25.688	27.777
1241	25.542	27.79
1242	25.414	27.801
1243	25.292	27.778
1244	25.178	27.738
1245	25.084	27.739
1246	25.036	27.813
1247	24.982	27.857
1248	24.931	27.819
1249	24.889	27.788
1250	24.862	27.754
1251	24.859	27.742
1252	24.87	27.782
1253	24.899	27.767
1254	24.939	27.758
1255	24.995	27.723
1256	25.093	27.776
1257	25.178	27.752
1258	25.286	27.75
1259	25.409	27.689
1260	25.561	27.641
1261	25.712	27.593
1262	25.89	27.531
1263	26.102	27.588
1264	26.303	27.535
1265	26.529	27.53
1266	26.762	27.498
1267	27.032	27.557
1268	27.305	27.563
1269	27.597	27.576
1270	27.912	27.56
1271	28.214	27.494
1272	28.556	27.528
1273	28.878	27.515
1274	29.227	27.494
1275	29.589	27.513
1276	29.945	27.523
1277	30.313	27.47
1278	30.682	27.47
1279	31.043	27.465
1280	31.41	27.48
1281	31.758	27.403
1282	32.132	27.398
1283	32.52	27.407
1284	32.859	27.368
1285	33.169	27.328
1286	33.508	27.339
1287	33.834	27.371
1288	34.103	27.315
1289	34.445	27.391
1290	34.71	27.407
1291	34.974	27.457
1292	35.183	27.402
1293	35.364	27.347
1294	35.546	27.366
1295	35.755	27.449
1296	35.872	27.461
1297	35.947	27.418
1298	36.053	27.45
1299	36.102	27.473
1300	36.083	27.437
1301	36.049	27.447
1302	36.005	27.464
1303	35.93	27.486
1304	35.798	27.467
1305	35.699	27.546
1306	35.523	27.559
1307	35.337	27.579
1308	35.079	27.557
1309	34.865	27.607
1310	34.605	27.613
1311	34.317	27.626
1312	34.021	27.629
1313	33.725	27.624
1314	33.36	27.578
1315	33.018	27.555
1316	32.654	27.498
1317	32.32	27.569
1318	32	27.703
1319	31.639	27.699
1320	31.248	27.652
1321	30.914	27.701
1322	30.538	27.695
1323	30.175	27.697
1324	29.817	27.684
1325	29.503	27.722
1326	29.188	27.735
1327	28.868	27.746
1328	28.575	27.782
1329	28.293	27.826
1330	27.976	27.784
1331	27.705	27.823
1332	27.422	27.831
1333	27.182	27.852
1334	26.933	27.86
1335	26.702	27.861
1336	26.498	27.877
1337	26.286	27.898
1338	26.081	27.911
1339	25.93	28
1340	25.776	28.043
1341	25.622	28.086
1342	25.475	28.009
1343	25.335	27.929
1344	25.222	27.896
1345	25.121	27.878
1346	25.013	27.818
1347	24.956	27.811
1348	24.896	27.786
1349	24.868	27.794
1350	24.85	27.801
1351	24.856	27.836
1352	24.872	27.855
1353	24.881	27.814
1354	24.905	27.757
1355	24.969	27.735
1356	25.03	27.703
1357	25.132	27.683
1358	25.218	27.665
1359	25.344	27.668
1360	25.506	27.681
1361	25.653	27.639
1362	25.825	27.603
1363	26.025	27.588
1364	26.192	27.469
1365	26.413	27.457
1366	26.679	27.419
1367	26.938	27.429
1368	27.213	27.41
1369	27.501	27.396
1370	27.806	27.406
1371	28.154	27.441
1372	28.482	27.416
1373	28.828	27.396
1374	29.174	27.382
1375	29.522	27.379
1376	29.856	27.277
1377	30.195	27.246
1378	30.559	27.22
1379	30.966	27.264
1380	31.339	27.261
1381	31.714	27.262
1382	32.107	27.313
1383	32.495	27.291
1384	32.865	27.277
1385	33.213	27.3
1386	33.567	27.31
1387	33.874	27.278
1388	34.186	27.279
1389	34.501	27.281
1390	34.817	27.31
1391	35.066	27.337
1392	35.296	27.37
1393	35.509	27.403
1394	35.705	27.437
1395	35.856	27.416
1396	35.949	27.374
1397	36.044	27.383
1398	36.115	27.432
1399	36.137	27.43
1400	36.141	27.431
1401	36.128	27.477
1402	36.098	27.496
1403	36.015	27.531
1404	35.865	27.485
1405	35.707	27.494
1406	35.558	27.506
1407	35.32	27.486
1408	35.098	27.51
1409	34.838	27.506
1410	34.581	27.509
1411	34.291	27.53
1412	34.025	27.586
1413	33.739	27.66
1414	33.417	27.708
1415	33.038	27.675
1416	32.68	27.662
1417	32.324	27.642
1418	31.963	27.644
1419	31.6	27.666
1420	31.251	27.711
1421	30.897	27.753
1422	30.546	27.796
1423	30.196	27.839
1424	29.837	27.851
1425	29.488	27.857
1426	29.133	27.835
1427	28.807	27.853
1428	28.519	27.885
1429	28.213	27.926
1430	27.936	27.944
1431	27.643	27.921
1432	27.362	27.898
1433	27.122	27.931
1434	26.879	27.992
1435	26.64	27.982
1436	26.427	27.969
1437	26.224	27.981
1438	26.019	27.924
1439	25.846	27.903
1440	25.688	27.917
1441	25.54	27.938
1442	25.402	27.939
1443	25.303	27.996
1444	25.189	27.968
1445	25.096	27.977
1446	25.012	27.977
1447	24.943	27.946
1448	24.911	27.918
1449	24.907	27.944
1450	24.892	27.929
1451	24.888	27.912
1452	24.906	27.899
1453	24.911	27.85
1454	24.952	27.826
1455	25.024	27.828
1456	25.106	27.854
1457	25.211	27.832
1458	25.301	27.792
1459	25.45	27.781
1460	25.585	27.747
1461	25.743	27.738
1462	25.916	27.712
1463	26.099	27.665
1464	26.303	27.65
1465	26.533	27.632
1466	26.788	27.613
1467	27.048	27.588
1468	27.305	27.517
1469	27.593	27.499
1470	27.892	27.49
1471	28.208	27.481
1472	28.539	27.472
1473	28.853	27.453
1474	29.161	27.421
1475	29.512	27.4
1476	29.892	27.438
1477	30.256	27.404
1478	30.625	27.398
1479	31.003	27.429
1480	31.326	27.342
1481	31.697	27.335
1482	32.101	27.419
1483	32.471	27.444
1484	32.8	27.434
1485	33.166	27.447
1486	33.494	27.427
1487	33.826	27.424
1488	34.119	27.406
1489	34.397	27.365
1490	34.675	27.372
1491	34.945	27.423
1492	35.179	27.421
1493	35.385	27.435
1494	35.571	27.439
1495	35.712	27.406
1496	35.855	27.451
1497	36.004	27.512
1498	36.09	27.518
1499	36.163	27.535
1500	36.173	27.59
1501	36.121	27.56
1502	36.067	27.597
1503	35.986	27.6
1504	35.882	27.579
1505	35.78	27.63
1506	35.608	27.638
1507	35.391	27.583
1508	35.167	27.573
1509	34.957	27.616
1510	34.696	27.648
1511	34.417	27.675
1512	34.108	27.686
1513	33.825	27.759
1514	33.522	27.816
1515	33.195	27.84
1516	32.81	27.796
1517	32.452	27.81
1518	32.094	27.808
1519	31.738	27.833
1520	31.382	27.845
1521	30.999	27.793
1522	30.603	27.756
1523	30.246	27.779
1524	29.882	27.754
1525	29.54	27.721
1526	29.26	27.802
1527	28.939	27.823
1528	28.649	27.906
1529	28.337	27.91
1530	28.058	27.983
1531	27.774	28
1532	27.472	27.983
1533	27.24	28.05
1534	26.949	27.977
1535	26.701	27.955
1536	26.49	27.974
1537	26.281	27.983
1538	26.08	27.976
1539	25.89	27.996
1540	25.705	27.978
1541	25.556	27.965
1542	25.414	27.934
1543	25.302	27.986
1544	25.186	27.987
1545	25.078	27.967
1546	24.992	27.95
1547	24.938	28.011
1548	24.878	27.979
1549	24.845	27.975
1550	24.821	27.966
1551	24.78	27.888
1552	24.776	27.835
1553	24.771	27.744
1554	24.827	27.76
1555	24.863	27.698
1556	24.951	27.682
1557	25.06	27.685
1558	25.144	27.628
1559	25.31	27.65
1560	25.462	27.661
1561	25.633	27.659
1562	25.811	27.606
1563	26.013	27.6
1564	26.229	27.56
1565	26.458	27.529
1566	26.705	27.533
1567	26.976	27.557
1568	27.223	27.451
1569	27.516	27.421
1570	27.861	27.497
1571	28.21	27.548
1572	28.514	27.431
1573	28.849	27.397
1574	29.209	27.404
1575	29.582	27.419
1576	29.938	27.384
1577	30.31	27.371
1578	30.721	27.398
1579	31.099	27.38
1580	31.49	27.361
1581	31.847	27.338
1582	32.225	27.328
1583	32.566	27.29
1584	32.893	27.275
1585	33.25	27.302
1586	33.534	27.271
1587	33.855	27.269
1588	34.155	27.251
1589	34.451	27.279
1590	34.721	27.277
1591	34.948	27.245
1592	35.157	27.222
1593	35.378	27.287
1594	35.522	27.278
1595	35.642	27.273
1596	35.72	27.219
1597	35.832	27.268
1598	35.937	27.297
1599	35.962	27.305
1600	35.951	27.29
1601	35.956	27.365
1602	35.932	27.412
1603	35.825	27.406
1604	35.705	27.444
1605	35.552	27.472
1606	35.434	27.543
1607	35.245	27.555
1608	35.073	27.622
1609	34.835	27.638
1610	34.563	27.647
1611	34.313	27.658
1612	34.024	27.689
1613	33.724	27.687
1614	33.404	27.699
1615	33.07	27.753
1616	32.746	27.794
1617	32.413	27.839
1618	32.053	27.825
1619	31.763	27.92
1620	31.395	27.86
1621	31.038	27.865
1622	30.689	27.887
1623	30.301	27.867
1624	29.958	27.886
1625	29.632	27.911
1626	29.299	27.889
1627	28.989	27.952
1628	28.675	27.967
1629	28.371	27.935
1630	28.077	27.933
1631	27.759	27.873
1632	27.484	27.885
1633	27.21	27.863
1634	26.965	27.861
1635	26.738	27.85
1636	26.501	27.826
1637	26.296	27.828
1638	26.089	27.826
1639	25.882	27.798
1640	25.715	27.767
1641	25.585	27.834
1642	25.438	27.832
1643	25.334	27.88
1644	25.192	27.825
1645	25.106	27.846
1646	25.024	27.854
1647	24.943	27.826
1648	24.905	27.854
1649	24.865	27.835
1650	24.809	27.778
1651	24.78	27.75
1652	24.768	27.682
1653	24.784	27.663
1654	24.823	27.671
1655	24.872	27.672
1656	24.945	27.671
1657	25.058	27.699
1658	25.174	27.702
1659	25.286	27.656
1660	25.432	27.636
1661	25.601	27.618
1662	25.775	27.614
1663	25.979	27.634
1664	26.206	27.614
1665	26.416	27.588
1666	26.639	27.5
1667	26.898	27.467
1668	27.173	27.423
1669	27.459	27.389
1670	27.759	27.379
1671	28.063	27.331
1672	28.427	27.392
1673	28.758	27.369
1674	29.089	27.328
1675	29.486	27.382
1676	29.872	27.406
1677	30.253	27.422
1678	30.606	27.385
1679	30.997	27.365
1680	31.38	27.31
1681	31.757	27.283
1682	32.105	27.232
1683	32.498	27.276
1684	32.88	27.303
1685	33.251	27.296
1686	33.593	27.312
1687	33.924	27.311
1688	34.23	27.291
1689	34.568	27.382
1690	34.881	27.38
1691	35.141	27.394
1692	35.381	27.406
1693	35.565	27.38
1694	35.762	27.428
1695	35.917	27.416
1696	36.066	27.447
1697	36.106	27.386
1698	36.187	27.462
1699	36.25	27.493
1700	36.238	27.486
1701	36.215	27.512
1702	36.137	27.5
1703	36.104	27.554
1704	35.943	27.538
1705	35.827	27.636
1706	35.627	27.649
1707	35.414	27.664
1708	35.167	27.624
1709	34.904	27.61
1710	34.601	27.618
1711	34.342	27.668
1712	34.038	27.686
1713	33.745	27.73
1714	33.369	27.651
1715	32.996	27.679
1716	32.668	27.757
1717	32.326	27.766
1718	31.944	27.771
1719	31.581	27.796
1720	31.215	27.819
1721	30.858	27.835
1722	30.52	27.857
1723	30.163	27.815
1724	29.809	27.816
1725	29.496	27.908
1726	29.167	27.908
1727	28.85	27.909
1728	28.541	27.908
1729	28.251	27.938
1730	27.925	27.86
1731	27.682	27.893
1732	27.421	27.892
1733	27.15	27.863
1734	26.915	27.87
1735	26.691	27.863
1736	26.458	27.865
1737	26.252	27.855
1738	26.056	27.835
1739	25.888	27.859
1740	25.748	27.868
1741	25.566	27.766
1742	25.44	27.795
1743	25.306	27.766
1744	25.187	27.697
1745	25.09	27.69
1746	25.006	27.677
1747	24.929	27.639
1748	24.868	27.658
1749	24.817	27.668
1750	24.776	27.58
1751	24.781	27.622
1752	24.783	27.608
1753	24.792	27.581
1754	24.829	27.555
1755	24.896	27.532
1756	24.948	27.474
1757	25.024	27.428
1758	25.141	27.428
1759	25.26	27.411
1760	25.406	27.396
1761	25.57	27.367
1762	25.748	27.354
1763	25.944	27.386
1764	26.164	27.38
1765	26.39	27.35
1766	26.651	27.361
1767	26.896	27.307
1768	27.2	27.327
1769	27.503	27.329
1770	27.808	27.304
1771	28.126	27.284
1772	28.446	27.248
1773	28.799	27.211
1774	29.169	27.197
1775	29.517	27.134
1776	29.892	27.129
1777	30.257	27.116
1778	30.634	27.133
1779	31.029	27.161
1780	31.43	27.187
1781	31.847	27.242
1782	32.23	27.24
1783	32.574	27.232
1784	32.946	27.242
1785	33.293	27.267
1786	33.625	27.255
1787	33.948	27.258
1788	34.23	27.186
1789	34.507	27.156
1790	34.785	27.164
1791	34.996	27.149
1792	35.256	27.185
1793	35.46	27.189
1794	35.658	27.267
1795	35.822	27.31
1796	35.951	27.333
1797	36.043	27.36
1798	36.094	27.337
1799	36.137	27.356
1800	36.161	27.424
1801	36.11	27.369
1802	36.065	27.374
1803	35.97	27.366
1804	35.826	27.335
1805	35.649	27.329
1806	35.445	27.323
1807	35.276	27.375
1808	35.083	27.405
1809	34.833	27.404
1810	34.582	27.42
1811	34.305	27.442
1812	34.031	27.531
1813	33.735	27.588
1814	33.42	27.644
1815	33.069	27.65
1816	32.76	27.685
1817	32.38	27.664
1818	32.009	27.667
1819	31.657	27.635
1820	31.261	27.614
1821	30.902	27.612
1822	30.573	27.635
1823	30.215	27.627
1824	29.865	27.634
1825	29.514	27.612
1826	29.179	27.615
1827	28.873	27.707
1828	28.566	27.702
1829	28.28	27.762
1830	27.974	27.741
1831	27.69	27.713
1832	27.413	27.715
1833	27.154	27.682
1834	26.924	27.769
1835	26.699	27.827
1836	26.468	27.822
1837	26.251	27.761
1838	26.038	27.695
1839	25.861	27.673
1840	25.705	27.698
1841	25.543	27.69
1842	25.4	27.683
1843	25.285	27.707
1844	25.156	27.67
1845	25.077	27.672
1846	24.985	27.681
1847	24.912	27.68
1848	24.884	27.782
1849	24.842	27.779
1850	24.821	27.774
1851	24.82	27.761
1852	24.822	27.68
1853	24.83	27.639
1854	24.874	27.597
1855	24.955	27.633
1856	25.038	27.638
1857	25.13	27.611
1858	25.23	27.647
1859	25.344	27.584
1860	25.468	27.496
1861	25.644	27.508
1862	25.797	27.478
1863	26.031	27.553
1864	26.238	27.528
1865	26.466	27.48
1866	26.712	27.455
1867	26.979	27.464
1868	27.257	27.437
1869	27.535	27.398
1870	27.842	27.378
1871	28.165	27.331
1872	28.497	27.335
1873	28.825	27.262
1874	29.175	27.239
1875	29.54	27.232
1876	29.878	27.225
1877	30.249	27.233
1878	30.639	27.25
1879	31.033	27.264
1880	31.432	27.319
1881	31.804	27.309
1882	32.16	27.281
1883	32.524	27.218
1884	32.905	27.251
1885	33.249	27.267
1886	33.576	27.236
1887	33.966	27.286
1888	34.234	27.234
1889	34.516	27.259
1890	34.786	27.274
1891	35.048	27.294
1892	35.271	27.288
1893	35.449	27.268
1894	35.655	27.316
1895	35.81	27.325
1896	35.951	27.339
1897	36.059	27.342
1898	36.157	27.397
1899	36.194	27.414
1900	36.195	27.447
1901	36.194	27.475
1902	36.128	27.509
1903	36.038	27.508
1904	35.864	27.477
1905	35.654	27.38
1906	35.483	27.438
1907	35.277	27.453
1908	35.076	27.521
1909	34.791	27.479
1910	34.53	27.477
1911	34.255	27.501
1912	33.913	27.469
1913	33.585	27.494
1914	33.273	27.51
1915	32.925	27.506
1916	32.581	27.518
1917	32.24	27.524
1918	31.904	27.565
1919	31.539	27.573
1920	31.175	27.595
1921	30.819	27.645
1922	30.452	27.643
1923	30.069	27.586
1924	29.738	27.604
1925	29.406	27.607
1926	29.081	27.605
1927	28.735	27.541
1928	28.424	27.553
1929	28.138	27.575
1930	27.881	27.616
1931	27.6	27.571
1932	27.352	27.611
1933	27.102	27.585
1934	26.875	27.587
1935	26.653	27.586
1936	26.46	27.601
1937	26.266	27.612
1938	26.086	27.6
1939	25.889	27.552
1940	25.733	27.57
1941	25.587	27.582
1942	25.449	27.607
1943	25.36	27.689
1944	25.251	27.693
1945	25.161	27.692
1946	25.075	27.697
1947	25.017	27.713
1948	24.983	27.778
1949	24.941	27.767
1950	24.93	27.81
1951	24.92	27.788
1952	24.947	27.808
1953	24.965	27.812
1954	25.019	27.812
1955	25.069	27.797
1956	25.145	27.82
1957	25.218	27.781
1958	25.318	27.754
1959	25.442	27.752
1960	25.574	27.744
1961	25.71	27.719
1962	25.898	27.759
1963	26.089	27.725
1964	26.315	27.755
1965	26.52	27.731
1966	26.749	27.687
1967	27.002	27.654
1968	27.234	27.546
1969	27.523	27.536
1970	27.813	27.499
1971	28.132	27.487
1972	28.427	27.461
1973	28.745	27.414
1974	29.114	27.422
1975	29.441	27.336
1976	29.8	27.33
1977	30.193	27.34
1978	30.569	27.353
1979	30.945	27.372
1980	31.3	27.327
1981	31.678	27.299
1982	32.073	27.37
1983	32.452	27.369
1984	32.818	27.399
1985	33.18	27.406
1986	33.526	27.431
1987	33.823	27.365
1988	34.125	27.346
1989	34.424	27.331
1990	34.742	27.363
1991	35.013	27.395
1992	35.252	27.397
1993	35.509	27.452
1994	35.673	27.4
1995	35.869	27.453
1996	36.008	27.453
1997	36.149	27.463
1998	36.193	27.44
1999	36.182	27.439
2000	36.206	27.499
2001	36.154	27.509
2002	36.056	27.474
2003	35.987	27.475
2004	35.87	27.462
2005	35.745	27.518
2006	35.556	27.512
2007	35.334	27.441
2008	35.117	27.483
2009	34.832	27.446
2010	34.578	27.505
2011	34.292	27.489
2012	34.001	27.514
2013	33.704	27.579
2014	33.358	27.619
2015	33.04	27.689
2016	32.698	27.698
2017	32.318	27.694
2018	31.925	27.677
2019	31.588	27.74
2020	31.207	27.724
2021	30.819	27.721
2022	30.47	27.754
2023	30.147	27.776
2024	29.812	27.792
2025	29.498	27.823
2026	29.199	27.854
2027	28.894	27.9
2028	28.564	27.874
2029	28.239	27.853
2030	27.949	27.88
2031	27.684	27.924
2032	27.434	27.969
2033	27.178	27.985
2034	26.96	28.01
2035	26.725	27.958
2036	26.505	27.962
2037	26.309	27.992
2038	26.116	27.986
2039	25.95	27.972
2040	25.761	27.911
2041	25.609	27.893
2042	25.489	27.905
2043	25.377	27.963
2044	25.261	27.947
2045	25.166	27.947
2046	25.101	27.956
2047	25.004	27.919
2048	24.947	27.915
2049	24.912	27.886
2050	24.867	27.829
2051	24.85	27.805
2052	24.854	27.798
2053	24.888	27.804
2054	24.937	27.803
2055	24.999	27.809
2056	25.065	27.779
2057	25.141	27.732
2058	25.246	27.699
2059	25.352	27.621
2060	25.489	27.596
2061	25.645	27.62
2062	25.807	27.538
2063	25.992	27.542
2064	26.187	27.495
2065	26.412	27.482
2066	26.646	27.483
2067	26.904	27.513
2068	27.155	27.429
2069	27.449	27.436
2070	27.758	27.42
2071	28.097	27.432
2072	28.44	27.411
2073	28.77	27.366
2074	29.119	27.363
2075	29.482	27.335
2076	29.847	27.314
2077	30.228	27.294
2078	30.599	27.318
2079	30.991	27.359
2080	31.351	27.287
2081	31.722	27.264
2082	32.087	27.243
2083	32.48	27.304
2084	32.884	27.357
2085	33.239	27.338
2086	33.583	27.294
2087	33.923	27.327
2088	34.254	27.29
2089	34.581	27.338
2090	34.858	27.342
2091	35.13	27.339
2092	35.361	27.312
2093	35.567	27.282
2094	35.782	27.326
2095	35.936	27.377
2096	36.029	27.342
2097	36.145	27.406
2098	36.218	27.45
2099	36.241	27.431
2100	36.24	27.461
2101	36.209	27.487
2102	36.134	27.498
2103	36.053	27.468
2104	35.906	27.434
2105	35.773	27.497
2106	35.609	27.537
2107	35.418	27.604
2108	35.162	27.58
2109	34.878	27.571
2110	34.586	27.584
2111	34.267	27.59
2112	33.952	27.618
2113	33.625	27.661
2114	33.296	27.663
2115	32.964	27.684
2116	32.597	27.683
2117	32.223	27.622
2118	31.867	27.673
2119	31.509	27.69
2120	31.145	27.662
2121	30.768	27.653
2122	30.443	27.688
2123	30.091	27.702
2124	29.763	27.726
2125	29.443	27.807
2126	29.105	27.778
2127	28.78	27.792
2128	28.472	27.82
2129	28.19	27.865
2130	27.908	27.868
2131	27.628	27.868
2132	27.365	27.848
2133	27.097	27.79
2134	26.85	27.788
2135	26.638	27.832
2136	26.452	27.863
2137	26.255	27.855
2138	26.071	27.85
2139	25.894	27.834
2140	25.729	27.813
2141	25.591	27.844
2142	25.472	27.879
2143	25.37	27.909
2144	25.237	27.83
2145	25.157	27.809
2146	25.086	27.876
2147	24.99	27.787
2148	24.945	27.805
2149	24.906	27.798
2150	24.85	27.672
2151	24.858	27.68
2152	24.87	27.675
2153	24.871	27.624
2154	24.92	27.658
2155	24.961	27.633
2156	25.013	27.606
2157	25.088	27.578
2158	25.207	27.617
2159	25.348	27.655
2160	25.492	27.613
2161	25.623	27.534
2162	25.805	27.525
2163	25.99	27.5
2164	26.211	27.509
2165	26.427	27.511
2166	26.666	27.478
2167	26.927	27.504
2168	27.216	27.519
2169	27.482	27.486
2170	27.768	27.479
2171	28.093	27.435
2172	28.412	27.435
2173	28.746	27.4
2174	29.113	27.461
2175	29.496	27.49
2176	29.852	27.47
2177	30.203	27.443
2178	30.606	27.477
2179	30.952	27.37
2180	31.346	27.372
2181	31.761	27.389
2182	32.167	27.417
2183	32.539	27.406
2184	32.902	27.368
2185	33.25	27.387
2186	33.627	27.476
2187	33.954	27.509
2188	34.279	27.53
2189	34.549	27.516
2190	34.851	27.508
2191	35.114	27.501
2192	35.313	27.442
2193	35.501	27.401
2194	35.719	27.464
2195	35.873	27.475
2196	35.989	27.47
2197	36.108	27.496
2198	36.174	27.505
2199	36.179	27.462
2200	36.189	27.523
2201	36.153	27.571
2202	36.127	27.6
2203	36.067	27.627
2204	36.003	27.725
2205	35.822	27.693
2206	35.611	27.67
2207	35.384	27.65
2208	35.159	27.647
2209	34.896	27.67
2210	34.624	27.674
2211	34.339	27.648
2212	34.028	27.618
2213	33.712	27.625
2214	33.376	27.646
2215	33.02	27.65
2216	32.664	27.635
2217	32.337	27.729
2218	31.969	27.737
2219	31.624	27.754
2220	31.275	27.758
2221	30.904	27.75
2222	30.553	27.769
2223	30.198	27.758
2224	29.848	27.757
2225	29.5	27.718
2226	29.153	27.693
2227	28.834	27.703
2228	28.501	27.687
2229	28.161	27.621
2230	27.894	27.666
2231	27.631	27.693
2232	27.384	27.732
2233	27.149	27.787
2234	26.908	27.787
2235	26.661	27.794
2236	26.431	27.807
2237	26.229	27.828
2238	26.057	27.872
2239	25.889	27.848
2240	25.752	27.909
2241	25.624	27.975
2242	25.483	27.91
2243	25.358	27.894
2244	25.235	27.892
2245	25.124	27.86
2246	25.036	27.843
2247	24.983	27.869
2248	24.934	27.876
2249	24.9	27.858
2250	24.867	27.828
2251	24.857	27.834
2252	24.869	27.808
2253	24.909	27.815
2254	24.958	27.829
2255	25.017	27.819
2256	25.087	27.813
2257	25.168	27.79
2258	25.277	27.788
2259	25.399	27.774
2260	25.554	27.75
2261	25.724	27.733
2262	25.891	27.694
2263	26.042	27.614
2264	26.244	27.602
2265	26.438	27.523
2266	26.655	27.479
2267	26.906	27.48
2268	27.185	27.471
2269	27.473	27.428
2270	27.782	27.433
2271	28.114	27.451
2272	28.402	27.342
2273	28.765	27.38
2274	29.116	27.384
2275	29.482	27.38
2276	29.877	27.367
2277	30.241	27.398
2278	30.601	27.37
2279	30.984	27.368
2280	31.357	27.357
2281	31.713	27.333
2282	32.087	27.313
2283	32.424	27.247
2284	32.825	27.281
2285	33.186	27.262
2286	33.525	27.236
2287	33.895	27.286
2288	34.24	27.304
2289	34.554	27.331
2290	34.849	27.358
2291	35.121	27.377
2292	35.341	27.379
2293	35.556	27.4
2294	35.736	27.381
2295	35.897	27.396
2296	36.013	27.388
2297	36.113	27.428
2298	36.146	27.376
2299	36.189	27.371
2300	36.204	27.382
2301	36.164	27.401
2302	36.096	27.375
2303	35.985	27.403
2304	35.858	27.4
2305	35.696	27.403
2306	35.542	27.457
2307	35.35	27.515
2308	35.128	27.543
2309	34.844	27.524
2310	34.546	27.537
2311	34.264	27.559
2312	33.927	27.534
2313	33.58	27.508
2314	33.237	27.512
2315	32.894	27.504
2316	32.543	27.492
2317	32.207	27.514
2318	31.843	27.509
2319	31.461	27.519
2320	31.101	27.536
2321	30.743	27.542
2322	30.381	27.53
2323	30.038	27.558
2324	29.695	27.595
2325	29.36	27.622
2326	29.037	27.604
2327	28.738	27.673
2328	28.433	27.643
2329	28.137	27.65
2330	27.859	27.66
2331	27.589	27.615
2332	27.325	27.587
2333	27.062	27.542
2334	26.802	27.52
2335	26.601	27.557
2336	26.365	27.505
2337	26.145	27.498
2338	25.982	27.53
2339	25.797	27.506
2340	25.64	27.487
2341	25.498	27.541
2342	25.377	27.523
2343	25.259	27.517
2344	25.183	27.605
2345	25.099	27.605
2346	25.009	27.604
2347	24.964	27.619
2348	24.91	27.586
2349	24.88	27.561
2350	24.859	27.527
2351	24.846	27.515
2352	24.841	27.411
2353	24.863	27.38
2354	24.907	27.382
2355	24.946	27.338
2356	25.002	27.32
2357	25.1	27.323
2358	25.215	27.344
2359	25.35	27.339
2360	25.491	27.316
2361	25.665	27.351
2362	25.869	27.334
2363	26.066	27.323
2364	26.301	27.339
2365	26.511	27.335
2366	26.752	27.289
2367	27.003	27.292
2368	27.263	27.277
2369	27.544	27.209
2370	27.841	27.164
2371	28.182	27.171
2372	28.501	27.139
2373	28.835	27.134
2374	29.17	27.128
2375	29.52	27.108
2376	29.888	27.095
2377	30.244	27.074
2378	30.632	27.102
2379	31.007	27.098
2380	31.406	27.133
2381	31.813	27.152
2382	32.18	27.164
2383	32.578	27.191
2384	32.96	27.203
2385	33.298	27.209
2386	33.635	27.195
2387	33.94	27.191
2388	34.238	27.182
2389	34.528	27.192
2390	34.812	27.231
2391	35.062	27.232
2392	35.298	27.232
2393	35.522	27.249
2394	35.695	27.23
2395	35.844	27.225
2396	35.969	27.262
2397	36.068	27.28
2398	36.148	27.316
2399	36.211	27.34
2400	36.222	27.376
2401	36.21	27.421
2402	36.176	27.483
2403	36.088	27.551
2404	35.943	27.566
2405	35.809	27.556
2406	35.619	27.572
2407	35.443	27.572
2408	35.19	27.573
2409	34.931	27.573
2410	34.679	27.589
2411	34.389	27.592
2412	34.094	27.637
2413	33.776	27.677
2414	33.438	27.668
2415	33.11	27.676
2416	32.756	27.661
2417	32.382	27.707
2418	32.009	27.684
2419	31.646	27.711
2420	31.271	27.726
2421	30.91	27.71
2422	30.568	27.807
2423	30.203	27.791
2424	29.834	27.768
2425	29.491	27.777
2426	29.145	27.796
2427	28.807	27.798
2428	28.486	27.757
2429	28.205	27.763
2430	27.9	27.788
2431	27.609	27.796
2432	27.318	27.774
2433	27.067	27.807
2434	26.83	27.829
2435	26.616	27.865
2436	26.428	27.96
2437	26.229	27.924
2438	26.043	27.912
2439	25.873	27.972
2440	25.702	27.937
2441	25.558	27.96
2442	25.442	27.935
2443	25.33	27.969
2444	25.2	27.946
2445	25.106	27.954
2446	25.035	27.941
2447	24.962	27.872
2448	24.908	27.872
2449	24.866	27.862
2450	24.844	27.859
2451	24.845	27.826
2452	24.856	27.809
2453	24.869	27.766
2454	24.904	27.736
2455	24.971	27.725
2456	25.06	27.711
2457	25.148	27.696
2458	25.245	27.623
2459	25.367	27.605
2460	25.477	27.491
2461	25.598	27.379
2462	25.769	27.365
2463	25.958	27.335
2464	26.165	27.26
2465	26.395	27.231
2466	26.633	27.224
2467	26.895	27.26
2468	27.148	27.196
2469	27.463	27.18
2470	27.779	27.193
2471	28.07	27.141
2472	28.402	27.175
2473	28.749	27.205
2474	29.109	27.203
2475	29.468	27.174
2476	29.867	27.204
2477	30.24	27.219
2478	30.645	27.24
2479	31.038	27.245
2480	31.437	27.303
2481	31.843	27.361
2482	32.23	27.35
2483	32.609	27.375
2484	32.97	27.372
2485	33.324	27.386
2486	33.702	27.414
2487	34.028	27.418
2488	34.341	27.395
2489	34.638	27.424
2490	34.92	27.459
2491	35.177	27.444
2492	35.356	27.371
2493	35.584	27.398
2494	35.793	27.476
2495	35.936	27.463
2496	36.076	27.506
2497	36.151	27.468
2498	36.213	27.436
2499	36.226	27.437
2500	36.199	27.472
2501	36.099	27.442
2502	36.043	27.422
2503	35.943	27.456
2504	35.772	27.446
2505	35.587	27.398
2506	35.366	27.363
2507	35.145	27.37
2508	34.91	27.363
2509	34.664	27.352
2510	34.402	27.416
2511	34.114	27.448
2512	33.817	27.445
2513	33.498	27.473
2514	33.143	27.415
2515	32.828	27.456
2516	32.481	27.425
2517	32.152	27.447
2518	31.796	27.453
2519	31.42	27.414
2520	31.059	27.425
2521	30.716	27.452
2522	30.386	27.471
2523	30.046	27.489
2524	29.724	27.544
2525	29.416	27.536
2526	29.143	27.615
2527	28.837	27.647
2528	28.52	27.6
2529	28.249	27.633
2530	27.961	27.602
2531	27.703	27.607
2532	27.45	27.599
2533	27.205	27.621
2534	26.969	27.642
2535	26.751	27.612
2536	26.53	27.605
2537	26.332	27.645
2538	26.151	27.673
2539	25.987	27.722
2540	25.809	27.678
2541	25.676	27.727
2542	25.535	27.705
2543	25.415	27.711
2544	25.288	27.709
2545	25.191	27.71
2546	25.085	27.653
2547	25.012	27.657
2548	24.964	27.7
2549	24.909	27.65
2550	24.874	27.652
2551	24.837	27.591
2552	24.828	27.551
2553	24.853	27.588
2554	24.89	27.552
2555	24.952	27.565
2556	25.019	27.539
2557	25.13	27.589
2558	25.244	27.577
2559	25.383	27.618
2560	25.548	27.679
2561	25.705	27.666
2562	25.898	27.691
2563	26.09	27.651
2564	26.291	27.617
2565	26.515	27.592
2566	26.746	27.578
2567	27.012	27.58
2568	27.287	27.566
2569	27.586	27.557
2570	27.9	27.557
2571	28.246	27.582
2572	28.575	27.56
2573	28.905	27.499
2574	29.242	27.474
2575	29.609	27.475
2576	29.972	27.445
2577	30.336	27.418
2578	30.701	27.371
2579	31.104	27.441
2580	31.465	27.428
2581	31.84	27.412
2582	32.188	27.379
2583	32.539	27.354
2584	32.873	27.269
2585	33.173	27.169
2586	33.503	27.146
2587	33.791	27.091
2588	34.1	27.098
2589	34.412	27.113
2590	34.677	27.156
2591	34.926	27.151
2592	35.148	27.184
2593	35.356	27.2
2594	35.536	27.204
2595	35.694	27.2
2596	35.8	27.201
2597	35.9	27.212
2598	35.963	27.181
2599	36.037	27.203
2600	36.044	27.178
2601	36.036	27.191
2602	36.009	27.271
2603	35.939	27.296
2604	35.83	27.302
2605	35.708	27.32
2606	35.549	27.375
2607	35.361	27.413
2608	35.125	27.429
2609	34.881	27.476
2610	34.646	27.524
2611	34.375	27.555
2612	34.082	27.558
2613	33.762	27.583
2614	33.452	27.664
2615	33.123	27.662
2616	32.773	27.675
2617	32.431	27.677
2618	32.081	27.701
2619	31.729	27.725
2620	31.369	27.742
2621	31.02	27.75
2622	30.655	27.742
2623	30.277	27.789
2624	29.903	27.762
2625	29.537	27.776
2626	29.195	27.792
2627	28.893	27.831
2628	28.593	27.86
2629	28.264	27.823
2630	27.943	27.803
2631	27.63	27.766
2632	27.349	27.744
2633	27.103	27.776
2634	26.859	27.77
2635	26.626	27.756
2636	26.412	27.796
2637	26.204	27.806
2638	26.014	27.789
2639	25.85	27.793
2640	25.677	27.818
2641	25.534	27.855
2642	25.398	27.851
2643	25.273	27.856
2644	25.165	27.848
2645	25.077	27.897
2646	24.993	27.893
2647	24.92	27.872
2648	24.885	27.864
2649	24.861	27.892
2650	24.864	27.906
2651	24.887	27.939
2652	24.861	27.839
2653	24.882	27.842
2654	24.923	27.851
2655	24.992	27.851
2656	25.093	27.854
2657	25.196	27.856
2658	25.304	27.839
2659	25.435	27.82
2660	25.572	27.846
2661	25.732	27.788
2662	25.909	27.771
2663	26.103	27.773
2664	26.308	27.742
2665	26.538	27.694
2666	26.771	27.628
2667	27.017	27.571
2668	27.307	27.6
2669	27.588	27.583
2670	27.881	27.525
2671	28.189	27.498
2672	28.519	27.506
2673	28.864	27.497
2674	29.22	27.498
2675	29.586	27.49
2676	29.9	27.41
2677	30.278	27.411
2678	30.665	27.438
2679	31.044	27.423
2680	31.433	27.45
2681	31.793	27.425
2682	32.135	27.349
2683	32.484	27.297
2684	32.828	27.328
2685	33.17	27.315
2686	33.495	27.312
2687	33.813	27.292
2688	34.117	27.295
2689	34.385	27.258
2690	34.65	27.244
2691	34.91	27.249
2692	35.198	27.341
2693	35.368	27.281
2694	35.545	27.281
2695	35.701	27.28
2696	35.83	27.307
2697	35.926	27.319
2698	35.996	27.327
2699	36.026	27.329
2700	36.017	27.355
2701	36.026	27.399
2702	35.964	27.387
2703	35.862	27.392
2704	35.761	27.412
2705	35.615	27.401
2706	35.451	27.437
2707	35.289	27.527
2708	35.097	27.587
2709	34.869	27.614
2710	34.621	27.637
2711	34.35	27.643
2712	34.074	27.703
2713	33.803	27.779
2714	33.473	27.785
2715	33.158	27.828
2716	32.788	27.797
2717	32.406	27.742
2718	32.051	27.744
2719	31.701	27.758
2720	31.331	27.748
2721	30.971	27.755
2722	30.641	27.829
2723	30.282	27.839
2724	29.936	27.855
2725	29.6	27.837
2726	29.262	27.827
2727	28.951	27.862
2728	28.61	27.807
2729	28.296	27.798
2730	28.005	27.825
2731	27.721	27.799
2732	27.447	27.81
2733	27.193	27.83
2734	26.948	27.778
2735	26.714	27.759
2736	26.49	27.78
2737	26.27	27.756
2738	26.04	27.67
2739	25.861	27.704
2740	25.688	27.691
2741	25.548	27.755
2742	25.407	27.771
2743	25.287	27.778
2744	25.166	27.748
2745	25.078	27.762
2746	24.994	27.738
2747	24.914	27.667
2748	24.865	27.686
2749	24.834	27.687
2750	24.798	27.692
2751	24.801	27.769
2752	24.811	27.782
2753	24.86	27.794
2754	24.905	27.772
2755	24.961	27.732
2756	25.042	27.753
2757	25.116	27.676
2758	25.222	27.638
2759	25.342	27.631
2760	25.496	27.674
2761	25.656	27.657
2762	25.842	27.683
2763	26.047	27.687
2764	26.275	27.661
2765	26.49	27.633
2766	26.759	27.669
2767	27.016	27.638
2768	27.291	27.659
2769	27.591	27.681
2770	27.893	27.683
2771	28.199	27.654
2772	28.527	27.638
2773	28.863	27.575
2774	29.189	27.509
2775	29.553	27.487
2776	29.903	27.423
2777	30.274	27.413
2778	30.666	27.452
2779	31.033	27.44
2780	31.416	27.487
2781	31.787	27.479
2782	32.185	27.532
2783	32.553	27.529
2784	32.922	27.542
2785	33.253	27.478
2786	33.592	27.484
2787	33.916	27.462
2788	34.222	27.452
2789	34.494	27.431
2790	34.787	27.451
2791	35.013	27.392
2792	35.216	27.384
2793	35.389	27.349
2794	35.563	27.329
2795	35.733	27.341
2796	35.84	27.387
2797	35.94	27.409
2798	35.998	27.435
2799	36.071	27.485
2800	36.097	27.498
2801	36.071	27.515
2802	36.006	27.495
2803	35.89	27.452
2804	35.767	27.431
2805	35.63	27.418
2806	35.471	27.454
2807	35.257	27.445
2808	35.031	27.445
2809	34.77	27.454
2810	34.511	27.46
2811	34.226	27.463
2812	33.905	27.416
2813	33.596	27.446
2814	33.269	27.462
2815	32.957	27.532
2816	32.621	27.584
2817	32.337	27.692
2818	32.023	27.738
2819	31.677	27.769
2820	31.299	27.737
2821	30.977	27.756
2822	30.618	27.751
2823	30.286	27.782
2824	29.937	27.837
2825	29.602	27.906
2826	29.296	27.937
2827	28.978	27.965
2828	28.663	27.98
2829	28.374	28.025
2830	28.082	28.014
2831	27.802	28.025
2832	27.528	28.017
2833	27.276	28.06
2834	27.039	28.055
2835	26.806	28.075
2836	26.58	28.068
2837	26.388	28.111
2838	26.194	28.09
2839	26.009	28.082
2840	25.846	28.073
2841	25.675	28.006
2842	25.501	27.911
2843	25.345	27.852
2844	25.227	27.837
2845	25.143	27.869
2846	25.04	27.833
2847	24.95	27.812
2848	24.863	27.769
2849	24.818	27.702
2850	24.781	27.637
2851	24.762	27.646
2852	24.769	27.63
2853	24.786	27.612
2854	24.807	27.575
2855	24.842	27.539
2856	24.911	27.51
2857	25.029	27.525
2858	25.136	27.512
2859	25.257	27.463
2860	25.403	27.467
2861	25.576	27.471
2862	25.758	27.446
2863	25.964	27.517
2864	26.185	27.484
2865	26.374	27.385
2866	26.62	27.362
2867	26.889	27.38
2868	27.182	27.37
2869	27.477	27.358
2870	27.776	27.332
2871	28.09	27.302
2872	28.46	27.358
2873	28.855	27.429
2874	29.204	27.408
2875	29.551	27.398
2876	29.909	27.365
2877	30.293	27.419
2878	30.662	27.385
2879	31.082	27.466
2880	31.473	27.507
2881	31.842	27.471
2882	32.198	27.476
2883	32.557	27.466
2884	32.928	27.521
2885	33.277	27.525
2886	33.609	27.509
2887	33.916	27.496
2888	34.21	27.437
2889	34.476	27.43
2890	34.787	27.479
2891	35.061	27.526
2892	35.288	27.502
2893	35.506	27.549
2894	35.674	27.55
2895	35.818	27.556
2896	35.978	27.619
2897	36.08	27.591
2898	36.101	27.531
2899	36.127	27.563
2900	36.171	27.632
2901	36.12	27.585
2902	36.045	27.535
2903	35.97	27.576
2904	35.83	27.527
2905	35.701	27.548
2906	35.529	27.562
2907	35.324	27.55
2908	35.108	27.536
2909	34.862	27.552
2910	34.587	27.55
2911	34.32	27.593
2912	34.014	27.601
2913	33.699	27.59
2914	33.386	27.607
2915	33.036	27.592
2916	32.684	27.608
2917	32.337	27.661
2918	31.983	27.679
2919	31.634	27.702
2920	31.283	27.74
2921	30.935	27.81
2922	30.559	27.807
2923	30.237	27.879
2924	29.89	27.872
2925	29.529	27.824
2926	29.204	27.871
2927	28.883	27.892
2928	28.573	27.9
2929	28.27	27.905
2930	27.981	27.905
2931	27.697	27.91
2932	27.431	27.967
2933	27.176	27.987
2934	26.924	27.956
2935	26.696	27.968
2936	26.481	27.96
2937	26.289	28
2938	26.087	27.98
2939	25.931	28.057
2940	25.771	28.086
2941	25.633	28.15
2942	25.488	28.105
2943	25.352	28.048
2944	25.24	28.047
2945	25.139	28.021
2946	25.053	28.012
2947	24.976	28.01
2948	24.902	27.954
2949	24.874	27.977
2950	24.845	27.93
2951	24.836	27.938
2952	24.853	27.922
2953	24.86	27.92
2954	24.887	27.873
2955	24.945	27.869
2956	25.02	27.877
2957	25.109	27.817
2958	25.21	27.827
2959	25.341	27.826
2960	25.485	27.813
2961	25.634	27.794
2962	25.803	27.772
2963	26.011	27.796
2964	26.199	27.737
2965	26.42	27.698
2966	26.641	27.572
2967	26.895	27.55
2968	27.179	27.602
2969	27.463	27.58
2970	27.744	27.564
2971	28.049	27.471
2972	28.364	27.4
2973	28.707	27.405
2974	29.031	27.342
2975	29.382	27.326
2976	29.756	27.285
2977	30.102	27.225
2978	30.471	27.144
2979	30.871	27.186
2980	31.232	27.138
2981	31.616	27.118
2982	31.983	27.12
2983	32.374	27.112
2984	32.717	27.122
2985	33.069	27.1
2986	33.44	27.107
2987	33.772	27.104
2988	34.121	27.152
2989	34.421	27.157
2990	34.682	27.17
2991	34.958	27.229
2992	35.203	27.26
2993	35.396	27.193
2994	35.594	27.197
2995	35.794	27.209
2996	35.918	27.252
2997	36.049	27.299
2998	36.126	27.285
2999	36.21	27.343
3000	36.244	27.38
3001	36.223	27.384
3002	36.203	27.46
3003	36.162	27.534
3004	36.036	27.544
3005	35.904	27.577
3006	35.729	27.607
3007	35.522	27.597
3008	35.28	27.582
3009	35.069	27.626
3010	34.785	27.646
3011	34.465	27.642
3012	34.173	27.686
3013	33.8	27.618
3014	33.479	27.693
3015	33.169	27.723
3016	32.809	27.727
3017	32.434	27.713
3018	32.092	27.803
3019	31.726	27.816
3020	31.349	27.797
3021	30.983	27.768
3022	30.607	27.805
3023	30.245	27.829
3024	29.885	27.845
3025	29.538	27.861
3026	29.2	27.872
3027	28.852	27.844
3028	28.528	27.858
3029	28.232	27.913
3030	27.941	27.94
3031	27.655	27.951
3032	27.382	27.941
3033	27.107	27.959
3034	26.852	27.945
3035	26.634	27.941
3036	26.4	27.95
3037	26.186	27.895
3038	26.022	27.961
3039	25.841	27.911
3040	25.673	27.897
3041	25.52	27.873
3042	25.407	27.973
3043	25.282	27.939
3044	25.173	27.948
3045	25.074	27.936
3046	24.983	27.933
3047	24.929	27.914
3048	24.882	27.91
3049	24.844	27.858
3050	24.837	27.878
3051	24.832	27.89
3052	24.847	27.893
3053	24.884	27.89
3054	24.92	27.813
3055	24.964	27.8
3056	25.027	27.74
3057	25.138	27.775
3058	25.264	27.763
3059	25.388	27.72
3060	25.537	27.715
3061	25.709	27.678
3062	25.893	27.695
3063	26.076	27.654
3064	26.274	27.573
3065	26.497	27.532
3066	26.767	27.581
3067	27.024	27.567
3068	27.296	27.555
3069	27.584	27.54
3070	27.896	27.56
3071	28.239	27.606
3072	28.569	27.584
3073	28.906	27.566
3074	29.253	27.568
3075	29.593	27.527
3076	29.957	27.51
3077	30.314	27.478
3078	30.666	27.434
3079	31.029	27.421
3080	31.417	27.408
3081	31.812	27.453
3082	32.204	27.493
3083	32.57	27.495
3084	32.92	27.482
3085	33.242	27.465
3086	33.564	27.443
3087	33.865	27.441
3088	34.176	27.509
3089	34.47	27.543
3090	34.712	27.552
3091	34.921	27.495
3092	35.141	27.443
3093	35.346	27.439
3094	35.517	27.455
3095	35.662	27.453
3096	35.781	27.427
3097	35.866	27.436
3098	35.909	27.452
3099	35.973	27.544
3100	35.989	27.569
3101	35.963	27.567
3102	35.937	27.627
3103	35.836	27.629
3104	35.743	27.641
3105	35.588	27.606
3106	35.4	27.556
3107	35.148	27.507
3108	34.958	27.564
3109	34.714	27.602
3110	34.457	27.639
3111	34.202	27.715
3112	33.953	27.799
3113	33.624	27.714
3114	33.307	27.738
3115	33.009	27.777
3116	32.661	27.799
3117	32.311	27.791
3118	31.967	27.814
3119	31.621	27.809
3120	31.271	27.806
3121	30.923	27.808
3122	30.571	27.838
3123	30.227	27.816
3124	29.856	27.742
3125	29.511	27.733
3126	29.176	27.715
3127	28.858	27.741
3128	28.574	27.775
3129	28.269	27.794
3130	27.984	27.833
3131	27.727	27.905
3132	27.474	27.91
3133	27.204	27.859
3134	26.969	27.851
3135	26.745	27.85
3136	26.512	27.781
3137	26.268	27.71
3138	26.087	27.744
3139	25.919	27.79
3140	25.749	27.779
3141	25.595	27.734
3142	25.461	27.773
3143	25.309	27.755
3144	25.189	27.738
3145	25.075	27.71
3146	24.986	27.703
3147	24.899	27.654
3148	24.848	27.641
3149	24.815	27.643
3150	24.795	27.647
3151	24.789	27.674
3152	24.787	27.617
3153	24.794	27.565
3154	24.837	27.556
3155	24.903	27.543
3156	24.954	27.479
3157	25.045	27.453
3158	25.171	27.491
3159	25.291	27.451
3160	25.45	27.454
3161	25.627	27.506
3162	25.827	27.495
3163	26.027	27.482
3164	26.219	27.403
3165	26.452	27.378
3166	26.698	27.357
3167	26.953	27.309
3168	27.249	27.301
3169	27.545	27.273
3170	27.869	27.31
3171	28.195	27.317
3172	28.57	27.39
3173	28.925	27.415
3174	29.284	27.404
3175	29.67	27.437
3176	30.032	27.394
3177	30.42	27.411
3178	30.829	27.467
3179	31.197	27.426
3180	31.579	27.428
3181	31.978	27.438
3182	32.348	27.449
3183	32.663	27.384
3184	33.042	27.472
3185	33.366	27.447
3186	33.697	27.433
3187	34.028	27.489
3188	34.307	27.483
3189	34.614	27.519
3190	34.852	27.515
3191	35.138	27.624
3192	35.329	27.598
3193	35.527	27.594
3194	35.702	27.621
3195	35.853	27.652
3196	35.999	27.684
3197	36.032	27.607
3198	36.083	27.603
3199	36.085	27.582
3200	36.022	27.509
3201	36.005	27.553
3202	35.923	27.549
3203	35.794	27.515
3204	35.671	27.591
3205	35.548	27.639
3206	35.377	27.682
3207	35.187	27.714
3208	34.989	27.736
3209	34.714	27.67
3210	34.429	27.654
3211	34.149	27.656
3212	33.836	27.603
3213	33.551	27.662
3214	33.218	27.665
3215	32.904	27.7
3216	32.555	27.668
3217	32.227	27.72
3218	31.907	27.764
3219	31.567	27.851
3220	31.213	27.856
3221	30.81	27.783
3222	30.48	27.791
3223	30.142	27.817
3224	29.824	27.883
3225	29.51	27.938
3226	29.206	27.959
3227	28.882	27.916
3228	28.59	27.947
3229	28.293	27.904
3230	28.001	27.934
3231	27.703	27.892
3232	27.434	27.896
3233	27.182	27.906
3234	26.948	27.901
3235	26.753	27.952
3236	26.535	27.944
3237	26.322	27.932
3238	26.127	27.893
3239	25.937	27.884
3240	25.773	27.877
3241	25.621	27.881
3242	25.489	27.86
3243	25.363	27.861
3244	25.244	27.791
3245	25.139	27.757
3246	25.069	27.811
3247	24.998	27.833
3248	24.933	27.809
3249	24.887	27.777
3250	24.868	27.775
3251	24.841	27.751
3252	24.859	27.797
3253	24.861	27.739
3254	24.903	27.731
3255	24.934	27.659
3256	25.021	27.675
3257	25.102	27.617
3258	25.229	27.632
3259	25.361	27.629
3260	25.47	27.545
3261	25.624	27.522
3262	25.83	27.594
3263	26.02	27.566
3264	26.247	27.553
3265	26.467	27.507
3266	26.727	27.506
3267	26.982	27.514
3268	27.225	27.443
3269	27.742	27.45
3270	28.043	27.405
3271	28.364	27.374
3272	28.695	27.355
3273	29.021	27.307
3274	29.371	27.286
3275	29.722	27.254
3276	30.089	27.25
3277	30.459	27.232
3278	30.828	27.262
3279	31.205	27.267
3280	31.584	27.249
3281	31.957	27.246
3282	32.342	27.275
3283	32.689	27.271
3284	33.046	27.283
3285	33.42	27.319
3286	33.748	27.325
3287	34.034	27.266
3288	34.334	27.255
3289	34.624	27.263
3290	34.899	27.311
3291	35.107	27.283
3292	35.324	27.245
3293	35.568	27.319
3294	35.388	27.307
3295	35.548	27.344
3296	35.666	27.337
3297	35.73	27.334
3298	35.856	27.436
3299	35.884	27.445
3300	35.877	27.448
3301	35.844	27.452
3302	35.791	27.486
3303	35.722	27.472
3304	35.604	27.472
3305	35.501	27.551
3306	35.335	27.542
3307	35.138	27.56
3308	34.905	27.543
3309	34.665	27.56
3310	34.428	27.643
3311	34.176	27.702
3312	33.864	27.685
3313	33.564	27.709
3314	33.232	27.7
3315	32.907	27.684
3316	32.58	27.683
3317	32.246	27.714
3318	31.863	27.661
3319	31.539	27.663
3320	31.199	27.659
3321	30.868	27.683
3322	30.542	27.7
3323	30.159	27.636
3324	29.85	27.678
3325	29.525	27.703
3326	29.212	27.76
3327	28.92	27.776
3328	28.629	27.822
3329	28.337	27.816
3330	28.027	27.758
3331	27.758	27.781
3332	27.497	27.768
3333	27.244	27.752
3334	27.005	27.745
3335	26.763	27.708
3336	26.519	27.657
3337	26.324	27.649
3338	26.129	27.663
3339	25.961	27.681
3340	25.795	27.69
3341	25.622	27.691
3342	25.482	27.665
3343	25.363	27.707
3344	25.254	27.697
3345	25.147	27.684
3346	25.041	27.675
3347	24.968	27.698
3348	24.916	27.73
3349	24.879	27.747
3350	24.831	27.699
3351	24.802	27.62
3352	24.804	27.612
3353	24.822	27.622
3354	24.852	27.617
3355	24.891	27.569
3356	24.954	27.558
3357	25.03	27.562
3358	25.131	27.555
3359	25.25	27.536
3360	25.391	27.507
3361	25.553	27.499
3362	25.723	27.525
3363	25.91	27.464
3364	26.134	27.51
3365	26.365	27.496
3366	26.638	27.485
3367	26.91	27.501
3368	27.195	27.457
3369	27.485	27.435
3370	27.781	27.428
3371	28.108	27.414
3372	28.433	27.333
3373	28.784	27.267
3374	29.136	27.254
3375	29.505	27.262
3376	29.91	27.321
3377	30.258	27.283
3378	30.624	27.239
3379	31.017	27.226
3380	31.416	27.25
3381	31.805	27.273
3382	32.193	27.265
3383	32.589	27.324
3384	32.963	27.314
3385	33.305	27.286
3386	33.653	27.266
3387	34.011	27.262
3388	34.347	27.298
3389	34.596	27.199
3390	34.876	27.248
3391	35.114	27.238
3392	35.33	27.24
3393	35.53	27.264
3394	35.709	27.284
3395	35.907	27.348
3396	36.041	27.378
3397	36.158	27.425
3398	36.218	27.457
3399	36.214	27.396
3400	36.206	27.391
3401	36.179	27.395
3402	36.087	27.365
3403	35.978	27.328
3404	35.858	27.358
3405	35.696	27.391
3406	35.507	27.355
3407	35.308	27.38
3408	35.064	27.367
3409	34.814	27.405
3410	34.555	27.445
3411	34.261	27.444
3412	33.935	27.446
3413	33.603	27.431
3414	33.308	27.479
3415	33.004	27.488
3416	32.659	27.521
3417	32.345	27.552
3418	31.988	27.544
3419	31.631	27.558
3420	31.254	27.563
3421	30.887	27.591
3422	30.51	27.559
3423	30.169	27.586
3424	29.829	27.605
3425	29.517	27.671
3426	29.136	27.604
3427	28.833	27.627
3428	28.543	27.701
3429	28.269	27.764
3430	27.988	27.767
3431	27.713	27.788
3432	27.448	27.764
3433	27.189	27.732
3434	26.943	27.757
3435	26.735	27.814
3436	26.52	27.926
3437	26.332	27.962
3438	26.148	27.999
3439	25.949	27.96
3440	25.765	27.918
3441	25.606	27.878
3442	25.444	27.857
3443	25.34	27.904
3444	25.22	27.884
3445	25.116	27.841
3446	25.024	27.779
3447	24.948	27.777
3448	24.912	27.818
3449	24.883	27.84
3450	24.838	27.743
3451	24.853	27.754
3452	24.865	27.749
3453	24.878	27.715
3454	24.894	27.692
3455	24.943	27.644
3456	25.024	27.645
3457	25.113	27.65
3458	25.215	27.647
3459	25.34	27.592
3460	25.447	27.512
3461	25.619	27.438
3462	25.797	27.421
3463	25.99	27.418
3464	26.25	27.484
3465	26.448	27.455
3466	26.713	27.487
3467	26.962	27.452
3468	27.21	27.375
3469	27.501	27.379
3470	27.807	27.372
3471	28.122	27.335
3472	28.49	27.419
3473	28.796	27.322
3474	29.134	27.298
3475	29.509	27.335
3476	29.894	27.388
3477	30.263	27.422
3478	30.654	27.433
3479	31.029	27.394
3480	31.423	27.424
3481	31.789	27.378
3482	32.187	27.372
3483	32.571	27.374
3484	32.936	27.399
3485	33.316	27.43
3486	33.652	27.423
3487	33.973	27.377
3488	34.316	27.409
3489	34.591	27.401
3490	34.857	27.383
3491	35.081	27.377
3492	35.306	27.365
3493	35.51	27.346
3494	35.705	27.356
3495	35.843	27.333
3496	36.021	27.431
3497	36.106	27.385
3498	36.145	27.418
3499	36.202	27.48
3500	36.179	27.46
3501	36.154	27.492
3502	36.098	27.483
3503	36	27.499
3504	35.847	27.49
3505	35.675	27.492
3506	35.505	27.535
3507	35.283	27.557
3508	35.037	27.521
3509	34.777	27.514
3510	34.473	27.482
3511	34.191	27.516
3512	33.866	27.514
3513	33.525	27.494
3514	33.166	27.484
3515	32.896	27.599
3516	32.59	27.664
3517	32.276	27.782
3518	31.9	27.806
3519	31.53	27.848
3520	31.182	27.878
3521	30.774	27.81
3522	30.42	27.843
3523	30.098	27.854
3524	29.731	27.801
3525	29.411	27.855
3526	29.069	27.787
3527	28.746	27.788
3528	28.465	27.807
3529	28.191	27.83
3530	27.918	27.844
3531	27.643	27.852
3532	27.377	27.821
3533	27.137	27.855
3534	26.895	27.845
3535	26.667	27.832
3536	26.457	27.824
3537	26.258	27.82
3538	26.07	27.784
3539	25.89	27.768
3540	25.698	27.677
3541	25.528	27.62
3542	25.385	27.618
3543	25.263	27.61
3544	25.143	27.522
3545	25.046	27.497
3546	24.985	27.537
3547	24.897	27.463
3548	24.843	27.447
3549	24.8	27.458
3550	24.796	27.461
3551	24.766	27.406
3552	24.785	27.413
3553	24.806	27.444
3554	24.846	27.412
3555	24.903	27.39
3556	24.973	27.338
3557	25.071	27.336
3558	25.189	27.34
3559	25.343	27.366
3560	25.524	27.386
3561	25.663	27.354
3562	25.854	27.383
3563	26.066	27.39
3564	26.265	27.364
3565	26.498	27.358
3566	26.737	27.341
3567	26.995	27.279
3568	27.295	27.299
3569	27.614	27.384
3570	27.933	27.411
3571	28.261	27.371
3572	28.618	27.394
3573	28.956	27.367
3574	29.316	27.349
3575	29.695	27.291
3576	30.088	27.341
3577	30.444	27.293
3578	30.808	27.216
3579	31.182	27.191
3580	31.551	27.148
3581	31.925	27.172
3582	32.312	27.203
3583	32.649	27.163
3584	32.98	27.133
3585	33.302	27.144
3586	33.663	27.165
3587	33.991	27.181
3588	34.263	27.166
3589	34.547	27.149
3590	34.849	27.181
3591	35.123	27.246
3592	35.334	27.228
3593	35.512	27.206
3594	35.668	27.166
3595	35.803	27.137
3596	35.899	27.154
3597	35.973	27.169
3598	36.045	27.215
3599	36.113	27.24
3600	36.049	27.273
3601	35.993	27.267
3602	35.933	27.314
3603	35.834	27.34
3604	35.722	27.389
3605	35.587	27.428
3606	35.413	27.439
3607	35.177	27.416
3608	34.993	27.523
3609	34.773	27.589
3610	34.518	27.606
3611	34.244	27.606
3612	33.949	27.612
3613	33.647	27.641
3614	33.352	27.674
3615	33.001	27.675
3616	32.635	27.631
3617	32.291	27.649
3618	31.958	27.714
3619	31.604	27.724
3620	31.244	27.763
3621	30.898	27.761
3622	30.551	27.805
3623	30.182	27.801
3624	29.821	27.812
3625	29.508	27.829
3626	29.187	27.818
3627	28.88	27.822
3628	28.572	27.827
3629	28.294	27.871
3630	27.995	27.846
3631	27.726	27.882
3632	27.474	27.896
3633	27.215	27.849
3634	26.954	27.786
3635	26.738	27.831
3636	26.502	27.824
3637	26.296	27.834
3638	26.08	27.806
3639	25.891	27.795
3640	25.72	27.788
3641	25.574	27.768
3642	25.433	27.737
3643	25.307	27.708
3644	25.192	27.689
3645	25.099	27.681
3646	25.01	27.667
3647	24.927	27.615
3648	24.882	27.584
3649	24.843	27.563
3650	24.821	27.572
3651	24.799	27.534
3652	24.806	27.526
3653	24.829	27.516
3654	24.84	27.44
3655	24.906	27.461
3656	24.967	27.418
3657	25.038	27.4
3658	25.136	27.371
3659	25.266	27.392
3660	25.39	27.316
3661	25.546	27.289
3662	25.721	27.249
3663	25.961	27.302
3664	26.199	27.344
3665	26.43	27.332
3666	26.67	28.115
3667	26.946	28.124
3668	27.222	28.115
3669	27.542	28.135
3670	27.85	28.116
3671	28.154	28.088
3672	28.509	28.107
3673	28.845	28.125
3674	29.19	28.106
3675	29.538	28.046
3676	29.926	28.08
3677	30.306	28.08
3678	30.67	28.073
3679	31.062	28.047
3680	31.418	28.045
3681	31.805	28.064
3682	32.18	28.058
3683	32.552	28.037
3684	32.903	28.015
3685	33.256	28.068
3686	33.643	28.138
3687	33.97	28.188
3688	34.258	28.165
3689	34.542	28.15
3690	34.818	28.157
3691	35.081	27.375
3692	35.306	27.39
3693	35.497	27.381
3694	35.644	27.352
3695	35.804	27.37
3696	35.967	27.424
3697	36.055	27.419
3698	36.145	27.423
3699	36.218	27.476
3700	36.229	27.527
3701	36.206	27.557
3702	36.142	27.546
3703	36.05	27.539
3704	35.913	27.575
3705	35.762	27.544
3706	35.598	27.554
3707	35.402	27.532
3708	35.181	27.561
3709	34.931	27.578
3710	34.653	27.548
3711	34.34	27.526
3712	34.006	27.455
3713	33.684	27.494
3714	33.327	27.465
3715	32.96	27.417
3716	32.587	27.393
3717	32.23	27.403
3718	31.883	27.435
3719	31.519	27.465
3720	31.148	27.448
3721	30.79	27.451
3722	30.434	27.45
3723	30.104	27.472
3724	29.746	27.48
3725	29.44	27.51
3726	29.112	27.536
3727	28.78	27.531
3728	28.509	27.576
3729	28.218	27.579
3730	27.948	27.636
3731	27.665	27.627
3732	27.387	27.637
3733	27.119	27.623
3734	26.884	27.615
3735	26.653	27.599
3736	26.437	27.595
3737	26.249	27.646
3738	26.055	27.631
3739	25.872	27.651
3740	25.732	27.714
3741	25.615	27.771
3742	25.477	27.735
3743	25.348	27.68
3744	25.245	27.663
3745	25.163	27.657
3746	25.059	27.61
3747	24.988	27.595
3748	24.899	27.566
3749	24.859	27.506
3750	24.811	27.47
3751	24.803	27.412
3752	24.817	27.451
3753	24.812	27.402
3754	24.855	27.405
3755	24.89	27.344
3756	24.954	27.305
3757	25.055	27.361
3758	25.184	27.388
3759	25.307	27.365
3760	25.46	27.367
3761	25.624	27.379
3762	25.81	27.356
3763	26.006	27.298
3764	26.22	27.256
3765	26.433	27.199
3766	26.661	27.144
3767	26.926	27.161
3768	27.213	27.171
3769	27.493	27.162
3770	27.769	27.152
3771	28.104	27.182
3772	28.452	27.204
3773	28.803	27.203
3774	29.144	27.197
3775	29.506	27.18
3776	29.867	27.154
3777	30.214	27.081
3778	30.594	27.108
3779	30.966	27.076
3780	31.379	27.111
3781	31.773	27.12
3782	33.019	27.11
3783	33.385	27.088
3784	33.746	27.092
3785	34.101	27.081
3786	34.451	27.063
3787	34.768	27.07
3788	35.046	27.053
3789	35.332	27.06
3790	35.613	27.128
3791	35.848	27.142
3792	36.057	27.126
3793	36.226	27.121
3794	36.421	27.182
3795	36.557	27.182
3796	36.645	27.196
3797	36.684	27.199
3798	36.711	27.21
3799	36.675	27.196
3800	36.618	27.211
3801	36.533	27.255
3802	36.436	27.301
3803	36.281	27.293
3804	36.092	27.34
3805	35.877	27.358
3806	35.613	27.357
3807	34.398	27.35
3808	34.118	27.365
3809	33.873	27.469
3810	33.545	27.45
3811	33.237	27.458
3812	32.924	27.456
3813	32.621	27.463
3814	32.316	27.511
3815	31.981	27.485
3816	31.655	27.512
3817	31.328	27.533
3818	31.004	27.557
3819	30.644	27.513
3820	30.319	27.51
3821	30.01	27.514
3822	29.729	27.527
3823	29.416	27.514
3824	29.146	27.561
3825	28.866	27.562
3826	28.607	27.532
3827	28.354	27.529
3828	28.112	27.52
3829	27.878	27.451
3830	27.638	27.477
3831	27.437	27.528
3832	27.231	27.541
3833	27.036	27.553
3834	26.844	27.49
3835	26.708	27.553
3836	26.536	27.539
3837	26.372	27.534
3838	26.23	27.554
3839	26.082	27.544
3840	25.954	27.562
3841	25.819	27.521
3842	25.696	27.517
3843	25.59	27.536
3844	25.484	27.521
3845	25.408	27.536
3846	25.329	27.512
3847	25.236	27.482
3848	25.179	27.494
3849	25.11	27.462
3850	25.069	27.428
3851	25.045	27.453
3852	25.031	27.439
3853	25.031	27.422
3854	25.055	27.467
3855	25.084	27.386
3856	25.139	27.346
3857	25.212	27.329
3858	25.303	27.306
3859	25.393	27.179
3860	25.48	27.126
3861	25.603	27.073
3862	25.761	27.069
3863	25.917	27.03
3864	26.113	27.065
3865	26.317	27.034
3866	26.553	27.065
3867	26.815	27.113
3868	27.077	27.093
3869	27.372	27.089
3870	27.662	27.091
3871	27.97	27.083
3872	28.304	27.092
3873	28.658	27.063
3874	29.024	27.048
3875	29.397	27.06
3876	29.768	27.043
3877	30.169	27.062
3878	30.559	27.068
3879	30.926	27
3880	31.344	26.785
3881	31.733	26.765
3882	32.105	26.713
3883	32.504	26.717
3884	32.866	26.786
3885	33.251	26.802
3886	33.629	26.841
3887	34.016	26.847
3888	34.359	26.868
3889	34.645	26.856
3890	34.946	26.866
3891	35.21	26.829
3892	35.424	26.761
3893	35.64	26.767
3894	35.816	26.792
3895	35.97	26.768
3896	36.085	26.739
3897	36.177	26.736
3898	36.244	26.768
3899	36.291	26.8
3900	36.284	26.805
3901	36.247	26.812
3902	36.171	26.794
3903	36.069	26.775
3904	35.966	26.866
3905	35.807	27.12
3906	35.619	27.157
3907	35.424	27.202
3908	35.204	27.25
3909	34.957	27.259
3910	34.669	27.258
3911	34.379	27.33
3912	34.034	27.342
3913	33.717	27.398
3914	33.379	27.385
3915	33.025	27.409
3916	32.677	27.463
3917	32.316	27.485
3918	31.948	27.5
3919	31.622	27.55
3920	31.264	27.586
3921	30.899	27.665
3922	30.512	27.641
3923	30.155	27.644
3924	29.814	27.64
3925	29.483	27.658
3926	29.158	27.657
3927	28.829	27.68
3928	28.527	27.711
3929	28.23	27.715
3930	27.942	27.708
3931	27.646	27.627
3932	27.382	27.64
3933	27.102	27.564
3934	26.882	27.639
3935	26.686	27.69
3936	26.473	27.652
3937	26.271	27.652
3938	26.057	27.593
3939	25.897	27.597
3940	25.736	27.594
3941	25.572	27.537
3942	25.46	27.563
3943	25.345	27.562
3944	25.215	27.51
3945	25.122	27.531
3946	25.055	27.491
3947	25.009	27.534
3948	24.954	27.504
3949	24.911	27.481
3950	24.883	27.474
3951	24.863	27.486
3952	24.873	27.48
3953	24.887	27.442
3954	24.911	27.399
3955	24.965	27.412
3956	25.051	27.457
3957	25.135	27.464
3958	25.246	27.464
3959	25.355	27.406
3960	25.497	27.399
3961	25.669	27.417
3962	25.838	27.402
3963	26.05	27.418
3964	26.246	27.388
3965	26.464	27.365
3966	26.707	27.398
3967	26.924	27.327
3968	27.184	27.273
3969	27.471	27.244
3970	27.777	27.242
3971	28.094	27.248
3972	28.425	27.237
3973	28.76	27.208
3974	29.114	27.233
3975	29.476	27.224
3976	29.832	27.204
3977	30.209	27.201
3978	30.589	27.216
3979	30.995	27.246
3980	31.368	27.219
3981	31.759	27.227
3982	32.123	27.192
3983	32.474	27.181
3984	32.84	27.184
3985	33.165	27.148
3986	33.477	27.102
3987	33.811	27.098
3988	34.127	27.129
3989	34.435	27.125
3990	34.733	27.129
3991	35.014	27.157
3992	35.284	27.181
3993	35.52	27.234
3994	35.719	27.311
3995	35.87	27.306
3996	35.997	27.309
3997	36.085	27.316
3998	36.171	27.373
3999	36.204	27.383
4000	36.214	27.394
4001	36.211	27.399
4002	36.157	27.444
4003	36.092	27.48
4004	35.946	27.43
4005	35.804	27.47
4006	35.612	27.475
4007	35.431	27.492
4008	35.216	27.51
4009	34.968	27.529
4010	34.711	27.547
4011	34.419	27.564
4012	34.101	27.558
4013	33.813	27.596
4014	33.486	27.629
4015	33.137	27.623
4016	32.753	27.58
4017	32.399	27.623
4018	32.026	27.624
4019	31.661	27.578
4020	31.302	27.572
4021	30.937	27.587
4022	30.587	27.59
4023	30.227	27.587
4024	29.873	27.56
4025	29.518	27.547
4026	29.187	27.568
4027	28.857	27.553
4028	28.525	27.559
4029	28.232	27.589
4030	27.923	27.571
4031	27.638	27.551
4032	27.362	27.55
4033	27.104	27.556
4034	26.851	27.519
4035	26.611	27.53
4036	26.414	27.603
4037	26.221	27.637
4038	26.01	27.592
4039	25.83	27.588
4040	25.648	27.581
4041	25.524	27.62
4042	25.382	27.585
4043	25.266	27.598
4044	25.145	27.585
4045	25.053	27.597
4046	24.969	27.576
4047	24.903	27.566
4048	24.856	27.577
4049	24.817	27.564
4050	24.795	27.539
4051	24.809	27.555
4052	24.822	27.521
4053	24.855	27.51
4054	24.92	27.555
4055	24.991	27.548
4056	25.088	27.647
4057	25.19	27.623
4058	25.31	27.642
4059	25.478	27.677
4060	25.602	27.589
4061	25.743	27.497
4062	25.92	27.481
4063	26.129	27.482
4064	26.339	27.468
4065	26.604	27.535
4066	26.841	27.521
4067	27.127	27.579
4068	27.395	27.528
4069	27.688	27.556
4070	27.99	27.594
4071	28.285	27.543
4072	28.589	27.511
4073	28.925	27.496
4074	29.257	27.484
4075	29.62	27.507
4076	29.93	27.456
4077	30.282	27.479
4078	30.646	27.467
4079	30.993	27.421
4080	31.372	27.451
4081	31.727	27.207
4082	32.096	27.231
4083	32.454	27.203
4084	32.752	27.149
4085	33.127	27.182
4086	33.458	27.196
4087	33.771	27.169
4088	34.047	27.16
4089	34.217	27.163
4090	34.463	27.107
4091	34.728	27.121
4092	34.927	27.071
4093	35.132	27.081
4094	35.318	27.082
4095	35.448	27.035
4096	35.659	27.146
4097	35.792	27.168
4098	35.884	27.184
4099	35.961	27.205
4100	36.006	27.242
4101	36.025	27.267
4102	35.969	27.215
4103	35.902	27.235
4104	35.781	27.213
4105	35.649	27.213
4106	35.496	27.383
4107	35.294	27.37
4108	35.103	27.398
4109	34.871	27.446
4110	34.604	27.454
4111	34.363	27.486
4112	34.052	27.52
4113	33.756	27.521
4114	33.559	27.512
4115	33.236	27.539
4116	32.889	27.519
4117	32.511	27.489
4118	32.164	27.522
4119	31.811	27.499
4120	31.461	27.48
4121	31.052	27.413
4122	30.692	27.434
4123	30.095	27.449
4124	29.764	27.545
4125	29.401	27.539
4126	29.07	27.549
4127	28.755	27.573
4128	28.437	27.567
4129	28.141	27.629
4130	27.854	27.637
4131	27.571	27.666
4132	27.298	27.665
4133	27.006	27.645
4134	26.766	27.683
4135	26.56	27.765
4136	26.33	27.722
4137	26.146	27.726
4138	25.947	27.708
4139	25.767	27.733
4140	25.585	27.689
4141	25.445	27.758
4142	25.334	27.798
4143	25.195	27.746
4144	25.079	27.741
4145	25.001	27.77
4146	24.931	27.779
4147	24.863	27.788
4148	25.007	27.828
4149	24.964	27.746
4150	24.969	27.767
4151	24.947	27.74
4152	24.993	27.814
4153	25.008	27.753
4154	25.05	27.707
4155	25.108	27.742
4156	25.186	27.732
4157	25.282	27.734
4158	25.409	27.72
4159	25.527	27.633
4160	25.638	27.523
4161	25.795	27.553
4162	25.969	27.524
4163	26.166	27.539
4164	26.373	27.514
4165	26.602	27.517
4166	26.818	27.44
4167	27.068	27.43
4168	27.366	27.507
4169	27.673	27.557
4170	27.959	27.536
4171	28.265	27.528
4172	28.585	27.475
4173	28.908	27.457
4174	29.248	27.5
4175	29.558	27.433
4176	29.93	27.443
4177	30.25	27.351
4178	30.632	27.4
4179	31.007	27.415
4180	31.36	27.348
4181	31.722	27.312
4182	32.071	27.281
4183	32.401	27.254
4184	32.761	27.27
4185	33.119	27.301
4186	33.446	27.294
4187	33.765	27.308
4188	34.044	27.274
4189	34.333	27.281
4190	34.613	27.301
4191	34.866	27.299
4192	35.106	27.332
4193	35.298	27.295
4194	35.455	27.244
4195	35.609	27.255
4196	35.736	27.241
4197	35.831	27.242
4198	35.884	27.192
4199	35.926	27.124
4200	35.967	27.161
4201	35.991	27.188
4202	35.958	27.222
4203	35.895	27.227
4204	35.791	27.206
4205	35.672	27.254
4206	35.508	27.284
4207	35.349	27.34
4208	35.165	27.362
4209	34.932	27.387
4210	34.684	27.41
4211	34.421	27.188
4212	34.139	27.203
4213	33.864	27.262
4214	33.552	27.289
4215	33.211	27.296
4216	32.88	27.307
4217	32.528	27.297
4218	32.165	27.322
4219	31.813	27.331
4220	31.464	27.342
4221	31.114	27.386
4222	30.76	27.403
4223	30.407	27.399
4224	30.045	27.41
4225	29.689	27.409
4226	29.349	27.412
4227	29.025	27.445
4228	28.696	27.457
4229	28.38	27.241
4230	28.094	27.233
4231	27.802	27.22
4232	27.525	27.197
4233	27.273	27.247
4234	27.016	27.25
4235	26.775	27.288
4236	26.544	27.501
4237	26.326	27.515
4238	26.139	27.533
4239	25.965	27.567
4240	25.805	27.581
4241	25.646	27.588
4242	25.471	27.546
4243	25.367	27.582
4244	25.245	27.593
4245	25.134	27.564
4246	25.043	27.55
4247	24.955	27.543
4248	24.926	27.579
4249	24.879	27.588
4250	24.839	27.532
4251	24.79	27.459
4252	24.791	27.438
4253	24.814	27.426
4254	24.853	27.654
4255	24.894	27.625
4256	24.966	27.629
4257	25.056	27.637
4258	25.146	27.605
4259	25.27	27.602
4260	25.416	27.549
4261	25.573	27.543
4262	25.755	27.512
4263	25.927	27.448
4264	26.126	27.393
4265	26.345	27.398
4266	26.576	27.39
4267	26.843	27.384
4268	27.11	27.373
4269	27.385	27.355
4270	27.695	27.359
4271	28.021	27.341
4272	28.382	27.356
4273	28.704	27.312
4274	29.078	27.359
4275	29.459	27.404
4276	29.846	27.432
4277	30.218	27.408
4278	30.591	27.37
4279	30.976	27.378
4280	31.361	27.403
4281	31.759	27.401
4282	32.129	27.389
4283	32.498	27.34
4284	32.877	27.373
4285	33.233	27.38
4286	33.581	27.382
4287	33.886	27.358
4288	34.206	27.379
4289	34.481	27.341
4290	34.793	27.363
4291	35.076	27.389
4292	35.384	27.424
4293	35.581	27.387
4294	35.774	27.36
4295	35.927	27.363
4296	36.055	27.378
4297	36.142	27.384
4298	36.207	27.404
4299	36.236	27.361
4300	36.232	27.366
4301	36.193	27.368
4302	36.124	27.379
4303	36.047	27.433
4304	35.919	27.434
4305	36.504	27.411
4306	36.297	27.404
4307	36.091	27.455
4308	35.881	27.54
4309	35.596	27.516
4310	35.298	27.51
4311	34.951	27.511
4312	34.645	27.557
4313	34.29	27.544
4314	33.937	27.575
4315	33.566	27.583
4316	33.196	27.591
4317	32.782	27.601
4318	32.381	27.595
4319	31.976	27.592
4320	31.558	27.595
4321	31.162	27.604
4322	30.752	27.565
4323	30.367	27.565
4324	29.965	27.571
4325	29.612	27.608
4326	29.268	27.638
4327	28.928	27.657
4328	28.582	27.654
4329	28.249	27.646
4330	27.426	27.634
4331	27.136	27.666
4332	26.844	27.598
4333	26.579	27.592
4334	26.34	27.601
4335	26.114	27.613
4336	25.913	27.58
4337	25.718	27.565
4338	25.545	27.597
4339	25.393	27.612
4340	25.238	27.584
4341	25.097	27.573
4342	24.974	27.578
4343	24.876	27.576
4344	24.809	27.611
4345	24.66	27.652
4346	24.608	27.647
4347	24.589	27.677
4348	24.592	27.666
4349	24.603	27.677
4350	24.612	27.673
4351	24.643	27.679
4352	24.691	27.698
4353	24.734	27.654
4354	24.821	27.644
4355	24.921	27.718
4356	25.031	27.693
4357	25.17	27.744
4358	25.302	27.724
4359	25.445	27.688
4360	25.606	27.686
4361	25.795	27.713
4362	25.976	27.7
4363	26.178	27.68
4364	26.386	27.695
4365	26.606	27.65
4366	26.865	27.673
4367	27.125	27.65
4368	27.404	27.633
4369	27.692	27.614
4370	28.106	27.562
4371	28.413	27.523
4372	28.733	27.54
4373	29.036	27.538
4374	29.377	27.515
4375	29.715	27.473
4376	30.063	27.494
4377	30.382	27.431
4378	30.756	27.443
4379	31.12	27.48
4380	31.464	27.436
4381	31.842	27.485
4382	32.179	27.45
4383	32.553	27.494
4384	32.898	27.523
4385	33.23	27.492
4386	33.552	27.513
4387	33.848	27.492
4388	34.151	27.493
4389	34.437	27.468
4390	34.692	27.492
4391	34.9	27.418
4392	35.113	27.444
4393	35.292	27.434
4394	35.449	27.435
4395	35.606	27.46
4396	35.735	27.542
4397	35.82	27.541
4398	35.902	27.566
4399	35.934	27.577
4400	35.947	27.605
4401	35.922	27.589
4402	35.905	27.609
4403	35.818	27.646
4404	35.668	27.613
4405	35.561	27.655
4406	35.382	27.624
4407	35.196	27.641
4408	34.958	27.602
4409	34.727	27.596
4410	34.481	27.619
4411	34.204	27.614
4412	33.931	27.645
4413	33.606	27.62
4414	33.296	27.622
4415	32.975	27.634
4416	32.652	27.677
4417	32.313	27.662
4418	31.968	27.703
4419	31.6	27.713
4420	31.238	27.69
4421	30.889	27.65
4422	30.552	27.664
4423	30.19	27.673
4424	29.86	27.68
4425	29.527	27.681
4426	29.217	27.702
4427	28.893	27.732
4428	28.568	27.689
4429	28.292	27.731
4430	27.983	27.688
4431	27.697	27.696
4432	27.436	27.713
4433	27.176	27.715
4434	26.93	27.696
4435	26.701	27.723
4436	26.478	27.751
4437	26.278	27.962
4438	26.122	28.067
4439	25.944	28.084
4440	25.769	28.063
4441	25.614	28.064
4442	25.476	28.082
4443	25.358	28.062
4444	25.268	28.078
4445	25.165	28.069
4446	25.084	28.106
4447	25.017	28.094
4448	24.957	28.082
4449	24.912	28.116
4450	24.878	28.085
4451	24.85	28.031
4452	24.881	28.084
4453	24.921	28.104
4454	24.948	28.057
4455	24.984	28.008
4456	25.069	28.061
4457	25.149	28.032
4458	25.26	28.024
4459	25.37	27.982
4460	25.499	27.951
4461	25.659	27.912
4462	25.827	27.689
4463	25.988	27.6
4464	26.193	27.575
4465	26.419	27.587
4466	26.641	27.524
4467	26.891	27.491
4468	27.153	27.443
4469	27.416	27.41
4470	27.721	27.433
4471	28.04	27.396
4472	28.359	27.366
4473	28.703	27.335
4474	29.049	27.295
4475	29.414	27.314
4476	29.781	27.333
4477	30.143	27.287
4478	30.516	27.276
4479	30.916	27.354
4480	31.308	27.355
4481	31.672	27.321
4482	32.053	27.319
4483	32.413	27.316
4484	32.787	27.308
4485	33.142	27.304
4486	33.475	27.278
4487	33.838	27.365
4488	34.195	27.413
4489	34.505	27.418
4490	34.787	27.423
4491	35.08	27.471
4492	35.32	27.491
4493	35.549	27.536
4494	35.775	27.554
4495	35.945	27.559
4496	36.044	27.538
4497	36.107	27.54
4498	36.087	27.563
4499	36.184	27.574
4500	36.185	27.593
4501	36.162	27.602
4502	36.082	27.595
4503	35.997	27.615
4504	35.855	27.585
4505	35.727	27.657
4506	35.527	27.596
4507	35.33	27.633
4508	35.102	27.626
4509	34.872	27.692
4510	34.62	27.726
4511	34.344	27.775
4512	33.989	27.67
4513	33.639	27.642
4514	33.296	27.65
4515	32.972	27.652
4516	32.611	27.64
4517	32.266	27.662
4518	31.906	27.656
4519	31.55	27.675
4520	31.184	27.673
4521	30.823	27.708
4522	30.483	27.734
4523	30.203	27.745
4524	29.814	27.739
4525	29.48	27.75
4526	29.132	27.703
4527	28.834	27.75
4528	28.503	27.718
4529	28.209	27.729
4530	27.911	27.715
4531	27.649	27.756
4532	27.368	27.708
4533	27.146	27.814
4534	26.906	27.772
4535	26.665	27.99
4536	26.46	27.999
4537	26.164	28.046
4538	25.985	28.055
4539	25.768	28.057
4540	25.605	28.065
4541	25.459	28.069
4542	25.26	28.06
4543	25.146	28.076
4544	25.037	28.084
4545	24.972	28.135
4546	24.893	28.091
4547	24.82	28.045
4548	24.763	28.005
4549	24.711	27.969
4550	24.69	27.933
4551	24.711	27.984
4552	24.705	27.912
4553	24.747	27.921
4554	24.793	27.881
4555	24.861	27.844
4556	24.942	27.826
4557	25.03	27.819
4558	25.112	27.734
4559	25.242	27.774
4560	25.404	27.539
4561	25.564	27.51
4562	25.871	27.51
4563	26.061	27.467