1	37.644	27.15
2	37.431	27.176
3	37.196	27.215
4	36.914	27.249
5	36.598	27.248
6	36.28	27.283
7	35.912	27.313
8	35.533	27.327
9	35.106	27.334
10	34.671	27.369
11	34.222	27.362
12	33.793	27.397
13	33.346	27.435
14	32.874	27.447
15	32.422	27.51
16	31.95	27.539
17	31.472	27.575
18	30.98	27.599
19	30.507	27.62
20	30.04	27.661
21	29.565	27.671
22	29.101	27.7
23	28.662	27.724
24	28.213	27.715
25	27.801	27.741
26	27.388	27.72
27	26.999	27.735
28	26.627	27.753
29	26.273	27.779
30	25.922	27.793
31	25.586	27.773
32	25.287	27.807
33	24.985	27.815
34	24.714	27.839
35	24.456	27.841
36	24.217	27.856
37	23.983	27.807
38	23.775	27.786
39	23.579	27.761
40	23.385	27.732
41	23.261	27.805
42	23.139	27.769
43	23.033	27.733
44	22.943	27.742
45	22.853	27.647
46	22.825	27.675
47	22.81	27.641
48	22.825	27.66
49	22.867	27.645
50	22.908	27.618
51	22.987	27.626
52	23.085	27.666
53	23.206	27.633
54	23.337	27.575
55	23.509	27.561
56	23.699	27.538
57	23.901	27.486
58	24.145	27.455
59	24.404	27.441
60	24.714	27.456
61	25.017	27.409
62	25.358	27.419
63	25.715	27.411
64	26.1	27.412
65	26.519	27.401
66	26.904	27.286
67	27.345	27.256
68	27.791	27.234
69	28.292	27.264
70	28.795	27.274
71	29.258	27.217
72	29.755	27.205
73	30.244	27.141
74	30.764	27.147
75	31.301	27.156
76	31.821	27.166
77	32.328	27.084
78	32.832	27.065
79	33.374	27.108
80	33.87	27.113
81	34.366	27.161
82	34.852	27.159
83	35.303	27.157
84	35.719	27.109
85	36.126	27.125
86	36.515	27.152
87	36.868	27.135
88	37.236	27.198
89	37.535	27.227
90	37.772	27.178
91	37.996	27.179
92	38.161	27.225
93	38.317	27.249
94	38.357	27.217
95	38.462	27.278
96	38.506	27.304
97	38.511	27.353
98	38.434	27.342
99	38.321	27.352
100	38.144	27.322
101	37.975	27.35
102	37.783	27.408
103	37.512	27.43
104	37.175	27.402
105	36.847	27.42
106	36.486	27.434
107	36.085	27.472
108	35.692	27.508
109	35.293	27.567
110	34.818	27.552
111	34.36	27.564
112	33.887	27.607
113	33.383	27.594
114	32.901	27.614
115	32.421	27.694
116	31.91	27.703
117	31.399	27.682
118	30.914	27.732
119	30.449	27.786
120	29.939	27.752
121	29.472	27.789
122	28.992	27.789
123	28.548	27.819
124	28.116	27.868
125	27.704	27.911
126	27.274	27.901
127	26.871	27.92
128	26.512	27.953
129	26.14	27.948
130	25.801	27.95
131	25.472	27.955
132	25.172	27.962
133	24.893	27.983
134	24.608	27.949
135	24.353	27.945
136	24.114	27.931
137	23.862	27.917
138	23.652	27.898
139	23.467	27.867
140	23.3	27.836
141	23.174	27.847
142	23.068	27.861
143	22.989	27.901
144	22.917	27.859
145	22.862	27.882
146	22.821	27.815
147	22.814	27.778
148	22.823	27.779
149	22.839	27.73
150	22.893	27.71
151	22.965	27.667
152	23.057	27.602
153	23.179	27.599
154	23.341	27.612
155	23.503	27.564
156	23.706	27.532
157	23.926	27.499
158	24.152	27.452
159	24.442	27.485
160	24.722	27.423
161	25.039	27.415
162	25.393	27.398
163	25.78	27.433
164	26.153	27.416
165	26.557	27.422
166	26.971	27.425
167	27.398	27.392
168	27.814	27.296
169	28.26	27.235
170	28.736	27.193
171	29.234	27.198
172	29.738	27.214
173	30.257	27.206
174	30.783	27.244
175	31.324	27.285
176	31.861	27.288
177	32.373	27.287
178	32.871	27.241
179	33.342	27.159
180	33.844	27.163
181	34.312	27.167
182	34.809	27.223
183	35.258	27.209
184	35.685	27.193
185	36.09	27.189
186	36.468	27.2
187	36.841	27.202
188	37.16	27.201
189	37.469	27.235
190	37.723	27.192
191	37.958	27.198
192	38.153	27.236
193	38.304	27.244
194	38.406	27.252
195	38.465	27.276
196	38.456	27.266
197	38.424	27.269
198	38.384	27.338
199	38.298	27.349
200	38.106	27.3
201	37.93	27.33
202	37.754	27.408
203	37.462	27.404
204	37.188	27.424
205	36.849	27.421
206	36.503	27.441
207	36.077	27.376
208	35.657	27.39
209	35.229	27.407
210	34.784	27.427
211	34.322	27.442
212	33.847	27.458
213	33.31	27.379
214	32.803	27.348
215	32.311	27.388
216	31.824	27.4
217	31.298	27.38
218	30.822	27.406
219	30.349	27.458
220	29.885	27.458
221	29.434	27.498
222	28.976	27.494
223	28.51	27.459
224	28.076	27.462
225	27.67	27.494
226	27.259	27.493
227	26.847	27.434
228	26.477	27.437
229	26.125	27.49
230	25.788	27.495
231	25.45	27.475
232	25.153	27.499
233	24.859	27.48
234	24.569	27.454
235	24.333	27.513
236	24.099	27.501
237	23.899	27.529
238	23.709	27.53
239	23.522	27.502
240	23.343	27.454
241	23.217	27.476
242	23.119	27.49
243	23.003	27.495
244	22.919	27.472
245	22.866	27.486
246	22.832	27.478
247	22.806	27.439
248	22.808	27.401
249	22.837	27.353
250	22.874	27.324
251	22.941	27.303
252	23.035	27.274
253	23.17	27.284
254	23.32	27.25
255	23.478	27.206
256	23.676	27.177
257	23.888	27.152
258	24.139	27.162
259	24.429	27.205
260	24.715	27.166
261	25.027	27.182
262	25.35	27.175
263	25.702	27.181
264	26.098	27.221
265	26.529	27.245
266	26.924	27.207
267	27.356	27.196
268	27.826	27.194
269	28.306	27.212
270	28.783	27.17
271	29.272	27.144
272	29.783	27.17
273	30.291	27.147
274	30.803	27.173
275	31.31	27.143
276	31.854	27.167
277	32.407	27.235
278	32.912	27.203
279	33.409	27.211
280	33.914	27.239
281	34.397	27.207
282	34.907	27.243
283	35.374	27.248
284	35.763	27.191
285	36.147	27.154
286	36.532	27.136
287	36.854	27.06
288	37.237	27.107
289	37.54	27.108
290	37.772	27.098
291	37.982	27.067
292	38.176	27.086
293	38.308	27.06
294	38.398	27.051
295	38.445	27.073
296	38.466	27.1
297	38.413	27.076
298	38.347	27.079
299	38.229	27.052
300	38.15	27.134
301	37.96	27.178
302	37.656	27.099
303	37.379	27.119
304	37.076	27.119
305	36.791	27.209
306	36.43	27.247
307	36.019	27.248
308	35.606	27.263
309	35.18	27.272
310	34.724	27.287
311	34.298	27.341
312	33.855	27.402
313	33.355	27.401
314	32.847	27.393
315	32.354	27.41
316	31.879	27.46
317	31.358	27.414
318	30.869	27.439
319	30.393	27.475
320	29.899	27.45
321	29.431	27.458
322	29.012	27.524
323	28.555	27.551
324	28.149	27.628
325	27.698	27.562
326	27.287	27.534
327	26.928	27.595
328	26.571	27.635
329	26.209	27.657
330	25.837	27.587
331	25.517	27.611
332	25.205	27.606
333	24.914	27.615
334	24.644	27.612
335	24.403	27.659
336	24.169	27.687
337	23.969	27.731
338	23.76	27.709
339	23.588	27.704
340	23.428	27.695
341	23.3	27.743
342	23.186	27.762
343	23.108	27.817
344	23.014	27.765
345	22.975	27.796
346	22.953	27.816
347	22.933	27.802
348	22.944	27.783
349	22.959	27.724
350	23.036	27.79
351	23.112	27.8
352	23.194	27.747
353	23.317	27.732
354	23.474	27.702
355	23.643	27.707
356	23.841	27.704
357	24.05	27.673
358	24.279	27.644
359	24.521	27.615
360	24.815	27.596
361	25.105	27.506
362	25.423	27.446
363	25.781	27.436
364	26.17	27.477
365	26.559	27.452
366	26.929	27.333
367	27.363	27.324
368	27.778	27.24
369	28.27	27.266
370	28.734	27.239
371	29.204	27.197
372	29.703	27.197
373	30.209	27.187
374	30.717	27.171
375	31.21	27.133
376	31.729	27.098
377	32.278	27.15
378	32.795	27.132
379	33.272	27.11
380	33.755	27.061
381	34.202	26.991
382	34.674	26.979
383	35.133	26.96
384	35.594	26.956
385	36.037	26.98
386	36.428	27.006
387	36.774	27.028
388	37.085	27.021
389	37.358	27.009
390	37.612	27.033
391	37.918	27.134
392	38.133	27.177
393	38.282	27.165
394	38.381	27.16
395	38.464	27.182
396	38.506	27.209
397	38.46	27.203
398	38.387	27.189
399	38.272	27.199
400	38.106	27.165
401	37.929	27.218
402	37.662	27.16
403	37.393	27.184
404	37.128	27.22
405	36.83	27.271
406	36.505	27.319
407	36.168	27.395
408	35.785	27.466
409	35.371	27.52
410	34.899	27.543
411	34.432	27.562
412	33.964	27.545
413	33.507	27.583
414	32.983	27.57
415	32.502	27.578
416	31.978	27.562
417	31.478	27.582
418	30.986	27.616
419	30.472	27.606
420	29.982	27.594
421	29.496	27.601
422	29.03	27.587
423	28.586	27.643
424	28.177	27.715
425	27.754	27.754
426	27.351	27.754
427	26.987	27.868
428	26.634	27.938
429	26.273	27.949
430	25.931	27.98
431	25.594	27.973
432	25.262	27.931
433	24.947	27.865
434	24.653	27.852
435	24.403	27.886
436	24.156	27.849
437	23.935	27.863
438	23.733	27.873
439	23.573	27.902
440	23.409	27.894
441	23.264	27.864
442	23.142	27.847
443	23.045	27.859
444	22.974	27.872
445	22.92	27.886
446	22.863	27.858
447	22.854	27.855
448	22.868	27.831
449	22.861	27.721
450	22.92	27.707
451	22.988	27.692
452	23.066	27.623
453	23.16	27.538
454	23.319	27.556
455	23.478	27.496
456	23.679	27.495
457	23.874	27.442
458	24.147	27.508
459	24.436	27.52
460	24.701	27.417
461	25.026	27.444
462	25.355	27.431
463	25.704	27.383
464	26.082	27.356
465	26.486	27.35
466	26.894	27.344
467	27.323	27.323
468	27.802	27.346
469	28.262	27.323
470	28.73	27.29
471	29.241	27.274
472	29.776	27.319
473	30.3	27.327
474	30.849	27.378
475	31.37	27.389
476	31.871	27.344
477	32.387	27.314
478	32.904	27.303
479	33.381	27.255
480	33.877	27.25
481	34.331	27.225
482	34.823	27.247
483	35.245	27.186
484	35.692	27.199
485	36.1	27.224
486	36.456	27.192
487	36.819	27.203
488	37.145	27.213
489	37.423	27.185
490	37.652	27.171
491	37.923	27.226
492	38.102	27.216
493	38.192	27.146
494	38.303	27.139
495	38.412	27.232
496	38.438	27.263
497	38.383	27.247
498	38.297	27.249
499	38.166	27.223
500	38.021	27.252
501	37.839	27.252
502	37.61	27.254
503	37.365	27.282
504	37.116	27.34
505	36.797	27.347
506	36.486	27.419
507	36.115	27.445
508	35.709	27.456
509	35.231	27.397
510	34.807	27.432
511	34.382	27.482
512	33.906	27.481
513	33.425	27.494
514	32.922	27.505
515	32.464	27.582
516	31.936	27.534
517	31.448	27.552
518	30.952	27.562
519	30.468	27.572
520	29.962	27.501
521	29.524	27.562
522	29.083	27.622
523	28.619	27.652
524	28.176	27.664
525	27.748	27.622
526	27.338	27.625
527	26.948	27.647
528	26.566	27.666
529	26.206	27.69
530	25.866	27.74
531	25.525	27.694
532	25.211	27.683
533	24.914	27.681
534	24.643	27.696
535	24.396	27.711
536	24.155	27.731
537	23.928	27.726
538	23.724	27.722
539	23.559	27.744
540	23.385	27.707
541	23.242	27.713
542	23.126	27.715
543	23.023	27.737
544	22.946	27.785
545	22.888	27.814
546	22.828	27.746
547	22.788	27.651
548	22.81	27.642
549	22.854	27.666
550	22.926	27.733
551	23.02	27.791
552	23.118	27.776
553	23.245	27.742
554	23.361	27.691
555	23.537	27.68
556	23.718	27.66
557	23.933	27.656
558	24.181	27.69
559	24.448	27.681
560	24.74	27.653
561	25.043	27.579
562	25.376	27.542
563	25.744	27.549
564	26.12	27.527
565	26.531	27.53
566	26.945	27.492
567	27.363	27.477
568	27.804	27.462
569	28.263	27.421
570	28.743	27.385
571	29.223	27.342
572	29.739	27.368
573	30.249	27.33
574	30.766	27.326
575	31.257	27.239
576	31.752	27.184
577	32.263	27.148
578	32.771	27.162
579	33.288	27.116
580	33.772	27.077
581	34.29	27.09
582	34.766	27.105
583	35.218	27.099
584	35.626	27.104
585	35.995	27.066
586	36.37	27.067
587	36.719	27.076
588	37.067	27.095
589	37.364	27.123
590	37.63	27.163
591	37.882	27.217
592	38.069	27.2
593	38.266	27.241
594	38.368	27.217
595	38.438	27.219
596	38.479	27.268
597	38.445	27.266
598	38.379	27.297
599	38.269	27.254
600	38.111	27.262
601	37.913	27.259
602	37.702	27.312
603	37.478	27.388
604	37.175	27.408
605	36.847	27.421
606	36.469	27.429
607	36.065	27.411
608	35.658	27.401
609	35.265	27.409
610	34.847	27.45
611	34.39	27.456
612	33.926	27.463
613	33.387	27.397
614	32.911	27.406
615	32.401	27.361
616	31.879	27.314
617	31.405	27.403
618	30.898	27.379
619	30.41	27.425
620	29.928	27.45
621	29.48	27.512
622	29.015	27.494
623	28.573	27.539
624	28.14	27.609
625	27.724	27.633
626	27.326	27.646
627	26.943	27.653
628	26.546	27.592
629	26.196	27.641
630	25.858	27.663
631	25.553	27.708
632	25.254	27.75
633	24.971	27.811
634	24.683	27.815
635	24.413	27.778
636	24.185	27.827
637	23.993	27.912
638	23.812	27.985
639	23.615	27.947
640	23.452	27.94
641	23.319	27.967
642	23.199	27.933
643	23.1	27.929
644	23.018	27.914
645	22.948	27.896
646	22.892	27.862
647	22.875	27.865
648	22.873	27.804
649	22.903	27.791
650	22.943	27.75
651	23.011	27.724
652	23.096	27.699
653	23.211	27.666
654	23.353	27.676
655	23.525	27.671
656	23.713	27.642
657	23.926	27.607
658	24.15	27.527
659	24.428	27.525
660	24.717	27.535
661	25.011	27.484
662	25.318	27.392
663	25.664	27.344
664	26.057	27.388
665	26.433	27.337
666	26.847	27.306
667	27.26	27.232
668	27.706	27.226
669	28.195	27.235
670	28.702	27.244
671	29.187	27.217
672	29.709	27.261
673	30.217	27.239
674	30.718	27.186
675	31.249	27.216
676	31.778	27.236
677	32.301	27.216
678	32.825	27.213
679	33.344	27.182
680	33.838	27.166
681	34.326	27.166
682	34.812	27.163
683	35.274	27.141
684	35.74	27.176
685	36.184	27.175
686	36.548	27.155
687	36.942	27.192
688	37.282	27.202
689	37.565	27.167
690	37.866	27.209
691	38.074	27.187
692	38.268	27.226
693	38.424	27.231
694	38.492	27.211
695	38.489	27.174
696	38.535	27.193
697	38.455	27.134
698	38.407	27.201
699	38.324	27.281
700	38.168	27.264
701	37.968	27.276
702	37.75	27.283
703	37.468	27.278
704	37.174	27.308
705	36.816	27.316
706	36.43	27.298
707	36.037	27.295
708	35.619	27.33
709	35.173	27.356
710	34.708	27.383
711	34.278	27.435
712	33.789	27.439
713	33.29	27.456
714	32.772	27.464
715	32.276	27.486
716	31.776	27.503
717	31.256	27.465
718	30.77	27.469
719	30.29	27.489
720	29.859	27.558
721	29.401	27.59
722	28.975	27.669
723	28.513	27.63
724	28.06	27.563
725	27.656	27.611
726	27.264	27.623
727	26.897	27.699
728	26.522	27.751
729	26.138	27.694
730	25.829	27.756
731	25.514	27.784
732	25.191	27.775
733	24.92	27.812
734	24.645	27.767
735	24.404	27.764
736	24.157	27.771
737	23.953	27.799
738	23.774	27.804
739	23.609	27.786
740	23.458	27.83
741	23.326	27.839
742	23.221	27.865
743	23.115	27.854
744	23.021	27.829
745	22.951	27.79
746	22.904	27.752
747	22.874	27.685
748	22.883	27.701
749	22.91	27.703
750	22.948	27.661
751	23.008	27.623
752	23.083	27.585
753	23.213	27.589
754	23.376	27.63
755	23.524	27.557
756	23.725	27.567
757	23.945	27.551
758	24.178	27.491
759	24.436	27.475
760	24.719	27.466
761	25.036	27.442
762	25.342	27.369
763	25.672	27.345
764	26.048	27.347
765	26.438	27.339
766	26.855	27.333
767	27.285	27.313
768	27.739	27.323
769	28.206	27.303
770	28.707	27.357
771	29.203	27.358
772	29.711	27.365
773	30.199	27.331
774	30.692	27.286
775	31.204	27.26
776	31.737	27.283
777	32.262	27.274
778	32.797	27.258
779	33.301	27.26
780	33.785	27.263
781	34.26	27.235
782	34.756	27.258
783	35.189	27.255
784	35.633	27.27
785	36.013	27.228
786	36.414	27.222
787	36.799	27.268
788	37.125	27.284
789	37.427	27.296
790	37.649	27.215
791	37.883	27.231
792	38.082	27.245
793	38.212	27.217
794	38.344	27.249
795	38.383	27.182
796	38.411	27.196
797	38.412	27.209
798	38.391	27.261
799	38.326	27.314
800	38.207	27.352
801	38.054	27.426
802	37.85	27.447
803	37.535	27.42
804	37.233	27.391
805	36.956	27.441
806	36.58	27.408
807	36.186	27.425
808	35.804	27.505
809	35.36	27.5
810	34.928	27.54
811	34.454	27.549
812	33.977	27.599
813	33.547	27.651
814	33.078	27.703
815	32.632	27.818
816	32.137	27.841
817	31.638	27.894
818	31.181	28.027
819	30.694	28.072
820	30.224	28.161
821	29.735	28.151
822	29.243	28.167
823	28.768	28.115
824	28.313	28.15
825	27.894	28.209
826	27.464	28.173
827	27.039	28.135
828	26.664	28.174
829	26.304	28.25
830	25.939	28.216
831	25.61	28.257
832	25.28	28.226
833	24.986	28.211
834	24.704	28.213
835	24.432	28.18
836	24.201	28.232
837	23.96	28.182
838	23.727	28.126
839	23.533	28.108
840	23.345	28.027
841	23.202	28.044
842	23.072	28.046
843	22.948	27.94
844	22.86	27.915
845	22.787	27.862
846	22.749	27.854
847	22.744	27.848
848	22.758	27.86
849	22.814	27.898
850	22.838	27.793
851	22.905	27.759
852	23	27.745
853	23.131	27.717
854	23.274	27.656
855	23.438	27.624
856	23.633	27.599
857	23.869	27.649
858	24.109	27.628
859	24.382	27.617
860	24.671	27.589
861	24.971	27.506
862	25.304	27.464
863	25.662	27.44
864	26.019	27.369
865	26.421	27.353
866	26.835	27.336
867	27.281	27.282
868	27.742	27.304
869	28.206	27.295
870	28.682	27.27
871	29.162	27.227
872	29.667	27.221
873	30.184	27.184
874	30.701	27.145
875	31.256	27.202
876	31.779	27.163
877	32.309	27.171
878	32.792	27.123
879	33.313	27.126
880	33.83	27.13
881	34.301	27.115
882	34.763	27.072
883	35.216	27.076
884	35.657	27.1
885	36.07	27.136
886	36.483	27.17
887	36.883	27.241
888	37.23	27.27
889	37.541	27.288
890	37.804	27.293
891	38.027	27.307
892	38.2	27.314
893	38.345	27.325
894	38.461	27.301
895	38.525	27.304
896	38.578	27.407
897	38.534	27.387
898	38.474	27.445
899	38.364	27.465
900	38.192	27.468
901	37.991	27.495
902	37.763	27.499
903	37.523	27.542
904	37.192	27.542
905	36.853	27.564
906	36.519	27.611
907	36.177	27.717
908	35.758	27.707
909	35.308	27.7
910	34.842	27.676
911	34.359	27.673
912	33.865	27.638
913	33.374	27.675
914	32.909	27.765
915	32.409	27.814
916	31.906	27.8
917	31.398	27.821
918	30.896	27.792
919	30.41	27.824
920	29.925	27.862
921	29.449	27.833
922	29.001	27.875
923	28.541	27.87
924	28.108	27.891
925	27.694	27.894
926	27.292	27.932
927	26.899	27.951
928	26.519	27.984
929	26.179	28.022
930	25.835	28.052
931	25.49	28.02
932	25.171	27.96
933	24.866	27.934
934	24.595	27.897
935	24.369	27.953
936	24.151	28
937	23.93	28.004
938	23.73	27.98
939	23.538	27.896
940	23.385	27.865
941	23.231	27.824
942	23.139	27.837
943	23.066	27.919
944	22.98	27.896
945	22.928	27.867
946	22.891	27.847
947	22.874	27.835
948	22.878	27.789
949	22.879	27.671
950	22.93	27.673
951	23.007	27.638
952	23.116	27.65
953	23.238	27.61
954	23.36	27.518
955	23.519	27.48
956	23.739	27.516
957	23.943	27.486
958	24.179	27.452
959	24.451	27.492
960	24.718	27.427
961	25.016	27.423
962	25.371	27.451
963	25.742	27.485
964	26.111	27.495
965	26.506	27.478
966	26.946	27.531
967	27.35	27.474
968	27.769	27.366
969	28.234	27.358
970	28.693	27.315
971	29.182	27.302
972	29.677	27.261
973	30.186	27.265
974	30.707	27.302
975	31.214	27.264
976	31.742	27.262
977	32.259	27.245
978	32.787	27.264
979	33.309	27.276
980	33.814	27.265
981	34.283	27.223
982	34.749	27.196
983	35.22	27.232
984	35.651	27.203
985	36.076	27.209
986	36.455	27.154
987	36.772	27.075
988	37.061	26.986
989	37.393	27.034
990	37.649	27.031
991	37.907	27.055
992	38.102	27.083
993	38.253	27.115
994	38.372	27.131
995	38.442	27.151
996	38.461	27.173
997	38.417	27.145
998	38.36	27.168
999	38.241	27.165
1000	38.063	27.146
1001	37.825	27.145
1002	37.628	27.223
1003	37.354	27.215
1004	37.065	27.256
1005	36.711	27.245
1006	36.346	27.276
1007	35.985	27.326
1008	35.625	27.389
1009	35.214	27.426
1010	34.764	27.483
1011	34.3	27.498
1012	33.852	27.557
1013	33.363	27.556
1014	32.85	27.545
1015	32.382	27.601
1016	31.853	27.549
1017	31.393	27.629
1018	30.899	27.629
1019	30.412	27.636
1020	29.953	27.665
1021	29.493	27.662
1022	29.045	27.724
1023	28.597	27.743
1024	28.178	27.761
1025	27.785	27.844
1026	27.429	27.927
1027	27.013	27.885
1028	26.663	27.965
1029	26.307	27.98
1030	25.984	27.997
1031	25.675	28.031
1032	25.361	28.035
1033	25.061	28.03
1034	24.762	27.993
1035	24.51	27.992
1036	24.276	27.991
1037	24.055	27.984
1038	23.872	28.035
1039	23.689	28.006
1040	23.495	27.968
1041	23.359	28.006
1042	23.213	27.947
1043	23.113	27.947
1044	23.03	27.966
1045	22.963	27.971
1046	22.909	27.961
1047	22.896	27.982
1048	22.904	27.984
1049	22.936	28.002
1050	22.982	27.99
1051	23.028	27.923
1052	23.106	27.856
1053	23.207	27.773
1054	23.351	27.791
1055	23.506	27.766
1056	23.689	27.751
1057	23.899	27.717
1058	24.111	27.666
1059	24.377	27.661
1060	24.66	27.614
1061	24.977	27.699
1062	25.304	27.693
1063	25.626	27.621
1064	25.989	27.578
1065	26.394	27.554
1066	26.802	27.495
1067	27.235	27.466
1068	27.68	27.463
1069	28.147	27.413
1070	28.637	27.406
1071	29.118	27.366
1072	29.64	27.374
1073	30.146	27.342
1074	30.674	27.349
1075	31.215	27.36
1076	31.729	27.332
1077	32.253	27.32
1078	32.757	27.288
1079	33.258	27.221
1080	33.797	27.269
1081	34.297	27.259
1082	34.773	27.263
1083	35.271	27.273
1084	35.727	27.3
1085	36.141	27.307
1086	36.484	27.188
1087	36.848	27.183
1088	37.25	27.287
1089	37.577	27.324
1090	37.842	27.327
1091	38.072	27.355
1092	38.223	27.323
1093	38.35	27.31
1094	38.458	27.342
1095	38.501	27.329
1096	38.547	27.352
1097	38.481	27.321
1098	38.441	27.365
1099	38.309	27.347
1100	38.13	27.35
1101	37.934	27.333
1102	37.696	27.346
1103	37.445	27.386
1104	37.142	27.424
1105	36.784	27.402
1106	36.391	27.403
1107	35.99	27.4
1108	35.59	27.495
1109	35.134	27.49
1110	34.71	27.549
1111	34.254	27.602
1112	33.771	27.608
1113	33.261	27.61
1114	32.778	27.636
1115	32.332	27.721
1116	31.834	27.71
1117	31.375	27.771
1118	30.92	27.826
1119	30.449	27.868
1120	29.981	27.924
1121	29.484	27.909
1122	29.012	27.901
1123	28.541	27.868
1124	28.095	27.858
1125	27.673	27.835
1126	27.283	27.902
1127	26.928	27.982
1128	26.546	28
1129	26.189	27.996
1130	25.86	28.048
1131	25.544	28.039
1132	25.242	28.045
1133	24.941	27.992
1134	24.684	27.979
1135	24.435	27.965
1136	24.21	27.934
1137	24.015	27.997
1138	23.816	27.946
1139	23.617	27.913
1140	23.424	27.818
1141	23.29	27.823
1142	23.168	27.806
1143	23.052	27.759
1144	22.977	27.779
1145	22.922	27.787
1146	22.925	27.882
1147	22.936	27.91
1148	22.95	27.928
1149	22.989	27.957
1150	23.033	27.91
1151	23.126	27.941
1152	23.207	27.888
1153	23.328	27.869
1154	23.474	27.863
1155	23.624	27.815
1156	23.832	27.857
1157	24.032	27.826
1158	24.269	27.799
1159	24.527	27.789
1160	24.798	27.777
1161	25.121	27.84
1162	25.437	27.767
1163	25.782	27.751
1164	26.167	27.761
1165	26.566	27.771
1166	26.953	27.775
1167	27.377	27.759
1168	27.826	27.788
1169	28.256	27.703
1170	28.723	27.663
1171	29.17	27.565
1172	29.635	27.516
1173	30.125	27.479
1174	30.63	27.465
1175	31.145	27.442
1176	31.599	27.358
1177	32.107	27.34
1178	32.6	27.309
1179	33.1	27.299
1180	33.578	27.255
1181	34.031	27.2
1182	34.532	27.231
1183	34.978	27.188
1184	35.406	27.185
1185	35.816	27.18
1186	36.2	27.154
1187	36.556	27.144
1188	36.893	27.123
1189	37.208	27.132
1190	37.485	27.139
1191	37.763	27.141
1192	37.977	27.154
1193	38.164	27.148
1194	38.29	27.154
1195	38.374	27.166
1196	38.422	27.18
1197	38.451	27.212
1198	38.388	27.214
1199	38.269	27.155
1200	38.148	27.196
1201	38.013	27.21
1202	37.811	27.229
1203	37.594	27.255
1204	37.344	27.317
1205	37.055	27.384
1206	36.718	27.409
1207	36.354	27.452
1208	35.946	27.478
1209	35.55	27.529
1210	35.104	27.543
1211	34.659	27.599
1212	34.165	27.593
1213	33.679	27.627
1214	33.147	27.579
1215	32.648	27.613
1216	32.142	27.641
1217	31.626	27.632
1218	31.108	27.645
1219	30.615	27.643
1220	30.116	27.621
1221	29.627	27.624
1222	29.15	27.625
1223	28.701	27.649
1224	28.255	27.703
1225	27.818	27.728
1226	27.396	27.74
1227	27.023	27.831
1228	26.637	27.861
1229	26.239	27.819
1230	25.88	27.791
1231	25.541	27.777
1232	25.21	27.744
1233	24.896	27.748
1234	24.608	27.724
1235	24.343	27.698
1236	24.067	27.591
1237	23.873	27.677
1238	23.677	27.709
1239	23.511	27.766
1240	23.338	27.721
1241	23.204	27.76
1242	23.093	27.804
1243	22.988	27.766
1244	22.903	27.802
1245	22.841	27.793
1246	22.814	27.779
1247	22.791	27.768
1248	22.809	27.758
1249	22.845	27.761
1250	22.898	27.71
1251	22.987	27.731
1252	23.071	27.672
1253	23.194	27.663
1254	23.338	27.654
1255	23.513	27.655
1256	23.716	27.666
1257	23.94	27.659
1258	24.199	27.674
1259	24.484	27.734
1260	24.784	27.749
1261	25.103	27.758
1262	25.419	27.68
1263	25.767	27.636
1264	26.138	27.607
1265	26.565	27.675
1266	26.969	27.624
1267	27.39	27.587
1268	27.845	27.577
1269	28.318	27.546
1270	28.792	27.517
1271	29.276	27.516
1272	29.799	27.534
1273	30.27	27.497
1274	30.779	27.459
1275	31.325	27.529
1276	31.828	27.49
1277	32.342	27.476
1278	32.853	27.487
1279	33.372	27.473
1280	33.875	27.468
1281	34.333	27.432
1282	34.802	27.441
1283	35.25	27.416
1284	35.636	27.338
1285	36.026	27.291
1286	36.415	27.301
1287	36.734	27.265
1288	37.07	27.292
1289	37.379	27.32
1290	37.587	27.27
1291	37.794	27.252
1292	37.998	27.263
1293	38.13	27.268
1294	38.227	27.265
1295	38.285	27.29
1296	38.322	27.353
1297	38.282	27.366
1298	38.233	27.392
1299	38.133	27.407
1300	37.956	27.378
1301	37.762	27.374
1302	37.543	27.407
1303	37.291	27.431
1304	37.009	27.459
1305	36.688	27.496
1306	36.335	27.494
1307	35.954	27.477
1308	35.53	27.475
1309	35.114	27.493
1310	34.693	27.558
1311	34.239	27.567
1312	33.775	27.594
1313	33.327	27.646
1314	32.847	27.636
1315	32.388	27.669
1316	31.914	27.708
1317	31.43	27.749
1318	30.962	27.815
1319	30.465	27.775
1320	29.99	27.788
1321	29.528	27.776
1322	29.093	27.819
1323	28.68	27.875
1324	28.257	27.91
1325	27.83	27.905
1326	27.457	27.996
1327	27.056	27.969
1328	26.669	27.915
1329	26.313	27.938
1330	25.98	27.958
1331	25.658	27.975
1332	25.344	27.979
1333	25.073	27.999
1334	24.81	28.04
1335	24.537	28.023
1336	24.303	28.049
1337	24.098	28.076
1338	23.859	27.971
1339	23.659	27.959
1340	23.489	27.943
1341	23.351	27.985
1342	23.217	27.938
1343	23.105	27.88
1344	23.03	27.928
1345	22.967	27.893
1346	22.916	27.879
1347	22.868	27.789
1348	22.856	27.755
1349	22.873	27.729
1350	22.922	27.736
1351	22.968	27.667
1352	23.066	27.677
1353	23.203	27.731
1354	23.354	27.749
1355	23.497	27.678
1356	23.697	27.713
1357	23.908	27.706
1358	24.123	27.654
1359	24.366	27.624
1360	24.675	27.645
1361	24.968	27.601
1362	25.297	27.576
1363	25.66	27.598
1364	26.023	27.551
1365	26.403	27.508
1366	26.793	27.417
1367	27.106	27.446
1368	27.558	27.443
1369	28.031	27.422
1370	28.496	27.446
1371	28.979	27.396
1372	29.48	27.387
1373	30.015	27.435
1374	30.778	27.458
1375	31.303	27.42
1376	31.832	27.398
1377	32.342	27.344
1378	32.832	27.293
1379	33.322	27.253
1380	33.85	27.286
1381	34.33	27.259
1382	34.816	27.243
1383	35.311	27.279
1384	35.77	27.271
1385	36.148	27.206
1386	36.546	27.227
1387	36.902	27.224
1388	37.244	27.243
1389	37.543	27.26
1390	37.837	27.297
1391	38.078	27.328
1392	38.458	27.289
1393	38.562	27.265
1394	38.647	27.296
1395	38.731	27.29
1396	38.764	27.324
1397	38.788	27.402
1398	38.718	27.399
1399	38.231	27.358
1400	38.078	27.437
1401	37.879	27.468
1402	37.621	27.466
1403	37.351	27.483
1404	37.042	27.475
1405	36.691	27.47
1406	36.312	27.479
1407	35.892	27.464
1408	35.439	27.44
1409	35.011	27.47
1410	34.596	27.553
1411	34.174	27.628
1412	33.699	27.662
1413	33.216	27.655
1414	32.741	27.651
1415	32.242	27.666
1416	31.754	27.682
1417	31.273	27.729
1418	30.813	27.774
1419	30.347	27.775
1420	29.882	27.776
1421	29.425	27.822
1422	28.923	27.755
1423	28.448	27.696
1424	28.04	27.748
1425	27.632	27.722
1426	27.236	27.723
1427	26.877	27.752
1428	26.537	27.811
1429	26.167	27.794
1430	25.843	27.821
1431	25.532	27.821
1432	25.253	27.896
1433	24.994	27.942
1434	24.734	27.952
1435	24.464	27.88
1436	24.207	27.798
1437	24.008	27.823
1438	23.821	27.856
1439	23.676	27.934
1440	23.515	27.905
1441	23.386	27.959
1442	23.253	27.904
1443	23.156	27.886
1444	23.058	27.841
1445	23.009	27.916
1446	22.959	27.847
1447	22.95	27.892
1448	22.956	27.915
1449	22.977	27.874
1450	23.02	27.855
1451	23.081	27.82
1452	23.17	27.833
1453	23.257	27.738
1454	23.394	27.701
1455	23.542	27.651
1456	23.735	27.673
1457	23.956	27.69
1458	24.192	27.696
1459	24.432	27.66
1460	24.697	27.628
1461	24.877	27.612
1462	25.203	27.594
1463	25.524	27.528
1464	25.864	27.451
1465	26.233	27.426
1466	26.63	27.355
1467	27.059	27.354
1468	27.502	27.351
1469	27.977	27.352
1470	28.43	27.248
1471	28.926	27.247
1472	29.43	27.184
1473	29.948	27.154
1474	30.471	27.146
1475	30.98	27.128
1476	31.519	27.142
1477	32.087	27.127
1478	32.647	27.197
1479	33.194	27.24
1480	33.726	27.246
1481	34.212	27.211
1482	34.684	27.179
1483	35.15	27.175
1484	35.606	27.159
1485	36.054	27.175
1486	36.674	27.186
1487	37.049	27.205
1488	37.432	27.28
1489	37.758	27.311
1490	38.085	27.35
1491	38.33	27.362
1492	38.539	27.388
1493	38.692	27.405
1494	38.795	27.414
1495	38.881	27.46
1496	38.877	27.486
1497	38.831	27.48
1498	38.742	27.482
1499	38.622	27.523
1500	38.458	27.542
1501	38.276	27.613
1502	38.006	27.688
1503	37.659	27.601
1504	37.361	27.637
1505	36.985	27.642
1506	36.584	27.666
1507	36.171	27.687
1508	35.744	27.707
1509	35.297	27.744
1510	34.851	27.799
1511	34.372	27.853
1512	33.869	27.837
1513	33.363	27.838
1514	32.849	27.838
1515	32.32	27.859
1516	31.811	27.889
1517	31.306	27.913
1518	30.807	27.908
1519	30.323	27.944
1520	29.824	27.953
1521	29.366	27.984
1522	28.923	28.034
1523	28.485	28.082
1524	28.056	28.133
1525	27.643	28.139
1526	27.23	28.118
1527	26.829	28.094
1528	26.48	28.168
1529	26.118	28.154
1530	25.786	28.164
1531	25.483	28.169
1532	25.171	28.114
1533	24.868	28.052
1534	24.6	28.037
1535	24.341	28.006
1536	24.137	28.032
1537	23.921	28.02
1538	23.723	27.976
1539	23.571	28.055
1540	23.423	28.045
1541	23.276	27.976
1542	23.152	27.938
1543	23.053	27.933
1544	22.976	27.92
1545	22.922	27.886
1546	22.871	27.816
1547	22.861	27.797
1548	22.866	27.814
1549	22.893	27.727
1550	22.928	27.69
1551	22.989	27.638
1552	23.077	27.569
1553	23.21	27.603
1554	23.35	27.609
1555	23.527	27.625
1556	23.723	27.665
1557	23.946	27.688
1558	24.194	27.681
1559	24.458	28.171
1560	24.753	28.173
1561	25.036	28.122
1562	25.355	27.904
1563	25.704	27.903
1564	26.055	27.809
1565	26.44	27.761
1566	26.853	27.786
1567	27.294	27.788
1568	27.739	27.763
1569	28.183	27.745
1570	28.663	27.76
1571	29.15	27.765
1572	29.651	27.779
1573	30.144	27.708
1574	30.65	27.693
1575	31.19	27.684
1576	31.736	27.738
1577	32.273	27.788
1578	32.757	27.701
1579	33.263	27.651
1580	33.744	27.626
1581	34.254	27.615
1582	34.694	27.549
1583	35.148	27.559
1584	35.579	27.049
1585	35.976	27.039
1586	36.358	27.031
1587	36.733	27.226
1588	37.079	27.25
1589	37.393	27.285
1590	37.668	27.322
1591	37.902	27.303
1592	38.078	27.313
1593	38.233	27.327
1594	38.368	27.339
1595	38.432	27.342
1596	38.516	27.424
1597	38.48	27.415
1598	38.44	27.424
1599	38.381	27.492
1600	38.248	27.556
1601	38.043	27.519
1602	37.814	27.5
1603	37.55	27.509
1604	37.255	27.552
1605	36.95	27.597
1606	36.542	27.545
1607	36.197	27.638
1608	35.827	27.727
1609	35.405	27.753
1610	34.969	27.769
1611	34.501	27.767
1612	34.036	27.796
1613	33.538	27.775
1614	33.017	27.753
1615	32.526	27.774
1616	32.021	27.79
1617	31.519	27.806
1618	31.018	27.799
1619	30.536	27.844
1620	30.055	27.886
1621	29.554	27.842
1622	29.088	27.857
1623	28.647	27.907
1624	28.177	27.894
1625	27.74	27.859
1626	27.318	27.858
1627	26.922	27.874
1628	26.528	27.878
1629	26.171	27.88
1630	25.801	27.856
1631	25.48	27.893
1632	25.162	27.86
1633	24.843	27.776
1634	24.561	27.752
1635	24.301	27.743
1636	24.067	27.768
1637	23.843	27.754
1638	23.652	27.746
1639	23.479	27.759
1640	23.317	27.757
1641	23.195	27.787
1642	23.089	27.795
1643	22.987	27.799
1644	22.899	27.761
1645	22.839	27.7
1646	22.803	27.681
1647	22.816	27.738
1648	22.817	27.714
1649	22.846	27.658
1650	22.902	27.658
1651	22.988	27.664
1652	23.072	27.638
1653	23.217	27.634
1654	23.355	27.62
1655	23.533	27.598
1656	23.721	27.552
1657	23.937	27.526
1658	24.19	27.565
1659	24.454	27.559
1660	24.737	27.587
1661	25.038	27.537
1662	25.371	27.512
1663	25.71	27.489
1664	26.088	27.482
1665	26.483	27.479
1666	26.881	27.448
1667	27.311	27.408
1668	27.765	27.422
1669	28.241	27.432
1670	28.722	27.452
1671	29.224	27.474
1672	29.682	27.372
1673	30.187	27.371
1674	30.701	27.371
1675	31.225	27.379
1676	31.744	27.358
1677	32.273	27.346
1678	32.768	27.343
1679	33.273	27.32
1680	34.198	27.306
1681	34.692	27.298
1682	35.179	27.309
1683	35.629	27.27
1684	36.058	27.283
1685	36.48	27.256
1686	36.872	27.232
1687	37.207	27.215
1688	37.528	27.224
1689	37.809	27.204
1690	38.019	27.134
1691	38.234	27.128
1692	38.375	27.105
1693	38.502	27.083
1694	38.575	27.051
1695	38.601	27.043
1696	38.62	27.059
1697	38.589	27.085
1698	38.508	27.08
1699	38.382	27.11
1700	38.197	27.102
1701	37.98	27.12
1702	37.743	27.191
1703	37.476	27.242
1704	37.16	27.252
1705	36.332	27.285
1706	35.978	27.351
1707	35.571	27.37
1708	35.146	27.384
1709	34.728	27.388
1710	34.265	27.39
1711	33.827	27.502
1712	33.394	27.592
1713	32.922	27.581
1714	32.45	27.587
1715	32.006	27.675
1716	31.52	27.663
1717	31.032	27.698
1718	30.577	27.731
1719	30.123	27.786
1720	29.687	27.857
1721	29.211	27.838
1722	28.785	27.899
1723	28.353	27.897
1724	27.953	27.926
1725	27.567	27.973
1726	27.194	28
1727	26.816	27.941
1728	26.45	27.921
1729	26.131	27.968
1730	25.826	27.994
1731	25.499	27.93
1732	25.212	27.946
1733	24.963	28.009
1734	24.71	28.019
1735	24.48	28.006
1736	24.273	28.016
1737	24.054	27.955
1738	23.854	27.943
1739	23.672	27.927
1740	23.522	27.931
1741	23.387	27.929
1742	23.294	27.946
1743	23.191	27.923
1744	23.09	27.864
1745	23.023	27.808
1746	22.99	27.831
1747	22.965	27.804
1748	22.972	27.817
1749	22.983	27.775
1750	23.023	27.711
1751	23.072	27.677
1752	23.165	27.691
1753	23.287	27.673
1754	23.407	27.618
1755	23.556	27.604
1756	23.771	27.647
1757	23.989	27.641
1758	24.214	27.622
1759	24.461	27.608
1760	24.737	27.609
1761	25.032	27.58
1762	25.363	27.582
1763	25.728	27.616
1764	26.11	27.647
1765	26.487	27.578
1766	26.883	27.586
1767	27.288	27.531
1768	27.735	27.533
1769	28.201	27.522
1770	28.664	27.503
1771	29.142	27.436
1772	29.638	27.393
1773	30.146	27.403
1774	30.66	27.38
1775	31.186	27.415
1776	31.707	27.374
1777	32.228	27.345
1778	32.734	27.317
1779	33.267	27.358
1780	33.769	27.331
1781	34.226	27.292
1782	34.669	27.229
1783	35.083	27.155
1784	35.522	27.15
1785	35.952	27.174
1786	36.308	27.118
1787	36.675	27.132
1788	37.009	27.115
1789	37.299	27.091
1790	37.572	27.093
1791	37.823	27.092
1792	38.023	27.105
1793	38.197	27.14
1794	38.312	27.187
1795	38.388	27.174
1796	38.47	27.26
1797	38.436	27.242
1798	38.361	27.213
1799	38.284	27.252
1800	38.135	27.225
1801	37.981	27.27
1802	37.764	27.295
1803	37.49	27.3
1804	37.162	27.241
1805	36.846	27.253
1806	36.499	27.254
1807	36.146	27.31
1808	35.786	27.365
1809	35.399	27.437
1810	34.931	27.42
1811	34.458	27.416
1812	33.981	27.391
1813	33.504	27.423
1814	33.01	27.443
1815	32.523	27.521
1816	32.031	27.541
1817	31.532	27.573
1818	31.03	27.568
1819	30.546	27.552
1820	30.085	27.627
1821	29.592	27.611
1822	29.144	27.634
1823	28.692	27.666
1824	28.232	27.653
1825	27.788	27.647
1826	27.36	27.672
1827	26.964	27.679
1828	26.596	27.717
1829	26.256	27.797
1830	25.899	27.797
1831	25.596	27.882
1832	25.279	27.876
1833	24.975	27.857
1834	24.687	27.824
1835	24.437	27.842
1836	24.196	27.874
1837	23.974	27.892
1838	23.78	27.927
1839	23.609	27.935
1840	23.441	27.889
1841	23.303	27.871
1842	23.182	27.863
1843	23.067	27.82
1844	22.986	27.811
1845	22.915	27.769
1846	22.869	27.741
1847	22.844	27.736
1848	22.849	27.695
1849	22.878	27.667
1850	22.92	27.635
1851	22.991	27.593
1852	23.036	27.613
1853	23.175	27.642
1854	23.305	27.588
1855	23.474	27.566
1856	23.639	27.491
1857	23.848	27.464
1858	24.084	27.459
1859	24.317	27.381
1860	24.596	27.386
1861	24.904	27.331
1862	25.249	27.354
1863	25.588	27.282
1864	25.972	27.314
1865	26.389	27.359
1866	26.814	27.383
1867	27.252	27.367
1868	27.718	27.413
1869	28.191	27.408
1870	28.667	27.386
1871	29.16	27.388
1872	29.666	27.368
1873	30.156	27.34
1874	30.683	27.351
1875	31.222	27.366
1876	31.745	27.336
1877	32.347	27.273
1878	32.845	27.245
1879	33.365	27.273
1880	33.868	27.29
1881	34.35	27.249
1882	34.861	27.314
1883	35.327	27.302
1884	35.774	27.337
1885	36.235	27.358
1886	36.645	27.398
1887	36.968	27.335
1888	37.286	27.341
1889	37.571	27.309
1890	37.758	27.203
1891	37.962	27.187
1892	38.142	27.193
1893	38.274	27.162
1894	38.372	27.192
1895	38.447	27.22
1896	38.449	27.191
1897	38.465	27.285
1898	38.431	27.332
1899	38.302	27.339
1900	38.165	27.388
1901	37.976	27.439
1902	37.754	27.478
1903	37.444	27.441
1904	37.124	27.414
1905	36.779	27.421
1906	36.443	27.461
1907	36.03	27.424
1908	35.64	27.496
1909	35.235	27.521
1910	34.737	27.457
1911	34.273	27.489
1912	33.831	27.553
1913	33.375	27.642
1914	32.866	27.617
1915	32.4	27.701
1916	31.901	27.759
1917	31.406	27.772
1918	30.944	27.856
1919	30.436	27.813
1920	29.94	27.778
1921	29.505	27.884
1922	29.053	27.891
1923	28.587	27.865
1924	28.157	27.881
1925	27.728	27.859
1926	27.35	27.917
1927	26.947	27.896
1928	26.595	27.936
1929	26.251	27.963
1930	25.918	27.934
1931	25.591	27.945
1932	25.271	27.946
1933	24.967	27.907
1934	24.694	27.902
1935	24.448	27.949
1936	24.22	27.951
1937	23.996	27.932
1938	23.797	27.911
1939	23.63	27.935
1940	23.455	27.905
1941	23.307	27.841
1942	23.187	27.862
1943	23.059	27.781
1944	22.987	27.799
1945	22.946	27.855
1946	22.883	27.763
1947	22.841	27.686
1948	22.841	27.662
1949	22.874	27.663
1950	22.932	27.694
1951	23.001	27.661
1952	23.098	27.704
1953	23.211	27.685
1954	23.345	27.671
1955	23.509	27.685
1956	23.694	27.672
1957	23.914	27.666
1958	24.165	27.686
1959	24.417	27.656
1960	24.696	27.608
1961	24.989	27.532
1962	25.3	27.493
1963	25.635	27.423
1964	25.99	27.396
1965	26.397	27.388
1966	26.812	27.374
1967	27.243	27.349
1968	27.693	27.318
1969	28.157	27.3
1970	28.617	27.253
1971	29.115	27.271
1972	29.611	27.248
1973	30.137	27.256
1974	30.637	27.213
1975	31.174	27.221
1976	31.679	27.205
1977	32.191	27.164
1978	32.709	27.143
1979	33.234	27.139
1980	33.747	27.146
1981	34.236	27.146
1982	34.73	27.162
1983	35.152	27.105
1984	35.607	27.112
1985	36.026	27.122
1986	36.421	27.139
1987	36.822	27.204
1988	37.172	27.256
1989	37.495	27.292
1990	37.761	27.281
1991	37.959	27.255
1992	38.14	27.24
1993	38.289	27.26
1994	38.396	27.261
1995	38.474	27.268
1996	38.488	27.23
1997	38.473	27.241
1998	38.435	27.298
1999	38.33	27.31
2000	38.157	27.269
2001	37.981	27.273
2002	37.745	27.245
2003	37.493	27.246
2004	37.188	27.247
2005	36.882	27.289
2006	36.547	27.313
2007	36.161	27.337
2008	35.802	27.432
2009	35.363	27.443
2010	34.91	27.451
2011	34.434	27.484
2012	33.942	27.429
2013	33.463	27.443
2014	32.953	27.437
2015	32.466	27.462
2016	31.993	27.525
2017	31.511	27.56
2018	31.015	27.566
2019	30.514	27.57
2020	30.049	27.634
2021	29.577	27.672
2022	29.118	27.719
2023	28.651	27.719
2024	28.203	27.734
2025	27.775	27.747
2026	27.354	27.734
2027	26.976	27.806
2028	26.594	27.815
2029	26.237	27.823
2030	25.872	27.778
2031	25.542	27.795
2032	25.237	27.799
2033	24.929	27.741
2034	24.682	27.795
2035	24.433	27.82
2036	24.205	27.804
2037	23.982	27.824
2038	23.782	27.819
2039	23.611	27.809
2040	23.45	27.823
2041	23.31	27.812
2042	23.184	27.828
2043	23.093	27.885
2044	23.008	27.877
2045	22.95	27.9
2046	22.91	27.879
2047	22.89	27.847
2048	22.909	27.849
2049	22.948	27.858
2050	22.995	27.845
2051	23.058	27.832
2052	23.154	27.817
2053	23.263	27.787
2054	23.39	27.786
2055	23.559	27.792
2056	23.737	27.767
2057	23.936	27.711
2058	24.166	27.685
2059	24.406	27.628
2060	24.691	27.622
2061	24.975	27.57
2062	25.295	27.546
2063	25.634	27.503
2064	26.008	27.512
2065	26.385	27.452
2066	26.8	27.466
2067	27.213	27.386
2068	27.655	27.334
2069	28.143	27.366
2070	28.573	27.248
2071	29.055	27.221
2072	29.557	27.21
2073	30.047	27.171
2074	30.566	27.167
2075	31.093	27.185
2076	31.617	27.149
2077	32.143	27.128
2078	32.688	27.176
2079	33.243	27.217
2080	33.737	27.189
2081	34.235	27.171
2082	34.709	27.155
2083	35.168	27.144
2084	35.636	27.217
2085	36.06	27.231
2086	36.493	27.313
2087	36.837	27.298
2088	37.212	27.352
2089	37.513	27.353
2090	37.789	27.389
2091	38.039	27.39
2092	38.268	27.46
2093	38.433	27.474
2094	38.546	27.47
2095	38.635	27.49
2096	38.672	27.533
2097	38.648	27.549
2098	38.571	27.552
2099	38.458	27.561
2100	38.287	27.535
2101	38.104	27.58
2102	37.845	27.582
2103	37.543	27.553
2104	37.227	27.555
2105	36.935	27.636
2106	36.543	27.654
2107	36.168	27.686
2108	35.755	27.709
2109	35.289	27.646
2110	34.817	27.626
2111	34.345	27.595
2112	33.9	27.638
2113	33.371	27.601
2114	32.863	27.595
2115	32.369	27.613
2116	31.845	27.582
2117	31.342	27.576
2118	30.837	27.555
2119	30.347	27.578
2120	29.889	27.637
2121	29.423	27.641
2122	28.959	27.638
2123	28.503	27.64
2124	28.076	27.665
2125	27.67	27.702
2126	27.247	27.696
2127	26.86	27.685
2128	26.523	27.767
2129	26.147	27.704
2130	25.797	27.683
2131	25.487	27.666
2132	25.181	27.669
2133	24.893	27.675
2134	24.63	27.685
2135	24.391	27.711
2136	24.157	27.702
2137	23.94	27.693
2138	23.754	27.685
2139	23.572	27.639
2140	23.425	27.653
2141	23.31	27.738
2142	23.19	27.725
2143	23.089	27.726
2144	23.011	27.729
2145	22.95	27.582
2146	22.918	27.573
2147	22.908	27.569
2148	22.933	27.582
2149	22.977	27.581
2150	23.017	27.564
2151	23.085	27.534
2152	23.182	27.556
2153	23.288	27.518
2154	23.427	27.496
2155	23.565	27.417
2156	23.761	27.428
2157	23.983	27.474
2158	24.2	27.425
2159	24.452	27.396
2160	24.722	27.366
2161	25.023	27.372
2162	25.342	27.354
2163	25.694	27.387
2164	26.064	27.405
2165	26.441	27.38
2166	26.831	27.296
2167	27.249	27.255
2168	27.673	27.211
2169	28.11	27.15
2170	28.572	27.242
2171	29.043	27.206
2172	29.533	27.205
2173	30.034	27.21
2174	30.529	27.222
2175	31.068	27.226
2176	31.617	27.26
2177	32.145	27.241
2178	32.655	27.225
2179	33.188	27.259
2180	33.708	27.275
2181	34.201	27.287
2182	34.664	27.228
2183	35.128	27.242
2184	35.601	27.314
2185	36.017	27.28
2186	36.455	27.344
2187	36.823	27.337
2188	37.129	27.281
2189	37.428	27.253
2190	37.69	27.245
2191	37.962	27.282
2192	38.169	27.33
2193	38.361	27.364
2194	38.496	27.39
2195	38.598	27.43
2196	38.641	27.465
2197	38.622	27.464
2198	38.564	27.486
2199	38.455	27.474
2200	38.267	27.435
2201	38.054	27.4
2202	37.817	27.408
2203	37.528	27.387
2204	37.26	27.468
2205	36.934	27.501
2206	36.586	27.524
2207	36.166	27.512
2208	35.775	27.512
2209	35.319	27.49
2210	34.863	27.512
2211	34.368	27.481
2212	33.908	27.532
2213	33.448	27.595
2214	32.972	27.644
2215	32.486	27.687
2216	31.926	27.637
2217	31.423	27.625
2218	30.929	27.506
2219	30.487	27.555
2220	29.98	27.321
2221	29.507	27.329
2222	29.046	27.341
2223	28.615	27.365
2224	28.169	27.355
2225	27.75	27.405
2226	27.352	27.445
2227	26.969	27.485
2228	26.618	27.565
2229	26.229	27.497
2230	25.89	27.515
2231	25.55	27.479
2232	25.244	27.523
2233	24.967	27.601
2234	24.691	27.588
2235	24.447	27.603
2236	24.213	27.606
2237	23.98	27.542
2238	23.76	27.476
2239	23.568	27.453
2240	23.405	27.414
2241	23.272	27.422
2242	23.159	27.424
2243	23.056	27.547
2244	22.942	27.532
2245	22.889	27.736
2246	22.843	27.73
2247	22.825	27.718
2248	22.805	27.64
2249	22.84	27.641
2250	22.892	27.638
2251	22.975	27.63
2252	23.06	27.585
2253	23.166	27.538
2254	23.304	27.504
2255	23.467	27.487
2256	23.655	27.465
2257	23.882	27.419
2258	24.102	27.369
2259	24.362	27.329
2260	24.642	27.295
2261	24.945	27.266
2262	25.294	27.311
2263	25.657	27.31
2264	26.041	27.291
2265	26.411	27.249
2266	26.827	27.236
2267	27.278	27.281
2268	27.711	27.252
2269	28.179	27.223
2270	28.656	27.248
2271	29.149	27.213
2272	29.652	27.211
2273	30.161	27.206
2274	30.672	27.217
2275	31.18	27.187
2276	31.685	27.166
2277	32.179	27.134
2278	32.693	27.089
2279	33.202	27.083
2280	33.694	27.063
2281	34.181	27.076
2282	34.64	27.072
2283	35.119	27.064
2284	35.549	27.074
2285	35.954	27.073
2286	36.345	27.083
2287	36.722	27.122
2288	37.058	27.166
2289	37.404	27.258
2290	37.713	27.32
2291	37.941	27.321
2292	38.067	27.226
2293	38.245	27.253
2294	38.338	27.207
2295	38.416	27.192
2296	38.43	27.209
2297	38.422	27.222
2298	38.352	27.234
2299	38.202	27.171
2300	38.073	27.185
2301	37.911	27.25
2302	37.732	27.287
2303	37.488	27.354
2304	37.243	27.445
2305	36.932	27.503
2306	36.552	27.484
2307	36.192	27.524
2308	35.779	27.574
2309	35.338	27.56
2310	34.913	27.626
2311	34.448	27.619
2312	33.944	27.566
2313	33.437	27.527
2314	32.926	27.471
2315	32.424	27.456
2316	31.951	27.544
2317	31.474	27.585
2318	31.01	27.664
2319	30.562	27.781
2320	30.073	27.796
2321	29.608	27.811
2322	29.146	27.835
2323	28.709	27.866
2324	28.31	27.943
2325	27.884	27.935
2326	27.463	27.902
2327	27.063	27.903
2328	26.673	27.875
2329	26.293	27.824
2330	25.969	27.853
2331	25.668	27.912
2332	25.345	27.91
2333	25.052	27.88
2334	24.798	27.934
2335	24.519	27.87
2336	24.274	27.86
2337	24.067	27.918
2338	23.875	27.936
2339	23.688	27.975
2340	23.529	27.973
2341	23.383	27.95
2342	23.252	27.95
2343	23.143	27.921
2344	23.034	27.847
2345	22.961	27.813
2346	22.922	27.828
2347	22.892	27.784
2348	22.881	27.763
2349	22.884	27.705
2350	22.94	27.771
2351	22.988	27.73
2352	23.097	27.782
2353	23.207	27.798
2354	23.324	27.738
2355	23.447	27.624
2356	23.615	27.555
2357	23.828	27.544
2358	24.059	27.534
2359	24.303	27.499
2360	24.599	27.519
2361	24.897	27.496
2362	25.205	27.408
2363	25.564	27.411
2364	25.935	27.399
2365	26.321	27.369
2366	26.73	27.354
2367	27.171	27.356
2368	27.581	27.26
2369	28.05	27.276
2370	28.532	27.289
2371	29.027	27.254
2372	29.529	27.245
2373	30.054	27.23
2374	30.575	27.218
2375	31.081	27.134
2376	31.636	27.148
2377	32.124	27.081
2378	32.627	27.028
2379	33.161	27.034
2380	33.702	27.065
2381	34.196	27.08
2382	34.677	27.116
2383	35.167	27.182
2384	35.655	27.24
2385	36.089	27.271
2386	36.503	27.289
2387	36.892	27.308
2388	37.201	27.26
2389	37.494	27.235
2390	37.761	27.238
2391	37.944	27.185
2392	38.158	27.218
2393	38.327	27.261
2394	38.411	27.223
2395	38.489	27.217
2396	38.51	27.223
2397	38.498	27.261
2398	38.444	27.287
2399	38.339	27.31
2400	38.179	27.318
2401	37.988	27.323
2402	37.787	27.394
2403	37.542	27.418
2404	37.257	27.493
2405	36.906	27.494
2406	36.577	27.54
2407	36.179	27.328
2408	35.746	27.47
2409	35.31	27.471
2410	34.844	27.463
2411	34.368	27.481
2412	33.893	27.511
2413	33.419	27.558
2414	32.939	27.594
2415	32.438	27.6
2416	31.987	27.641
2417	31.475	27.644
2418	31	27.696
2419	30.518	27.715
2420	30.03	27.726
2421	29.555	27.766
2422	29.087	27.779
2423	28.636	27.781
2424	28.231	27.857
2425	27.805	27.896
2426	27.237	27.981
2427	26.839	27.936
2428	26.475	27.949
2429	26.11	27.911
2430	25.801	28.017
2431	25.475	28.027
2432	25.181	28.223
2433	24.898	28.038
2434	24.606	27.976
2435	24.361	27.989
2436	24.148	28.007
2437	23.936	28.04
2438	23.761	28.09
2439	23.585	28.065
2440	23.438	28.13
2441	23.291	28.138
2442	23.164	28.091
2443	23.046	28.031
2444	22.978	28.078
2445	22.933	28.098
2446	22.893	28.069
2447	22.881	28.065
2448	22.89	28.078
2449	22.906	28.023
2450	22.977	28.025
2451	23.176	27.954
2452	23.261	27.909
2453	23.373	27.908
2454	23.523	27.932
2455	23.647	27.794
2456	23.804	27.712
2457	23.997	27.653
2458	24.228	27.655
2459	24.485	27.671
2460	24.766	27.675
2461	25.047	27.637
2462	25.357	27.56
2463	25.682	27.485
2464	26.033	27.446
2465	26.408	27.4
2466	26.799	27.354
2467	27.22	27.35
2468	27.675	27.362
2469	28.129	27.34
2470	28.586	27.309
2471	29.099	27.359
2472	29.623	27.394
2473	30.115	27.361
2474	30.62	27.366
2475	31.129	27.348
2476	31.641	27.307
2477	32.171	27.308
2478	32.678	27.29
2479	33.18	27.259
2480	33.698	27.279
2481	34.22	27.301
2482	34.706	27.318
2483	35.145	27.264
2484	35.581	27.242
2485	35.982	27.217
2486	36.359	27.204
2487	36.723	27.21
2488	37.086	27.258
2489	37.395	27.277
2490	37.685	27.288
2491	37.941	27.309
2492	37.502	27.327
2493	37.64	27.326
2494	37.766	27.364
2495	37.842	27.376
2496	37.876	27.38
2497	37.826	27.313
2498	37.768	27.306
2499	37.69	27.309
2500	37.57	27.345
2501	37.434	27.388
2502	37.236	27.394
2503	37.051	27.445
2504	36.807	27.508
2505	36.542	27.567
2506	36.205	27.585
2507	35.874	27.633
2508	35.511	27.661
2509	35.148	27.75
2510	34.72	27.723
2511	34.357	27.818
2512	33.933	27.853
2513	33.457	27.861
2514	33.008	27.891
2515	32.51	27.861
2516	32.046	27.905
2517	32.096	27.954
2518	31.644	28.024
2519	31.158	27.955
2520	30.686	27.969
2521	30.173	27.916
2522	29.721	27.969
2523	29.266	28.02
2524	28.802	28.004
2525	28.356	27.974
2526	27.921	27.976
2527	27.504	28.003
2528	27.079	28.009
2529	26.671	27.965
2530	26.282	27.931
2531	25.964	28.022
2532	25.62	28.008
2533	25.297	28
2534	24.826	27.932
2535	24.574	28.007
2536	24.307	28.022
2537	24.062	28.295
2538	23.837	28.276
2539	23.63	28.213
2540	23.457	28.257
2541	23.282	28.211
2542	23.117	28.16
2543	22.988	28.14
2544	22.878	28.166
2545	22.792	28.153
2546	22.738	28.142
2547	22.695	28.096
2548	22.687	28.079
2549	22.709	28.074
2550	22.733	28.047
2551	22.799	28.035
2552	22.894	28.018
2553	23.014	27.976
2554	23.16	27.971
2555	23.333	27.958
2556	23.499	27.857
2557	23.712	27.839
2558	23.965	27.874
2559	24.385	27.879
2560	24.664	27.812
2561	24.957	27.718
2562	25.287	27.454
2563	25.653	27.438
2564	26.025	27.456
2565	26.429	27.415
2566	26.854	27.422
2567	27.295	27.394
2568	27.743	27.347
2569	28.224	27.344
2570	28.715	27.362
2571	29.228	27.386
2572	29.9	27.385
2573	30.426	27.377
2574	30.935	27.378
2575	31.493	27.399
2576	32.042	27.407
2577	32.572	27.402
2578	33.093	27.387
2579	33.612	27.398
2580	34.087	27.357
2581	34.557	27.345
2582	35.045	27.342
2583	35.488	27.301
2584	35.89	27.29
2585	36.326	27.338
2586	36.67	27.329
2587	36.996	27.312
2588	37.308	27.313
2589	37.603	27.325
2590	37.855	27.347
2591	38.073	27.375
2592	38.248	27.399
2593	38.382	27.396
2594	38.461	27.391
2595	38.519	27.392
2596	38.522	27.408
2597	38.287	27.48
2598	38.173	27.465
2599	38.059	27.455
2600	37.891	27.468
2601	37.679	27.511
2602	37.461	27.569
2603	37.195	27.606
2604	36.887	27.592
2605	36.595	27.662
2606	36.247	27.684
2607	35.827	27.666
2608	35.393	27.655
2609	34.998	27.683
2610	34.543	27.726
2611	34.124	27.766
2612	33.686	27.814
2613	33.219	27.833
2614	32.741	27.87
2615	32.254	27.872
2616	31.78	27.887
2617	31.298	27.899
2618	30.818	27.937
2619	30.343	27.917
2620	29.871	27.947
2621	29.4	27.913
2622	28.942	27.888
2623	28.503	27.916
2624	28.078	27.901
2625	27.682	27.956
2626	27.29	27.94
2627	26.884	27.871
2628	26.521	27.857
2629	26.17	27.849
2630	25.829	27.85
2631	25.526	27.862
2632	25.244	27.896
2633	25.017	27.953
2634	24.774	28.022
2635	24.514	27.948
2636	24.29	27.954
2637	24.081	27.967
2638	23.888	27.974
2639	23.706	27.95
2640	23.564	27.984
2641	23.418	27.948
2642	23.297	27.935
2643	23.201	27.924
2644	23.134	28.001
2645	23.073	27.944
2646	23.044	27.949
2647	23.01	27.935
2648	23.034	27.93
2649	23.062	27.962
2650	23.102	27.904
2651	23.158	27.858
2652	23.271	27.905
2653	23.387	27.913
2654	23.52	27.908
2655	23.678	27.87
2656	23.85	27.847
2657	24.054	27.831
2658	24.239	27.781
2659	24.463	27.684
2660	24.73	27.691
2661	25.031	27.725
2662	25.346	27.668
2663	25.669	27.629
2664	26.036	27.639
2665	26.39	27.559
2666	26.79	27.534
2667	27.227	27.561
2668	27.633	27.636
2669	28.078	27.582
2670	28.549	27.575
2671	29.026	27.54
2672	29.478	27.495
2673	29.978	27.467
2674	30.493	27.435
2675	30.999	27.405
2676	31.534	27.43
2677	32.026	27.381
2678	32.503	27.326
2679	33.018	27.342
2680	33.532	27.338
2681	34.061	27.376
2682	34.554	27.407
2683	35.057	27.466
2684	35.505	27.445
2685	35.953	27.433
2686	36.335	27.358
2687	36.723	27.377
2688	37.078	27.375
2689	37.414	27.382
2690	37.711	27.416
2691	37.926	27.445
2692	38.115	27.405
2693	38.365	27.376
2694	38.489	27.376
2695	38.529	27.344
2696	38.556	27.39
2697	38.619	27.387
2698	38.566	27.402
2699	38.455	27.42
2700	38.35	27.482
2701	38.189	27.536
2702	37.99	27.576
2703	37.755	27.614
2704	37.47	27.613
2705	37.125	27.595
2706	36.773	27.644
2707	36.373	27.632
2708	35.942	27.627
2709	35.499	27.663
2710	35.025	27.684
2711	34.521	27.702
2712	34.004	27.666
2713	33.515	27.709
2714	32.997	27.704
2715	32.513	27.744
2716	32.028	27.756
2717	31.518	27.792
2718	30.986	27.735
2719	30.486	27.741
2720	30.026	27.835
2721	29.555	27.837
2722	29.074	27.842
2723	28.62	27.849
2724	28.177	27.855
2725	27.733	27.847
2726	27.295	27.796
2727	26.89	27.807
2728	26.514	27.815
2729	26.147	27.845
2730	25.821	27.935
2731	25.478	27.933
2732	25.174	27.93
2733	24.886	27.906
2734	24.618	27.896
2735	24.388	27.917
2736	24.181	27.927
2737	23.971	27.969
2738	23.784	27.98
2739	23.607	27.968
2740	23.461	28.013
2741	23.325	28.036
2742	23.223	28.107
2743	23.134	28.148
2744	23.058	28.156
2745	23.001	28.122
2746	22.956	28.114
2747	22.936	28.096
2748	22.948	28.131
2749	22.984	28.13
2750	23.033	28.092
2751	23.128	28.121
2752	23.22	28.092
2753	23.339	28.08
2754	23.48	28.037
2755	23.642	28.044
2756	23.808	27.964
2757	24.009	27.973
2758	24.23	27.941
2759	24.504	28.015
2760	24.766	27.957
2761	25.054	27.939
2762	25.381	27.898
2763	25.722	27.883
2764	26.091	27.855
2765	26.455	27.783
2766	26.852	27.719
2767	27.255	27.63
2768	27.687	27.571
2769	28.141	27.563
2770	28.602	27.532
2771	29.091	27.538
2772	29.604	27.551
2773	30.081	27.487
2774	30.563	27.442
2775	31.075	27.429
2776	31.575	27.414
2777	32.092	27.405
2778	32.578	27.343
2779	33.089	27.356
2780	33.558	27.291
2781	34.086	27.351
2782	34.572	27.333
2783	35.071	27.398
2784	35.482	27.32
2785	35.894	27.323
2786	36.285	27.31
2787	36.624	27.296
2788	36.924	27.231
2789	37.229	27.25
2790	37.498	27.26
2791	37.764	27.298
2792	37.966	27.275
2793	38.126	27.277
2794	38.236	27.262
2795	38.318	27.277
2796	38.348	27.258
2797	38.371	27.325
2798	38.331	27.333
2799	38.279	27.386
2800	38.134	27.401
2801	37.944	27.384
2802	37.759	27.399
2803	37.556	27.491
2804	37.261	27.49
2805	36.98	27.535
2806	36.6	27.465
2807	36.211	27.356
2808	35.782	27.34
2809	35.37	27.371
2810	34.93	27.393
2811	34.464	27.415
2812	34.024	27.482
2813	33.585	27.551
2814	33.076	27.537
2815	32.55	27.512
2816	32.046	27.545
2817	31.549	27.567
2818	31.045	27.568
2819	30.562	27.597
2820	30.065	27.558
2821	29.596	27.568
2822	29.094	27.516
2823	28.662	27.572
2824	28.218	27.593
2825	27.799	27.598
2826	27.388	27.594
2827	26.964	27.599
2828	26.587	27.628
2829	26.239	27.674
2830	25.888	27.675
2831	25.56	27.688
2832	25.263	27.856
2833	24.969	27.823
2834	24.687	27.806
2835	24.428	27.806
2836	24.213	27.849
2837	23.997	27.814
2838	23.784	27.799
2839	23.61	27.818
2840	23.471	27.829
2841	23.32	27.781
2842	23.202	27.817
2843	23.095	27.801
2844	23.017	27.791
2845	22.957	27.792
2846	22.915	27.777
2847	22.896	27.736
2848	22.913	27.765
2849	22.939	27.73
2850	22.984	27.722
2851	23.058	27.714
2852	23.167	27.708
2853	23.293	27.678
2854	23.422	27.654
2855	23.593	27.667
2856	23.777	27.645
2857	23.985	27.645
2858	24.213	27.64
2859	24.461	27.587
2860	24.74	27.565
2861	25.03	27.519
2862	25.331	27.478
2863	25.686	27.482
2864	26.067	27.436
2865	26.443	27.4
2866	26.841	27.38
2867	27.265	27.392
2868	27.731	27.431
2869	28.202	27.444
2870	28.683	27.457
2871	29.18	27.478
2872	29.697	27.508
2873	30.17	27.42
2874	30.686	27.447
2875	31.213	27.448
2876	31.739	27.453
2877	32.261	27.47
2878	32.735	27.411
2879	33.223	27.38
2880	33.689	27.316
2881	34.173	27.32
2882	34.642	27.29
2883	35.092	27.265
2884	35.56	27.317
2885	35.993	27.318
2886	36.393	27.31
2887	36.785	27.325
2888	37.115	27.316
2889	37.411	27.37
2890	37.676	27.386
2891	37.892	27.346
2892	38.087	27.312
2893	38.203	27.265
2894	38.307	27.267
2895	38.393	27.307
2896	38.395	27.283
2897	38.381	27.302
2898	38.314	27.312
2899	38.176	27.237
2900	38.018	27.23
2901	37.83	27.238
2902	37.564	27.21
2903	37.344	27.249
2904	37.072	27.264
2905	36.763	27.289
2906	36.433	27.35
2907	36.044	27.324
2908	35.622	27.346
2909	35.204	27.372
2910	34.764	27.444
2911	34.286	27.43
2912	33.796	27.421
2913	33.299	27.431
2914	32.839	27.497
2915	32.369	27.523
2916	31.924	27.62
2917	31.442	27.655
2918	30.973	27.728
2919	30.484	27.727
2920	29.999	27.715
2921	29.552	27.759
2922	29.081	27.78
2923	28.656	27.817
2924	28.238	27.882
2925	27.817	27.905
2926	27.418	27.915
2927	27.063	27.978
2928	26.682	27.992
2929	26.333	27.996
2930	25.993	28.003
2931	25.667	27.972
2932	25.371	27.971
2933	25.105	27.997
2934	24.812	27.969
2935	24.549	27.92
2936	24.325	27.969
2937	24.128	28.051
2938	23.938	28.037
2939	23.731	27.956
2940	23.58	27.993
2941	23.408	27.93
2942	23.269	27.887
2943	23.161	27.882
2944	23.078	27.889
2945	23.015	27.908
2946	22.972	27.925
2947	22.954	27.899
2948	22.946	27.862
2949	22.968	27.883
2950	22.998	27.833
2951	23.055	27.813
2952	23.134	27.765
2953	23.235	27.711
2954	23.363	27.712
2955	23.511	27.691
2956	23.69	27.699
2957	23.891	27.719
2958	24.118	27.715
2959	24.393	27.764
2960	24.653	27.702
2961	24.948	27.683
2962	25.266	27.617
2963	25.606	27.601
2964	25.976	27.598
2965	26.337	27.528
2966	26.772	27.555
2967	27.199	27.528
2968	27.64	27.473
2969	28.094	27.443
2970	28.589	27.418
2971	29.069	27.351
2972	29.574	27.352
2973	30.074	27.338
2974	30.582	27.281
2975	31.128	27.325
2976	31.629	27.254
2977	32.146	27.233
2978	32.668	27.233
2979	33.182	27.21
2980	33.716	27.217
2981	34.207	27.173
2982	34.678	27.144
2983	35.128	27.091
2984	35.539	27.005
2985	35.988	27.053
2986	36.379	27.011
2987	36.764	27.039
2988	37.078	27.02
2989	37.388	27.058
2990	37.663	27.089
2991	37.879	27.066
2992	38.072	27.088
2993	38.24	27.146
2994	38.39	27.213
2995	38.431	27.197
2996	38.493	27.275
2997	38.49	27.282
2998	38.437	27.301
2999	38.376	27.398
3000	38.221	27.389
3001	38.057	27.457
3002	37.864	27.513
3003	37.602	27.547
3004	37.306	27.574
3005	36.959	27.592
3006	36.629	27.645
3007	36.251	27.681
3008	35.873	27.756
3009	35.447	27.815
3010	35.001	27.828
3011	34.521	27.844
3012	34.04	27.885
3013	33.612	27.994
3014	33.111	27.974
3015	32.627	28.005
3016	32.145	28.112
3017	31.636	28.083
3018	31.127	28.067
3019	30.606	28.009
3020	30.117	28.049
3021	29.611	27.991
3022	29.145	28.029
3023	28.687	28.028
3024	28.222	27.976
3025	27.795	28.003
3026	27.413	28.078
3027	26.999	28.081
3028	26.609	28.072
3029	26.234	28.075
3030	25.899	28.102
3031	25.563	28.107
3032	25.246	28.094
3033	24.923	28.061
3034	24.64	27.998
3035	24.391	28.006
3036	24.183	28.102
3037	23.955	28.071
3038	23.732	27.989
3039	23.556	27.996
3040	23.383	27.967
3041	23.225	27.891
3042	23.099	27.895
3043	23.021	27.944
3044	22.948	27.946
3045	22.893	27.919
3046	22.857	27.917
3047	22.833	27.874
3048	22.84	27.862
3049	22.873	27.83
3050	22.92	27.794
3051	22.975	27.774
3052	23.076	27.756
3053	23.206	27.778
3054	23.367	27.789
3055	23.522	27.746
3056	23.711	27.743
3057	23.931	27.757
3058	24.183	27.729
3059	24.435	27.747
3060	24.709	27.717
3061	24.995	27.657
3062	25.336	27.663
3063	25.686	27.666
3064	26.047	27.628
3065	26.44	27.605
3066	26.856	27.575
3067	27.306	27.6
3068	27.723	27.52
3069	28.183	27.523
3070	28.661	27.517
3071	29.147	27.5
3072	29.643	27.484
3073	30.149	27.461
3074	30.679	27.526
3075	31.226	27.566
3076	31.768	27.559
3077	32.31	27.59
3078	32.822	27.564
3079	33.283	27.486
3080	33.781	27.472
3081	34.264	27.421
3082	34.721	27.372
3083	35.167	27.37
3084	35.602	27.357
3085	36.021	27.377
3086	36.407	27.356
3087	36.753	27.337
3088	37.073	27.335
3089	37.379	27.342
3090	37.688	27.424
3091	37.918	27.463
3092	38.107	27.492
3093	38.222	27.473
3094	38.309	27.452
3095	38.409	27.502
3096	38.423	27.512
3097	38.439	27.604
3098	38.386	27.675
3099	38.249	27.614
3100	38.062	27.58
3101	37.826	27.528
3102	37.564	27.471
3103	37.311	27.514
3104	37.06	27.557
3105	36.724	27.55
3106	36.384	27.616
3107	36.048	27.717
3108	35.642	27.753
3109	35.24	27.783
3110	34.781	27.766
3111	34.324	27.774
3112	33.854	27.77
3113	33.373	27.763
3114	32.895	27.774
3115	32.386	27.729
3116	31.893	27.714
3117	31.404	27.689
3118	30.954	27.747
3119	30.504	27.828
3120	30.002	27.801
3121	29.517	27.778
3122	29.041	27.706
3123	28.606	27.729
3124	28.178	27.735
3125	27.757	27.734
3126	27.365	27.747
3127	26.988	27.803
3128	26.608	27.772
3129	26.256	27.787
3130	25.946	27.884
3131	25.625	27.883
3132	25.294	27.819
3133	25.01	27.799
3134	24.752	27.793
3135	24.501	27.814
3136	24.268	27.807
3137	24.043	27.795
3138	23.83	27.768
3139	23.652	27.794
3140	23.493	27.806
3141	23.35	27.789
3142	23.22	27.772
3143	23.114	27.768
3144	23.015	27.691
3145	22.951	27.687
3146	22.92	27.684
3147	22.9	27.679
3148	22.883	27.599
3149	22.901	27.596
3150	22.945	27.587
3151	23.007	27.562
3152	23.087	27.522
3153	23.208	27.509
3154	23.339	27.487
3155	23.475	27.41
3156	23.653	27.388
3157	23.86	27.374
3158	24.1	27.402
3159	24.348	27.4
3160	24.629	27.389
3161	24.928	27.386
3162	25.257	27.374
3163	25.622	27.381
3164	25.984	27.343
3165	26.346	27.29
3166	26.751	27.281
3167	27.174	27.275
3168	27.621	27.276
3169	28.07	27.254
3170	28.544	27.219
3171	29.049	27.252
3172	29.552	27.243
3173	30.083	27.288
3174	30.613	27.309
3175	31.148	27.331
3176	31.671	27.329
3177	32.203	27.319
3178	32.739	27.374
3179	33.251	27.367
3180	33.738	27.333
3181	34.218	27.306
3182	34.737	27.343
3183	35.192	27.319
3184	35.62	27.319
3185	36.047	27.348
3186	36.44	27.32
3187	36.797	27.314
3188	37.101	27.302
3189	37.402	27.322
3190	37.696	27.335
3191	37.969	27.401
3192	38.174	27.424
3193	38.359	27.459
3194	38.486	27.469
3195	38.551	27.458
3196	38.558	27.437
3197	38.535	27.441
3198	38.474	27.489
3199	38.369	27.491
3200	38.22	27.506
3201	38.034	27.51
3202	37.788	27.496
3203	37.494	27.448
3204	37.192	27.48
3205	36.852	27.479
3206	36.505	27.499
3207	36.106	27.502
3208	35.69	27.511
3209	35.265	27.51
3210	34.828	27.54
3211	34.384	27.61
3212	33.923	27.646
3213	33.483	27.729
3214	33.002	27.763
3215	32.498	27.763
3216	31.971	27.767
3217	31.499	27.833
3218	30.993	27.813
3219	30.523	27.899
3220	30.055	28.001
3221	29.569	28.001
3222	29.111	28.029
3223	28.632	27.938
3224	28.206	27.982
3225	27.785	27.973
3226	27.38	28.016
3227	27.001	28.057
3228	26.622	28.059
3229	26.262	28.049
3230	25.967	28.169
3231	25.631	28.177
3232	25.307	28.153
3233	25.021	28.175
3234	24.755	28.187
3235	24.493	28.141
3236	24.25	28.124
3237	24.037	28.153
3238	23.838	28.145
3239	23.655	28.171
3240	23.518	28.274
3241	23.376	28.239
3242	23.232	28.161
3243	23.113	28.136
3244	23.02	28.079
3245	22.948	28.011
3246	22.914	28.038
3247	22.889	28.031
3248	22.9	28.072
3249	22.903	27.988
3250	22.942	27.96
3251	23.007	27.942
3252	23.082	27.925
3253	23.204	27.96
3254	23.368	28.012
3255	23.508	27.895
3256	23.694	27.883
3257	23.903	27.863
3258	24.132	27.839
3259	24.401	27.867
3260	24.681	27.861
3261	24.976	27.811
3262	25.288	27.737
3263	25.63	27.724
3264	25.996	27.647
3265	26.357	27.527
3266	26.787	27.567
3267	27.213	27.554
3268	27.638	27.51
3269	28.103	27.515
3270	28.594	27.547
3271	29.059	27.494
3272	29.556	27.454
3273	30.048	27.407
3274	30.577	27.456
3275	31.083	27.426
3276	31.594	27.389
3277	32.127	27.379
3278	32.648	27.358
3279	33.137	27.312
3280	33.63	27.321
3281	34.118	27.286
3282	34.601	27.284
3283	35.087	27.332
3284	35.499	27.28
3285	35.905	27.264
3286	36.3	27.281
3287	36.676	27.341
3288	37	27.3
3289	37.319	27.33
3290	37.584	27.33
3291	37.796	27.296
3292	38.041	27.36
3293	38.271	27.422
3294	38.393	27.434
3295	38.446	27.388
3296	38.522	27.443
3297	38.506	27.457
3298	38.497	27.515
3299	38.391	27.493
3300	38.262	27.515
3301	38.081	27.528
3302	37.907	27.606
3303	37.659	27.633
3304	37.339	27.611
3305	37.024	27.658
3306	36.672	27.695
3307	36.318	27.754
3308	35.872	27.713
3309	35.449	27.73
3310	35.001	27.728
3311	34.543	27.749
3312	34.098	27.785
3313	33.644	27.897
3314	33.117	27.852
3315	32.649	27.919
3316	32.131	27.889
3317	31.621	27.888
3318	31.106	27.894
3319	30.606	27.917
3320	30.112	27.972
3321	29.634	27.974
3322	29.174	28.036
3323	28.73	28.105
3324	28.287	28.121
3325	27.863	28.161
3326	27.448	28.163
3327	27.027	28.106
3328	26.64	28.115
3329	26.286	28.176
3330	25.942	28.184
3331	25.611	28.194
3332	25.258	28.152
3333	24.971	28.179
3334	24.693	28.195
3335	24.431	28.182
3336	24.198	28.199
3337	23.962	28.182
3338	23.741	28.106
3339	23.554	28.12
3340	23.383	28.109
3341	23.241	28.121
3342	23.107	28.081
3343	23.002	28.057
3344	22.92	28.04
3345	22.874	28.049
3346	22.831	28.023
3347	22.806	27.985
3348	22.802	27.941
3349	22.805	27.875
3350	22.854	27.862
3351	22.939	27.865
3352	23.037	27.88
3353	23.17	27.896
3354	23.311	27.847
3355	23.466	27.809
3356	23.652	27.785
3357	23.89	27.788
3358	24.127	27.738
3359	24.393	27.735
3360	24.675	27.738
3361	24.981	27.732
3362	25.298	27.671
3363	25.644	27.632
3364	26.029	27.625
3365	26.422	27.61
3366	26.836	27.6
3367	27.275	27.642
3368	27.698	27.578
3369	28.162	27.554
3370	28.637	27.495
3371	29.132	27.509
3372	29.643	27.472
3373	30.168	27.462
3374	30.707	27.519
3375	31.221	27.486
3376	31.724	27.469
3377	32.261	27.489
3378	32.75	27.452
3379	33.259	27.459
3380	33.777	27.462
3381	34.27	27.483
3382	34.734	27.452
3383	35.214	27.531
3384	35.635	27.533
3385	36.05	27.527
3386	36.417	27.496
3387	36.788	27.508
3388	37.113	27.504
3389	37.413	27.519
3390	37.675	27.514
3391	37.893	27.507
3392	38.054	27.446
3393	38.211	27.463
3394	38.319	27.49
3395	38.359	27.493
3396	38.388	27.528
3397	38.361	27.56
3398	38.238	27.525
3399	38.131	27.507
3400	37.983	27.511
3401	37.779	27.515
3402	37.523	27.464
3403	37.264	27.482
3404	36.974	27.492
3405	36.631	27.488
3406	36.286	27.472
3407	35.89	27.463
3408	35.479	27.447
3409	35.08	27.459
3410	34.669	27.512
3411	34.241	27.551
3412	33.789	27.592
3413	33.343	27.631
3414	32.901	27.681
3415	32.413	27.671
3416	31.942	27.697
3417	31.463	27.739
3418	31	27.796
3419	30.504	27.775
3420	30.04	27.784
3421	29.572	27.762
3422	29.112	27.735
3423	28.69	27.769
3424	28.289	27.834
3425	27.881	27.868
3426	27.503	27.946
3427	27.132	28.031
3428	26.757	28.012
3429	26.39	28.007
3430	26.069	28.069
3431	25.734	28.075
3432	25.44	28.14
3433	25.147	28.127
3434	24.876	28.139
3435	24.624	28.154
3436	24.37	28.125
3437	24.139	28.091
3438	23.922	28.096
3439	23.712	28.093
3440	23.539	28.118
3441	23.387	28.106
3442	23.247	28.102
3443	23.141	28.118
3444	23.072	28.132
3445	23.004	28.144
3446	22.956	28.17
3447	22.935	28.188
3448	22.947	28.201
3449	22.942	28.128
3450	22.983	28.128
3451	23.038	28.076
3452	23.109	27.999
3453	23.203	27.977
3454	23.343	27.975
3455	23.485	27.906
3456	23.689	27.945
3457	23.87	27.873
3458	24.094	27.837
3459	24.324	27.769
3460	24.594	27.74
3461	24.876	27.704
3462	25.198	27.698
3463	25.546	27.663
3464	25.923	27.631
3465	26.318	27.604
3466	26.716	27.582
3467	27.151	27.551
3468	27.589	27.519
3469	28.025	27.447
3470	28.5	27.416
3471	28.978	27.332
3472	29.487	27.328
3473	29.975	27.268
3474	30.488	27.244
3475	31.023	27.236
3476	31.55	27.215
3477	32.077	27.185
3478	32.625	27.183
3479	33.141	27.169
3480	33.658	27.198
3481	34.132	27.137
3482	34.651	27.137
3483	35.114	27.133
3484	35.574	27.146
3485	35.992	27.119
3486	36.466	27.213
3487	36.826	27.179
3488	37.141	27.157
3489	37.425	27.136
3490	37.706	27.17
3491	37.931	27.176
3492	38.138	27.176
3493	38.275	27.13
3494	38.404	27.174
3495	38.521	27.244
3496	38.572	27.312
3497	38.543	27.297
3498	38.451	27.271
3499	38.371	27.319
3500	38.178	27.283
3501	37.995	27.301
3502	37.772	27.345
3503	37.502	27.34
3504	37.204	27.359
3505	36.878	27.372
3506	36.522	27.426
3507	36.142	27.493
3508	35.727	27.513
3509	35.296	27.57
3510	34.851	27.612
3511	34.357	27.561
3512	33.883	27.559
3513	33.432	27.624
3514	32.954	27.658
3515	32.456	27.652
3516	31.99	27.703
3517	31.508	27.703
3518	31.039	27.783
3519	30.554	27.811
3520	30.045	27.765
3521	29.587	27.8
3522	29.132	27.836
3523	28.707	27.889
3524	28.265	27.908
3525	27.864	27.97
3526	27.456	27.992
3527	27.067	27.979
3528	26.691	28.005
3529	26.333	28.008
3530	25.985	28.003
3531	25.656	27.991
3532	25.342	27.965
3533	25.06	27.96
3534	24.794	27.949
3535	24.541	27.938
3536	24.303	27.955
3537	24.089	28
3538	23.885	27.981
3539	23.706	27.991
3540	23.54	27.973
3541	23.392	27.955
3542	23.262	28.001
3543	23.168	28.036
3544	23.082	28.012
3545	23.035	28.083
3546	22.972	28.017
3547	22.948	28.018
3548	22.928	28.009
3549	22.933	27.97
3550	22.971	27.924
3551	23.031	27.893
3552	23.105	27.849
3553	23.214	27.825
3554	23.345	27.808
3555	23.51	27.791
3556	23.686	27.75
3557	23.888	27.733
3558	24.103	27.69
3559	24.361	27.681
3560	24.618	27.627
3561	24.907	27.599
3562	25.247	27.621
3563	25.588	27.625
3564	25.951	27.611
3565	26.349	27.624
3566	26.775	27.659
3567	27.192	27.606
3568	27.615	27.529
3569	28.068	27.491
3570	28.522	27.404
3571	29.013	27.395
3572	29.498	27.341
3573	30.044	27.372
3574	30.578	27.36
3575	31.093	27.351
3576	31.622	27.333
3577	32.141	27.318
3578	32.666	27.327
3579	33.171	27.296
3580	33.658	27.25
3581	34.137	27.251
3582	34.637	27.284
3583	35.113	27.306
3584	35.541	27.264
3585	35.989	27.3
3586	36.386	27.273
3587	36.721	27.223
3588	37.049	27.211
3589	37.352	27.18
3590	37.596	27.155
3591	37.802	27.093
3592	38.011	27.109
3593	38.16	27.097
3594	38.291	27.13
3595	38.326	27.11
3596	38.371	27.134
3597	38.372	27.168
3598	38.292	27.161
3599	38.211	27.204
3600	38.105	27.27
3601	37.931	27.328
3602	37.727	27.381
3603	37.437	27.326
3604	37.153	27.352
3605	36.849	27.395
3606	36.495	27.354
3607	36.073	27.335
3608	35.686	27.371
3609	35.269	27.406
3610	34.826	27.434
3611	34.397	27.488
3612	33.952	27.542
3613	33.483	27.577
3614	33.029	27.668
3615	32.541	27.682
3616	32.047	27.698
3617	31.529	27.698
3618	31.074	27.762
3619	30.582	27.776
3620	30.14	27.858
3621	29.65	27.861
3622	29.202	27.904
3623	28.749	27.913
3624	28.313	27.918
3625	27.882	27.904
3626	27.451	27.844
3627	27.056	27.845
3628	26.692	27.914
3629	26.325	27.91
3630	25.977	27.941
3631	25.661	28.026
3632	25.374	28.047
3633	25.077	28.025
3634	24.797	28.036
3635	24.539	28.007
3636	24.282	27.963
3637	24.051	27.969
3638	23.844	27.956
3639	23.647	27.914
3640	23.488	27.927
3641	23.358	27.965
3642	23.247	28.014
3643	23.121	27.986
3644	23.034	27.971
3645	22.954	27.94
3646	22.936	27.988
3647	22.9	27.963
3648	22.895	27.933
3649	22.911	27.907
3650	22.948	27.875
3651	23.047	27.924
3652	23.162	27.98
3653	23.27	27.938
3654	23.416	27.946
3655	23.594	27.988
3656	23.781	27.96
3657	23.992	27.992
3658	24.217	27.97
3659	24.474	27.954
3660	24.738	27.902
3661	25.046	27.916
3662	25.366	27.895
3663	25.717	27.889
3664	26.082	27.856
3665	26.466	27.82
3666	26.861	27.776
3667	27.278	27.718
3668	27.72	27.686
3669	28.172	27.688
3670	28.644	27.646
3671	29.09	27.522
3672	29.604	27.505
3673	30.098	27.46
3674	30.601	27.417
3675	31.125	27.455
3676	31.618	27.449
3677	32.1	27.391
3678	32.612	27.389
3679	33.086	27.369
3680	33.537	27.27
3681	34.016	27.247
3682	34.475	27.184
3683	34.915	27.188
3684	35.347	27.152
3685	35.774	27.193
3686	36.161	27.186
3687	36.557	27.225
3688	36.891	27.232
3689	37.158	27.195
3690	37.411	27.168
3691	37.622	27.143
3692	37.83	27.16
3693	37.966	27.18
3694	38.096	27.153
3695	38.184	27.171
3696	38.276	27.282
3697	38.27	27.301
3698	38.272	27.383
3699	38.205	27.448
3700	38.063	27.401
3701	37.938	27.45
3702	37.736	27.434
3703	37.516	27.471
3704	37.279	27.506
3705	36.987	27.529
3706	36.669	27.572
3707	36.284	27.559
3708	35.95	27.637
3709	35.506	27.643
3710	35.077	27.647
3711	34.637	27.7
3712	34.144	27.648
3713	33.639	27.602
3714	33.173	27.647
3715	32.702	27.714
3716	32.212	27.737
3717	31.73	27.773
3718	31.248	27.796
3719	30.76	27.845
3720	30.278	27.889
3721	29.777	27.845
3722	29.305	27.872
3723	28.826	27.835
3724	28.363	27.797
3725	27.925	27.809
3726	27.471	27.739
3727	27.072	27.782
3728	26.672	27.78
3729	26.287	27.77
3730	25.942	27.839
3731	25.604	27.843
3732	25.278	27.841
3733	24.959	27.783
3734	24.699	27.803
3735	24.44	27.809
3736	24.193	27.785
3737	23.977	27.806
3738	23.783	27.832
3739	23.59	27.806
3740	23.421	27.803
3741	23.29	27.834
3742	23.156	27.805
3743	23.061	27.789
3744	22.98	27.771
3745	22.933	27.779
3746	22.907	27.827
3747	22.885	27.793
3748	22.884	27.782
3749	22.928	27.828
3750	22.977	27.818
3751	23.055	27.823
3752	23.164	27.855
3753	23.283	27.834
3754	23.437	27.847
3755	23.596	27.811
3756	23.781	27.821
3757	24.018	27.876
3758	24.249	27.875
3759	24.507	27.874
3760	24.769	27.827
3761	25.059	27.836
3762	25.363	27.779
3763	25.721	27.831
3764	26.088	27.826
3765	26.449	27.747
3766	26.856	27.756
3767	27.267	27.747
3768	27.693	27.735
3769	28.123	27.704
3770	28.553	27.638
3771	29.017	27.561
3772	29.483	27.506
3773	30.003	27.546
3774	30.503	27.521
3775	31.011	27.515
3776	31.494	27.477
3777	31.98	27.405
3778	32.51	27.425
3779	33.006	27.387
3780	33.502	27.342
3781	33.984	27.293
3782	34.437	27.251
3783	34.895	27.243
3784	35.346	27.257
3785	35.788	27.31
3786	36.203	27.299
3787	36.551	27.271
3788	36.848	27.2
3789	37.18	27.217
3790	37.484	27.271
3791	37.692	27.236
3792	37.929	27.231
3793	38.098	27.237
3794	38.266	27.26
3795	38.371	27.266
3796	38.419	27.32
3797	38.441	27.365
3798	38.39	27.326
3799	38.276	27.277
3800	38.163	27.283
3801	38.033	27.328
3802	37.817	27.363
3803	37.563	27.39
3804	37.275	27.41
3805	36.965	27.451
3806	36.619	27.463
3807	36.213	27.443
3808	35.807	27.461
3809	35.371	27.469
3810	34.927	27.454
3811	34.473	27.481
3812	34.048	27.556
3813	33.585	27.583
3814	33.097	27.617
3815	32.609	27.648
3816	32.12	27.667
3817	31.609	27.663
3818	31.099	27.641
3819	30.579	27.629
3820	30.103	27.675
3821	29.634	27.689
3822	29.198	27.764
3823	28.732	27.782
3824	28.285	27.828
3825	27.857	27.868
3826	27.446	27.87
3827	27.055	27.884
3828	26.675	27.884
3829	26.319	27.899
3830	25.97	27.898
3831	25.642	27.934
3832	25.349	28.021
3833	25.06	28.014
3834	24.783	28.017
3835	24.528	28.023
3836	24.289	28.02
3837	24.065	28.03
3838	23.881	28.103
3839	23.695	28.088
3840	23.531	28.08
3841	23.377	28.068
3842	23.254	28.095
3843	23.164	28.141
3844	23.104	28.189
3845	23.031	28.161
3846	22.976	28.113
3847	22.938	28.039
3848	22.939	28.061
3849	22.975	28.082
3850	23.018	28.066
3851	23.077	28.062
3852	23.151	27.994
3853	23.255	27.977
3854	23.381	27.952
3855	23.534	27.913
3856	23.707	27.882
3857	23.9	27.84
3858	24.129	27.845
3859	24.371	27.818
3860	24.641	27.811
3861	24.951	27.776
3862	25.271	27.759
3863	25.589	27.68
3864	25.941	27.622
3865	26.305	27.538
3866	26.713	27.525
3867	27.141	27.521
3868	27.58	27.479
3869	28.013	27.399
3870	28.486	27.383
3871	28.998	27.442
3872	29.497	27.424
3873	30.002	27.361
3874	30.509	27.328
3875	31.019	27.288
3876	31.554	27.286
3877	32.094	27.32
3878	32.608	27.283
3879	33.123	27.273
3880	33.632	27.281
3881	34.143	27.272
3882	34.642	27.256
3883	35.106	27.23
3884	35.563	27.215
3885	35.987	27.209
3886	36.362	27.209
3887	36.725	27.207
3888	37.085	27.216
3889	37.414	27.294
3890	37.694	27.321
3891	37.933	27.319
3892	38.13	27.335
3893	38.256	27.349
3894	38.351	27.343
3895	38.391	27.335
3896	38.382	27.284
3897	38.386	27.347
3898	38.369	27.402
3899	38.269	27.403
3900	38.128	27.431
3901	37.937	27.443
3902	37.708	27.457
3903	37.451	27.461
3904	37.163	27.505
3905	36.825	27.494
3906	36.456	27.503
3907	36.088	27.557
3908	35.688	27.576
3909	35.276	27.621
3910	34.832	27.643
3911	34.383	27.66
3912	33.91	27.647
3913	33.419	27.656
3914	32.958	27.685
3915	32.486	27.734
3916	32.002	27.77
3917	31.51	27.754
3918	31.055	27.808
3919	30.606	27.894
3920	30.166	27.95
3921	29.703	27.949
3922	29.231	27.938
3923	28.758	27.897
3924	28.331	27.948
3925	27.92	27.97
3926	27.511	27.99
3927	27.122	27.999
3928	26.738	28.03
3929	26.384	28.018
3930	26.043	28.036
3931	25.728	28.07
3932	25.411	28.052
3933	25.111	28.049
3934	24.828	28.057
3935	24.568	28.061
3936	24.304	28.049
3937	24.107	28.115
3938	23.891	28.07
3939	23.676	27.979
3940	23.515	27.979
3941	23.365	27.993
3942	23.237	28.01
3943	23.118	27.958
3944	23.033	27.964
3945	22.956	27.934
3946	22.905	27.946
3947	22.881	27.95
3948	22.879	27.993
3949	22.893	27.938
3950	22.933	27.929
3951	22.982	27.854
3952	23.067	27.852
3953	23.189	27.83
3954	23.321	27.837
3955	23.479	27.824
3956	23.654	27.776
3957	23.838	27.716
3958	24.067	27.715
3959	24.311	27.665
3960	24.591	27.648
3961	24.921	27.694
3962	25.219	27.621
3963	25.573	27.61
3964	25.979	27.685
3965	26.367	27.684
3966	26.772	27.622
3967	27.191	27.566
3968	27.634	27.553
3969	28.064	27.497
3970	28.514	27.44
3971	28.999	27.385
3972	29.485	27.329
3973	29.996	27.289
3974	30.516	27.277
3975	31.024	27.239
3976	31.599	27.327
3977	32.135	27.306
3978	32.671	27.316
3979	33.182	27.294
3980	33.698	27.301
3981	34.18	27.27
3982	34.699	27.291
3983	35.168	27.286
3984	35.632	27.328
3985	36.084	27.4
3986	36.455	27.325
3987	36.82	27.342
3988	37.144	27.33
3989	37.39	27.257
3990	37.64	27.233
3991	37.863	27.235
3992	38.051	27.239
3993	38.237	27.286
3994	38.423	27.366
3995	38.495	27.401
3996	38.517	27.421
3997	38.509	27.467
3998	38.428	27.447
3999	38.304	27.442
4000	38.199	27.509
4001	37.976	27.506
4002	37.743	27.535
4003	37.461	27.545
4004	37.174	27.581
4005	36.832	27.576
4006	36.47	27.64
4007	36.089	27.698
4008	35.694	27.739
4009	35.236	27.703
4010	34.749	27.635
4011	34.313	27.695
4012	33.849	27.713
4013	33.404	27.807
4014	32.936	27.841
4015	32.431	27.818
4016	31.947	27.832
4017	31.481	27.885
4018	30.987	27.887
4019	30.48	27.843
4020	30.008	27.852
4021	29.558	27.922
4022	29.131	27.981
4023	28.676	28.015
4024	28.266	28.089
4025	27.822	28.068
4026	27.415	28.042
4027	26.999	28.004
4028	26.619	27.993
4029	26.249	27.978
4030	25.921	28.042
4031	25.606	28.046
4032	25.303	28.042
4033	25.006	28
4034	24.752	28.023
4035	24.52	28.054
4036	24.258	28.001
4037	24.033	27.983
4038	23.825	27.923
4039	23.63	27.933
4040	23.482	27.981
4041	23.347	27.997
4042	23.211	27.978
4043	23.097	27.951
4044	23.008	27.953
4045	22.989	28.041
4046	22.936	27.997
4047	22.887	27.896
4048	22.9	27.891
4049	22.922	27.868
4050	22.993	27.895
4051	23.044	27.836
4052	23.148	27.828
4053	23.268	27.832
4054	23.412	27.819
4055	23.558	27.778
4056	23.726	27.715
4057	23.927	27.695
4058	24.152	27.702
4059	24.407	27.707
4060	24.652	27.623
4061	24.962	27.639
4062	25.286	27.62
4063	25.629	27.624
4064	26.004	27.625
4065	26.394	27.604
4066	26.769	27.56
4067	27.196	27.525
4068	27.636	27.518
4069	28.101	27.492
4070	28.524	27.413
4071	29.04	27.439
4072	29.534	27.421
4073	30.021	27.361
4074	30.518	27.343
4075	31.005	27.299
4076	31.556	27.351
4077	32.073	27.342
4078	32.59	27.352
4079	33.096	27.36
4080	33.618	27.343
4081	34.151	27.393
4082	34.649	27.42
4083	35.105	27.401
4084	35.55	27.395
4085	36.018	27.456
4086	36.408	27.45
4087	36.777	27.455
4088	37.146	27.48
4089	37.464	27.477
4090	37.724	27.483
4091	38.006	27.516
4092	38.22	27.529
4093	38.407	27.547
4094	38.492	27.551
4095	38.594	27.57
4096	38.55	27.504
4097	38.548	27.56
4098	38.509	27.618
4099	38.412	27.633
4100	38.245	27.616
4101	38.061	27.632
4102	37.838	27.646
4103	37.552	27.608
4104	37.236	27.587
4105	36.898	27.622
4106	36.487	27.58
4107	36.087	27.545
4108	35.695	27.57
4109	35.272	27.615
4110	34.804	27.628
4111	34.359	27.672
4112	33.888	27.66
4113	33.398	27.665
4114	32.886	27.634
4115	32.397	27.624
4116	31.91	27.656
4117	31.415	27.693
4118	30.916	27.692
4119	30.457	27.704
4120	29.979	27.711
4121	29.521	27.741
4122	29.067	27.742
4123	28.621	27.761
4124	28.173	27.716
4125	27.787	27.822
4126	27.374	27.782
4127	27.003	27.82
4128	26.651	27.877
4129	26.321	27.936
4130	25.97	27.895
4131	25.677	27.94
4132	25.366	27.949
4133	25.077	28.002
4134	24.82	28.038
4135	24.577	28.028
4136	24.338	28.029
4137	24.143	28.146
4138	23.944	28.172
4139	23.79	28.267
4140	23.636	28.321
4141	23.482	28.338
4142	23.372	28.353
4143	23.255	28.342
4144	23.166	28.355
4145	23.098	28.377
4146	23.057	28.382
4147	23.038	28.371
4148	23.026	28.328
4149	23.062	28.414
4150	23.083	28.325
4151	23.136	28.322
4152	23.205	28.292
4153	23.296	28.231
4154	23.402	28.143
4155	23.555	28.159
4156	23.718	28.134
4157	23.923	28.109
4158	24.153	28.066
4159	24.371	27.963
4160	24.652	28.017
4161	24.954	28.004
4162	25.253	27.916
4163	25.577	27.857
4164	25.916	27.799
4165	26.279	27.721
4166	26.66	27.648
4167	27.059	27.586
4168	27.498	27.567
4169	27.95	27.534
4170	28.42	27.475
4171	28.91	27.491
4172	29.404	27.463
4173	29.911	27.459
4174	30.42	27.395
4175	30.928	27.358
4176	31.438	27.315
4177	31.977	27.321
4178	32.512	27.35
4179	33.067	27.427
4180	33.578	27.392
4181	34.098	27.42
4182	34.57	27.406
4183	35.033	27.371
4184	35.499	27.411
4185	35.913	27.334
4186	36.307	27.299
4187	36.696	27.332
4188	37.065	27.337
4189	37.409	27.331
4190	37.691	27.352
4191	37.933	27.344
4192	38.151	27.375
4193	38.288	27.332
4194	38.4	27.327
4195	38.495	27.356
4196	38.516	27.318
4197	38.526	27.377
4198	38.529	27.447
4199	38.437	27.447
4200	38.29	27.483
4201	38.119	27.529
4202	37.851	27.502
4203	37.61	27.546
4204	37.288	27.514
4205	36.961	27.547
4206	36.64	27.593
4207	36.227	27.581
4208	35.807	27.593
4209	35.371	27.582
4210	34.904	27.636
4211	34.449	27.698
4212	33.971	27.697