1	38.469	27.19
2	38.331	27.093
3	38.194	27.081
4	38.041	27.104
5	37.86	27.157
6	37.646	27.214
7	37.295	27.112
8	36.983	27.119
9	36.648	27.112
10	36.289	27.16
11	35.862	27.134
12	35.451	27.152
13	35.019	27.159
14	34.57	27.198
15	34.122	27.263
16	33.639	27.285
17	33.137	27.271
18	32.667	27.335
19	32.167	27.358
20	31.671	27.367
21	31.184	27.389
22	30.693	27.416
23	30.189	27.385
24	29.704	27.38
25	29.247	27.419
26	28.793	27.418
27	28.381	27.486
28	27.987	27.557
29	27.572	27.529
30	27.176	27.524
31	26.809	27.564
32	26.476	27.631
33	26.142	27.668
34	25.808	27.674
35	25.498	27.658
36	25.215	27.702
37	24.937	27.71
38	24.666	27.678
39	24.41	27.653
40	24.168	27.608
41	23.966	27.638
42	23.795	27.644
43	23.633	27.645
44	23.485	27.654
45	23.358	27.677
46	23.241	27.671
47	23.154	27.671
48	23.081	27.662
49	23.03	27.681
50	22.985	27.634
51	22.978	27.639
52	22.969	27.617
53	22.976	27.552
54	23.023	27.547
55	23.095	27.573
56	23.172	27.495
57	23.281	27.452
58	23.417	27.429
59	23.575	27.407
60	23.759	27.429
61	23.949	27.364
62	24.174	27.329
63	24.439	27.38
64	24.736	27.385
65	25.052	27.386
66	25.384	27.35
67	25.731	27.353
68	26.09	27.345
69	26.484	27.319
70	26.871	27.238
71	27.305	27.247
72	27.735	27.178
73	28.216	27.199
74	28.695	27.166
75	29.187	27.152
76	29.678	27.12
77	30.209	27.107
78	30.728	27.094
79	31.248	27.1
80	31.776	27.08
81	32.267	27.021
82	32.76	27.026
83	33.273	26.988
84	33.792	26.989
85	34.285	26.947
86	34.777	26.957
87	35.219	26.931
88	35.669	26.903
89	36.089	26.891
90	36.483	26.92
91	36.835	26.908
92	37.17	26.903
93	37.479	26.907
94	37.742	26.924
95	37.991	26.948
96	38.188	26.947
97	38.347	26.982
98	38.426	26.95
99	38.481	26.947
100	38.531	27.007
101	38.508	27.038
102	38.422	27.03
103	38.292	27.012
104	38.137	26.995
105	37.937	26.993
106	37.719	27.015
107	37.465	27.017
108	37.156	27.043
109	36.802	27.061
110	36.439	27.08
111	36.066	27.127
112	35.647	27.156
113	35.195	27.177
114	34.741	27.19
115	34.268	27.191
116	33.785	27.224
117	33.295	27.239
118	32.772	27.174
119	32.279	27.178
120	31.793	27.24
121	31.26	27.245
122	30.763	27.282
123	30.31	27.388
124	29.855	27.429
125	29.371	27.404
126	28.937	27.443
127	28.493	27.475
128	28.071	27.496
129	27.651	27.538
130	27.25	27.536
131	26.854	27.525
132	26.502	27.562
133	26.149	27.584
134	25.818	27.593
135	25.49	27.573
136	25.187	27.544
137	24.925	27.591
138	24.661	27.562
139	24.395	27.531
140	24.178	27.544
141	23.976	27.536
142	23.786	27.549
143	23.637	27.639
144	23.504	27.683
145	23.363	27.627
146	23.264	27.625
147	23.164	27.579
148	23.085	27.537
149	23.008	27.5
150	22.974	27.495
151	22.94	27.429
152	22.942	27.395
153	22.974	27.447
154	23.017	27.409
155	23.084	27.4
156	23.193	27.436
157	23.314	27.446
158	23.45	27.408
159	23.597	27.357
160	23.778	27.348
161	23.968	27.31
162	24.183	27.248
163	24.439	27.237
164	24.742	27.279
165	25.031	27.209
166	25.351	27.176
167	25.698	27.149
168	26.042	27.104
169	26.406	27.033
170	26.821	27.053
171	27.246	27.039
172	27.685	27.039
173	28.129	26.979
174	28.608	26.954
175	29.094	26.903
176	29.61	26.914
177	30.131	26.904
178	30.619	26.848
179	31.184	26.906
180	31.719	26.908
181	32.272	26.946
182	32.795	26.938
183	33.295	26.898
184	33.824	26.901
185	34.328	26.876
186	34.829	26.91
187	35.297	26.898
188	35.763	26.92
189	36.19	26.914
190	36.58	26.927
191	36.943	26.921
192	37.251	26.922
193	37.54	26.898
194	37.79	26.884
195	38.053	26.927
196	38.263	26.942
197	38.448	26.962
198	38.592	27.067
199	38.642	27.054
200	38.646	27.109
201	38.589	27.107
202	38.504	27.116
203	38.381	27.119
204	38.163	27.072
205	37.943	27.06
206	37.66	27.04
207	37.335	26.982
208	37.058	27.059
209	36.708	27.092
210	36.323	27.106
211	35.91	27.124
212	35.549	27.232
213	35.074	27.199
214	34.61	27.234
215	34.145	27.26
216	33.661	27.276
217	33.184	27.267
218	32.698	27.267
219	32.217	27.326
220	31.7	27.311
221	31.183	27.326
222	30.682	27.323
223	30.182	27.258
224	29.713	27.3
225	29.23	27.264
226	28.765	27.268
227	28.323	27.31
228	27.921	27.332
229	27.53	27.359
230	27.154	27.402
231	26.781	27.389
232	26.454	27.461
233	26.102	27.444
234	25.803	27.502
235	25.519	27.608
236	25.244	27.59
237	24.943	27.52
238	24.703	27.557
239	24.448	27.48
240	24.222	27.458
241	24.032	27.499
242	23.858	27.53
243	23.7	27.564
244	23.542	27.541
245	23.387	27.459
246	23.277	27.446
247	23.197	27.472
248	23.136	27.525
249	23.067	27.489
250	23.058	27.515
251	23.057	27.512
252	23.082	27.55
253	23.092	27.502
254	23.141	27.52
255	23.204	27.516
256	23.291	27.506
257	23.402	27.506
258	23.538	27.504
259	23.684	27.43
260	23.847	27.323
261	24.055	27.352
262	24.281	27.332
263	24.523	27.32
264	24.793	27.315
265	25.101	27.346
266	25.405	27.294
267	25.744	27.308
268	26.091	27.238
269	26.485	27.225
270	26.899	27.244
271	27.312	27.177
272	27.734	27.135
273	28.179	27.077
274	28.672	27.083
275	29.141	27.044
276	29.661	27.11
277	30.15	27.036
278	30.684	27.033
279	31.17	26.94
280	31.711	26.965
281	32.27	27.015
282	32.773	26.967
283	33.283	26.953
284	33.776	26.961
285	34.271	26.952
286	34.714	26.889
287	35.206	26.94
288	35.638	26.913
289	36.076	26.935
290	36.446	26.909
291	36.831	26.955
292	37.197	26.963
293	37.52	26.999
294	37.761	27
295	38.001	27.011
296	38.249	27.129
297	38.405	27.136
298	38.505	27.128
299	38.56	27.145
300	38.575	27.152
301	38.512	27.082
302	38.453	27.135
303	38.314	27.151
304	38.163	27.199
305	37.894	27.109
306	37.62	27.085
307	37.353	27.113
308	37.022	27.099
309	36.7	27.132
310	36.309	27.14
311	35.94	27.18
312	35.485	27.165
313	35.071	27.206
314	34.625	27.235
315	34.188	27.306
316	33.695	27.272
317	33.179	27.24
318	32.687	27.279
319	32.204	27.274
320	31.704	27.262
321	31.186	27.191
322	30.735	27.269
323	30.277	27.336
324	29.813	27.33
325	29.38	27.412
326	28.943	27.459
327	28.497	27.442
328	28.099	27.482
329	27.682	27.484
330	27.307	27.512
331	26.928	27.509
332	26.563	27.497
333	26.228	27.521
334	25.899	27.526
335	25.613	27.59
336	25.32	27.613
337	25.047	27.605
338	24.784	27.616
339	24.544	27.64
340	24.315	27.599
341	24.124	27.668
342	23.918	27.636
343	23.732	27.589
344	23.582	27.616
345	23.439	27.613
346	23.314	27.606
347	23.188	27.528
348	23.089	27.482
349	23.026	27.499
350	22.983	27.484
351	22.961	27.457
352	22.958	27.433
353	22.994	27.469
354	23.058	27.46
355	23.128	27.476
356	23.216	27.47
357	23.332	27.502
358	23.483	27.543
359	23.633	27.5
360	23.807	27.464
361	24.011	27.439
362	24.265	27.503
363	24.525	27.523
364	24.797	27.475
365	25.116	27.516
366	25.426	27.501
367	25.775	27.525
368	26.147	27.517
369	26.536	27.521
370	26.954	27.531
371	27.401	27.562
372	27.836	27.523
373	28.325	27.546
374	28.798	27.541
375	29.273	27.507
376	29.767	27.477
377	30.276	27.457
378	30.75	27.361
379	31.238	27.342
380	31.739	27.294
381	32.257	27.274
382	32.778	27.269
383	33.286	27.244
384	33.781	27.243
385	34.261	27.229
386	34.734	27.222
387	35.151	27.132
388	35.582	27.069
389	35.999	27.074
390	36.345	27.003
391	36.706	26.946
392	37.042	26.92
393	37.346	26.915
394	37.6	26.896
395	37.817	26.905
396	37.966	26.875
397	38.162	26.947
398	38.218	26.888
399	38.297	26.899
400	38.284	26.853
401	38.252	26.832
402	38.174	26.841
403	38.103	26.86
404	37.989	26.891
405	37.824	26.923
406	37.601	26.93
407	37.352	26.949
408	37.026	26.935
409	36.706	26.944
410	36.357	26.959
411	35.99	26.994
412	35.591	27.016
413	35.169	27.073
414	34.739	27.106
415	34.297	27.139
416	33.83	27.177
417	33.378	27.245
418	32.886	27.258
419	32.395	27.243
420	31.919	27.251
421	31.45	27.275
422	30.953	27.279
423	30.472	27.316
424	29.983	27.308
425	29.562	27.419
426	29.109	27.466
427	28.674	27.475
428	28.239	27.539
429	27.816	27.54
430	27.414	27.581
431	27.014	27.576
432	26.632	27.558
433	26.286	27.573
434	25.965	27.616
435	25.647	27.618
436	25.341	27.609
437	25.049	27.601
438	24.762	27.551
439	24.498	27.55
440	24.275	27.616
441	24.047	27.582
442	23.859	27.618
443	23.685	27.626
444	23.524	27.625
445	23.381	27.639
446	23.259	27.632
447	23.148	27.605
448	23.089	27.66
449	23.034	27.669
450	22.983	27.618
451	22.962	27.613
452	22.98	27.655
453	23.002	27.615
454	23.059	27.608
455	23.141	27.612
456	23.241	27.625
457	23.348	27.571
458	23.489	27.546
459	23.634	27.529
460	23.815	27.509
461	24.02	27.521
462	24.266	27.582
463	24.532	27.603
464	24.821	27.608
465	25.115	27.556
466	25.432	27.522
467	25.734	27.404
468	26.096	27.388
469	26.498	27.426
470	26.914	27.439
471	27.345	27.445
472	27.805	27.448
473	28.242	27.363
474	28.725	27.331
475	29.2	27.286
476	29.704	27.247
477	30.193	27.189
478	30.707	27.154
479	31.213	27.136
480	31.741	27.163
481	32.265	27.136
482	32.785	27.138
483	33.267	27.104
484	33.77	27.062
485	34.256	27.056
486	34.72	26.985
487	35.154	26.886
488	35.592	26.857
489	36.001	26.848
490	36.394	26.846
491	36.782	26.866
492	37.137	26.881
493	37.442	26.882
494	37.694	26.875
495	37.925	26.861
496	38.138	26.881
497	38.283	26.889
498	38.391	26.903
499	38.454	26.927
500	38.488	26.942
501	38.466	26.986
502	38.421	27.031
503	38.287	27.033
504	38.139	27.062
505	37.896	26.969
506	37.666	26.997
507	37.398	27.031
508	37.13	27.093
509	36.787	27.095
510	36.428	27.12
511	36.044	27.163
512	35.65	27.262
513	35.216	27.287
514	34.725	27.257
515	34.24	27.235
516	33.754	27.235
517	33.27	27.251
518	32.801	27.308
519	32.292	27.288
520	31.779	27.298
521	31.253	27.262
522	30.753	27.249
523	30.244	27.248
524	29.749	27.221
525	29.272	27.229
526	28.825	27.233
527	28.375	27.237
528	27.958	27.239
529	27.556	27.273
530	27.167	27.331
531	26.789	27.337
532	26.448	27.402
533	26.109	27.43
534	25.783	27.459
535	25.478	27.487
536	25.208	27.554
537	24.924	27.499
538	24.665	27.501
539	24.443	27.512
540	24.219	27.49
541	24.013	27.523
542	23.831	27.535
543	23.648	27.497
544	23.526	27.575
545	23.393	27.551
546	23.28	27.545
547	23.192	27.579
548	23.135	27.593
549	23.088	27.616
550	23.059	27.642
551	23.036	27.62
552	23.035	27.575
553	23.057	27.575
554	23.107	27.555
555	23.175	27.547
556	23.262	27.534
557	23.343	27.47
558	23.493	27.473
559	23.637	27.426
560	23.814	27.394
561	24.009	27.358
562	24.225	27.362
563	24.457	27.336
564	24.726	27.325
565	25.03	27.361
566	25.353	27.338
567	25.701	27.358
568	26.075	27.382
569	26.442	27.339
570	26.847	27.324
571	27.269	27.315
572	27.681	27.253
573	28.132	27.217
574	28.618	27.232
575	29.099	27.201
576	29.604	27.209
577	30.114	27.203
578	30.643	27.204
579	31.146	27.167
580	31.67	27.124
581	32.188	27.094
582	32.738	27.086
583	33.211	27.006
584	33.735	27.012
585	34.24	27.031
586	34.702	26.988
587	35.205	27.007
588	35.675	27.002
589	36.102	26.985
590	36.494	26.965
591	36.861	26.981
592	37.176	26.94
593	37.457	26.889
594	37.727	26.877
595	37.951	26.865
596	38.162	26.906
597	38.331	26.905
598	38.463	26.945
599	38.518	26.935
600	38.58	26.986
601	38.565	26.989
602	38.488	26.993
603	38.337	27.005
604	38.188	27.017
605	37.988	27.035
606	37.76	27.083
607	37.474	27.076
608	37.182	27.127
609	36.857	27.188
610	36.513	27.224
611	36.102	27.233
612	35.667	27.238
613	35.271	27.31
614	34.822	27.366
615	34.35	27.355
616	33.873	27.362
617	33.416	27.453
618	32.933	27.518
619	32.415	27.511
620	31.92	27.548
621	31.414	27.568
622	30.925	27.618
623	30.43	27.655
624	29.975	27.729
625	29.487	27.717
626	29.02	27.784
627	28.567	27.806
628	28.147	27.823
629	27.737	27.883
630	27.333	27.906
631	26.921	27.875
632	26.55	27.894
633	26.212	27.937
634	25.872	27.945
635	25.555	27.983
636	25.261	27.991
637	24.98	28.012
638	24.695	27.966
639	24.431	27.929
640	24.207	27.993
641	24.015	28.046
642	23.806	27.965
643	23.619	27.911
644	23.471	27.903
645	23.33	27.911
646	23.211	27.863
647	23.12	27.86
648	23.037	27.813
649	22.95	27.706
650	22.918	27.715
651	22.898	27.651
652	22.912	27.658
653	22.932	27.651
654	22.972	27.579
655	23.043	27.573
656	23.153	27.562
657	23.27	27.548
658	23.391	27.475
659	23.552	27.437
660	23.72	27.357
661	23.94	27.4
662	24.161	27.323
663	24.422	27.328
664	24.718	27.329
665	25.026	27.312
666	25.329	27.245
667	25.672	27.229
668	26.067	27.243
669	26.442	27.204
670	26.854	27.156
671	27.284	27.151
672	27.728	27.119
673	28.201	27.117
674	28.683	27.111
675	29.164	27.064
676	29.641	27.01
677	30.155	26.971
678	30.696	26.961
679	31.253	27.031
680	31.777	27.009
681	32.303	27.013
682	32.825	26.997
683	33.346	26.996
684	33.859	26.977
685	34.335	26.968
686	34.786	26.883
687	35.252	26.904
688	35.685	26.884
689	36.103	26.899
690	36.491	26.866
691	36.854	26.861
692	37.222	26.913
693	37.492	26.935
694	37.782	26.965
695	38.013	26.962
696	38.165	26.926
697	38.287	26.925
698	38.368	26.901
699	38.418	26.938
700	38.417	26.94
701	38.452	27.033
702	38.34	27.023
703	38.199	27.046
704	37.977	26.998
705	37.765	26.982
706	37.57	27.062
707	37.302	27.073
708	36.997	27.126
709	36.66	27.16
710	36.315	27.176
711	35.911	27.197
712	35.499	27.213
713	35.072	27.258
714	34.624	27.239
715	34.153	27.257
716	33.69	27.314
717	33.165	27.264
718	32.681	27.284
719	32.207	27.316
720	31.713	27.328
721	31.251	27.379
722	30.81	27.478
723	30.344	27.551
724	29.886	27.564
725	29.439	27.584
726	28.965	27.543
727	28.559	27.592
728	28.144	27.619
729	27.747	27.637
730	27.358	27.689
731	26.961	27.637
732	26.585	27.641
733	26.226	27.611
734	25.912	27.664
735	25.579	27.646
736	25.287	27.7
737	24.995	27.671
738	24.72	27.64
739	24.472	27.645
740	24.266	27.709
741	24.07	27.722
742	23.885	27.742
743	23.702	27.667
744	23.529	27.64
745	23.378	27.627
746	23.278	27.699
747	23.154	27.624
748	23.067	27.584
749	23.008	27.57
750	22.958	27.549
751	22.939	27.525
752	22.935	27.507
753	22.957	27.463
754	23.015	27.523
755	23.096	27.527
756	23.182	27.538
757	23.32	27.586
758	23.461	27.563
759	23.599	27.479
760	23.789	27.461
761	24.01	27.436
762	24.264	27.512
763	24.524	27.506
764	24.816	27.575
765	25.088	27.485
766	25.38	27.386
767	25.726	27.385
768	26.093	27.372
769	26.477	27.346
770	26.908	27.358
771	27.322	27.28
772	27.764	27.242
773	28.245	27.292
774	28.718	27.273
775	29.206	27.248
776	29.708	27.239
777	30.224	27.258
778	30.743	27.236
779	31.269	27.205
780	31.783	27.156
781	32.306	27.112
782	32.796	27.051
783	33.313	27.057
784	33.861	27.112
785	34.353	27.098
786	34.836	27.082
787	35.278	27.023
788	35.71	27.036
789	36.079	26.961
790	36.49	27.022
791	36.852	27.029
792	37.189	27.018
793	37.489	27.035
794	37.737	27.039
795	37.924	27.042
796	38.083	27.037
797	38.234	27.065
798	38.299	26.987
799	38.319	26.953
800	38.305	26.938
801	38.292	26.973
802	38.173	26.957
803	38.046	26.96
804	37.885	26.948
805	37.722	27.039
806	37.475	27.041
807	37.198	27.069
808	36.896	27.097
809	36.537	27.097
810	36.197	27.143
811	35.807	27.211
812	35.4	27.211
813	34.97	27.194
814	34.552	27.22
815	34.116	27.238
816	33.662	27.269
817	33.19	27.283
818	32.711	27.294
819	32.241	27.321
820	31.764	27.324
821	31.303	27.378
822	30.824	27.403
823	30.356	27.437
824	29.91	27.489
825	29.484	27.571
826	29.027	27.565
827	28.612	27.575
828	28.195	27.612
829	27.761	27.572
830	27.337	27.52
831	26.963	27.537
832	26.626	27.576
833	26.277	27.574
834	25.96	27.616
835	25.658	27.677
836	25.352	27.613
837	25.059	27.636
838	24.797	27.624
839	24.541	27.606
840	24.277	27.527
841	24.055	27.522
842	23.863	27.524
843	23.686	27.563
844	23.53	27.545
845	23.412	27.57
846	23.3	27.601
847	23.2	27.571
848	23.113	27.548
849	23.051	27.559
850	23	27.524
851	22.973	27.505
852	22.97	27.501
853	22.987	27.472
854	23.032	27.481
855	23.103	27.443
856	23.175	27.417
857	23.271	27.375
858	23.41	27.388
859	23.556	27.319
860	23.722	27.238
861	23.93	27.236
862	24.176	27.223
863	24.43	27.237
864	24.708	27.217
865	25.026	27.211
866	25.351	27.189
867	25.692	27.19
868	26.062	27.136
869	26.463	27.155
870	26.857	27.118
871	27.273	27.051
872	27.722	27.075
873	28.207	27.102
874	28.701	27.093
875	29.223	27.118
876	29.742	27.148
877	30.275	27.164
878	30.814	27.19
879	31.324	27.164
880	31.871	27.187
881	32.429	27.204
882	32.929	27.145
883	33.454	27.105
884	33.945	27.08
885	34.44	27.068
886	34.934	27.066
887	35.387	27.047
888	35.8	27.009
889	36.21	27.031
890	36.609	27.054
891	36.974	27.06
892	37.305	27.063
893	37.607	27.102
894	37.836	27.052
895	38.072	27.075
896	38.218	27.078
897	38.341	27.047
898	38.409	27.045
899	38.444	27.033
900	38.408	27.002
901	38.362	26.981
902	38.275	26.974
903	38.127	26.96
904	37.977	26.978
905	37.734	26.973
906	37.486	26.993
907	37.246	27.043
908	36.907	27.049
909	36.567	27.058
910	36.192	27.071
911	35.794	27.11
912	35.399	27.15
913	35.03	27.256
914	34.582	27.239
915	34.106	27.218
916	33.614	27.239
917	33.137	27.231
918	32.638	27.196
919	32.172	27.277
920	31.683	27.299
921	31.218	27.352
922	30.744	27.401
923	30.251	27.388
924	29.774	27.39
925	29.332	27.421
926	28.874	27.414
927	28.428	27.411
928	28.046	27.472
929	27.66	27.522
930	27.272	27.516
931	26.891	27.508
932	26.532	27.527
933	26.199	27.542
934	25.859	27.528
935	25.561	27.55
936	25.262	27.544
937	24.988	27.578
938	24.716	27.542
939	24.472	27.543
940	24.259	27.603
941	24.07	27.618
942	23.885	27.66
943	23.716	27.681
944	23.547	27.649
945	23.402	27.625
946	23.285	27.6
947	23.173	27.525
948	23.109	27.512
949	23.064	27.553
950	23.025	27.55
951	23.028	27.604
952	23.055	27.673
953	23.065	27.687
954	23.103	27.637
955	23.182	27.68
956	23.267	27.63
957	23.373	27.618
958	23.515	27.621
959	23.696	27.658
960	23.874	27.631
961	24.072	27.576
962	24.289	27.501
963	24.541	27.501
964	24.822	27.511
965	25.111	27.458
966	25.436	27.463
967	25.768	27.396
968	26.137	27.415
969	26.535	27.418
970	26.963	27.452
971	27.374	27.402
972	27.831	27.434
973	28.284	27.445
974	28.757	27.4
975	29.242	27.389
976	29.721	27.332
977	30.207	27.271
978	30.715	27.217
979	31.231	27.215
980	31.746	27.166
981	32.274	27.18
982	32.793	27.137
983	33.3	27.123
984	33.802	27.131
985	34.286	27.142
986	34.78	27.175
987	35.246	27.181
988	35.672	27.124
989	36.1	27.124
990	36.505	27.128
991	36.851	27.074
992	37.199	27.091
993	37.495	27.065
994	37.764	27.08
995	37.975	27.06
996	38.167	27.074
997	38.317	27.057
998	38.404	27.047
999	38.421	27.023
1000	38.424	26.985
1001	38.398	26.99
1002	38.311	26.97
1003	38.182	26.931
1004	38.016	26.901
1005	37.812	26.905
1006	37.584	26.933
1007	37.336	27.026
1008	37.04	27.046
1009	36.718	27.084
1010	36.348	27.08
1011	35.932	27.048
1012	35.506	27.064
1013	35.08	27.091
1014	34.615	27.109
1015	34.108	27.094
1016	33.648	27.166
1017	33.164	27.186
1018	32.7	27.223
1019	32.195	27.226
1020	31.698	27.227
1021	31.233	27.272
1022	30.745	27.281
1023	30.285	27.287
1024	29.844	27.342
1025	29.387	27.377
1026	28.938	27.394
1027	28.521	27.454
1028	28.094	27.49
1029	27.705	27.569
1030	27.309	27.613
1031	26.93	27.632
1032	26.557	27.613
1033	26.199	27.615
1034	25.852	27.563
1035	25.543	27.591
1036	25.262	27.622
1037	24.988	27.634
1038	24.707	27.596
1039	24.461	27.576
1040	24.266	27.619
1041	24.039	27.55
1042	23.848	27.537
1043	23.667	27.524
1044	23.514	27.524
1045	23.376	27.513
1046	23.244	27.426
1047	23.155	27.483
1048	23.083	27.499
1049	23.016	27.486
1050	22.978	27.488
1051	22.977	27.519
1052	22.972	27.472
1053	22.994	27.484
1054	23.028	27.441
1055	23.092	27.4
1056	23.166	27.342
1057	23.27	27.292
1058	23.41	27.288
1059	23.571	27.272
1060	23.752	27.24
1061	23.966	27.24
1062	24.196	27.233
1063	24.457	27.261
1064	24.727	27.249
1065	25.025	27.251
1066	25.365	27.26
1067	25.706	27.256
1068	26.062	27.213
1069	26.453	27.165
1070	26.859	27.134
1071	27.284	27.171
1072	27.751	27.181
1073	28.235	27.212
1074	28.721	27.202
1075	29.213	27.19
1076	29.689	27.127
1077	30.203	27.116
1078	30.729	27.068
1079	31.28	27.117
1080	31.83	27.125
1081	32.406	27.199
1082	32.935	27.191
1083	33.444	27.154
1084	33.939	27.123
1085	34.437	27.098
1086	34.919	27.114
1087	35.391	27.116
1088	35.841	27.103
1089	36.268	27.096
1090	36.657	27.059
1091	37.005	27.042
1092	37.341	27.047
1093	37.633	27.048
1094	37.896	27.043
1095	38.119	27.084
1096	38.312	27.076
1097	38.379	26.986
1098	38.441	26.969
1099	38.488	26.982
1100	38.485	26.967
1101	38.445	26.98
1102	38.365	27.019
1103	38.203	27.012
1104	38.025	27
1105	37.781	26.982
1106	37.491	26.948
1107	37.221	26.963
1108	36.922	27.004
1109	36.581	27.025
1110	36.207	27.053
1111	35.804	27.039
1112	35.371	27.065
1113	34.948	27.099
1114	34.506	27.126
1115	34.05	27.154
1116	33.585	27.194
1117	33.14	27.265
1118	32.656	27.281
1119	32.176	27.321
1120	31.697	27.366
1121	31.211	27.397
1122	30.757	27.478
1123	30.303	27.496
1124	29.848	27.525
1125	29.4	27.585
1126	28.966	27.633
1127	28.519	27.601
1128	28.134	27.67
1129	27.707	27.659
1130	27.334	27.718
1131	26.954	27.739
1132	26.592	27.776
1133	26.237	27.762
1134	25.927	27.822
1135	25.611	27.809
1136	25.316	27.82
1137	25.051	27.82
1138	24.796	27.859
1139	24.574	27.909
1140	24.344	27.945
1141	24.133	27.969
1142	23.926	27.927
1143	23.763	27.926
1144	23.598	27.924
1145	23.464	27.904
1146	23.345	27.859
1147	23.236	27.811
1148	23.129	27.797
1149	23.052	27.765
1150	23.007	27.748
1151	22.987	27.748
1152	22.985	27.741
1153	22.993	27.695
1154	23.05	27.695
1155	23.1	27.621
1156	23.184	27.585
1157	23.309	27.6
1158	23.441	27.581
1159	23.614	27.591
1160	23.815	27.65
1161	24.017	27.628
1162	24.241	27.587
1163	24.481	27.531
1164	24.735	27.479
1165	25.024	27.418
1166	25.346	27.389
1167	25.679	27.347
1168	26.026	27.322
1169	26.41	27.275
1170	26.822	27.246
1171	27.255	27.289
1172	27.706	27.304
1173	28.204	27.316
1174	28.683	27.29
1175	29.175	27.243
1176	29.66	27.189
1177	30.181	27.167
1178	30.705	27.165
1179	31.219	27.153
1180	31.76	27.188
1181	32.305	27.18
1182	32.806	27.115
1183	33.321	27.106
1184	33.783	27.044
1185	34.263	27.024
1186	34.748	27.034
1187	35.225	27.046
1188	35.69	27.058
1189	36.112	27.036
1190	36.498	27.01
1191	36.86	27.002
1192	37.163	26.971
1193	37.486	26.995
1194	37.761	27.012
1195	37.982	27.007
1196	38.129	26.971
1197	38.292	26.97
1198	38.344	26.931
1199	38.416	26.963
1200	38.43	26.994
1201	38.421	27.033
1202	38.363	27.094
1203	38.291	27.137
1204	38.122	27.139
1205	37.892	27.089
1206	37.682	27.135
1207	37.372	27.121
1208	37.07	27.137
1209	36.751	27.166
1210	36.388	27.162
1211	35.983	27.148
1212	35.561	27.193
1213	35.117	27.196
1214	34.649	27.231
1215	34.219	27.337
1216	33.74	27.344
1217	33.276	27.375
1218	32.774	27.372
1219	32.284	27.416
1220	31.785	27.453
1221	31.328	27.512
1222	30.828	27.51
1223	30.348	27.499
1224	29.88	27.518
1225	29.408	27.516
1226	28.946	27.499
1227	28.497	27.47
1228	28.039	27.433
1229	27.629	27.468
1230	27.256	27.53
1231	26.875	27.556
1232	26.537	27.609
1233	26.194	27.602
1234	25.851	27.577
1235	25.526	27.564
1236	25.255	27.619
1237	24.981	27.611
1238	24.717	27.605
1239	24.483	27.605
1240	24.246	27.535
1241	24.027	27.513
1242	23.844	27.548
1243	23.702	27.618
1244	23.541	27.578
1245	23.402	27.538
1246	23.26	27.467
1247	23.181	27.513
1248	23.112	27.537
1249	23.033	27.483
1250	22.997	27.481
1251	22.993	27.525
1252	22.992	27.509
1253	23.031	27.54
1254	23.079	27.529
1255	23.131	27.482
1256	23.21	27.448
1257	23.321	27.42
1258	23.458	27.424
1259	23.623	27.43
1260	23.786	27.38
1261	23.965	27.327
1262	24.181	27.275
1263	24.434	27.266
1264	24.707	27.281
1265	25.006	27.27
1266	25.34	27.283
1267	25.663	27.235
1268	26.029	27.227
1269	26.428	27.255
1270	26.835	27.245
1271	27.273	27.238
1272	27.688	27.167
1273	28.138	27.141
1274	28.636	27.173
1275	29.118	27.13
1276	29.614	27.099
1277	30.129	27.103
1278	30.634	27.06
1279	31.146	27.001
1280	31.692	27.017
1281	32.244	27.047
1282	32.804	27.096
1283	33.353	27.128
1284	33.876	27.126
1285	34.39	27.148
1286	34.867	27.162
1287	35.353	27.173
1288	35.792	27.168
1289	36.192	27.098
1290	36.595	27.141
1291	36.976	27.144
1292	37.338	27.154
1293	37.626	27.135
1294	37.875	27.096
1295	38.095	27.092
1296	38.277	27.105
1297	38.419	27.1
1298	38.528	27.119
1299	38.544	27.067
1300	38.558	27.079
1301	38.513	27.079
1302	38.437	27.086
1303	38.307	27.093
1304	38.133	27.083
1305	37.939	27.117
1306	37.688	27.117
1307	37.325	27.027
1308	36.981	27.039
1309	36.63	27.054
1310	36.288	27.095
1311	35.929	27.116
1312	35.502	27.154
1313	35.102	27.217
1314	34.662	27.262
1315	34.182	27.23
1316	33.69	27.253
1317	33.209	27.278
1318	32.692	27.249
1319	32.211	27.296
1320	31.731	27.316
1321	31.238	27.321
1322	30.757	27.358
1323	30.28	27.412
1324	29.811	27.474
1325	29.354	27.514
1326	28.926	27.55
1327	28.484	27.563
1328	28.076	27.65
1329	27.691	27.723
1330	27.292	27.717
1331	26.87	27.656
1332	26.544	27.784
1333	26.18	27.744
1334	25.848	27.729
1335	25.533	27.705
1336	25.216	27.696
1337	24.943	27.721
1338	24.668	27.681
1339	24.427	27.687
1340	24.19	27.663
1341	23.985	27.653
1342	23.786	27.624
1343	23.618	27.624
1344	23.465	27.599
1345	23.324	27.598
1346	23.22	27.615
1347	23.125	27.624
1348	23.026	27.539
1349	22.981	27.533
1350	22.945	27.526
1351	22.918	27.469
1352	22.917	27.465
1353	22.931	27.372
1354	22.974	27.353
1355	23.035	27.337
1356	23.169	27.418
1357	23.282	27.374
1358	23.434	27.38
1359	23.592	27.376
1360	23.778	27.359
1361	24.001	27.328
1362	24.227	27.278
1363	24.476	27.3
1364	24.763	27.32
1365	25.078	27.316
1366	25.404	27.288
1367	25.758	27.29
1368	26.151	27.344
1369	26.557	27.376
1370	26.965	27.374
1371	27.385	27.354
1372	27.824	27.333
1373	28.319	27.36
1374	28.808	27.356
1375	29.312	27.395
1376	29.802	27.366
1377	30.308	27.307
1378	30.828	27.313
1379	31.348	27.305
1380	31.883	27.322
1381	32.38	27.261
1382	32.895	27.253
1383	33.404	27.247
1384	33.913	27.244
1385	34.41	27.266
1386	34.874	27.237
1387	35.303	27.208
1388	35.732	27.146
1389	36.133	27.102
1390	36.529	27.145
1391	36.895	27.157
1392	37.199	27.136
1393	37.433	27.067
1394	37.649	27.026
1395	37.878	27.025
1396	38.072	27.029
1397	38.188	27.005
1398	38.268	27.027
1399	38.3	27.04
1400	38.278	27.012
1401	38.233	27.039
1402	38.164	27.114
1403	38.029	27.103
1404	37.828	27.09
1405	37.644	27.125
1406	37.374	27.146
1407	37.072	27.149
1408	36.734	27.134
1409	36.374	27.16
1410	35.988	27.202
1411	35.619	27.298
1412	35.227	27.332
1413	34.771	27.376
1414	34.32	27.399
1415	33.842	27.408
1416	33.37	27.453
1417	32.865	27.475
1418	32.404	27.569
1419	31.899	27.583
1420	31.382	27.59
1421	30.905	27.676
1422	30.419	27.713
1423	29.924	27.694
1424	29.457	27.719
1425	29.02	27.767
1426	28.579	27.804
1427	28.149	27.77
1428	27.712	27.774
1429	27.297	27.75
1430	26.871	27.689
1431	26.503	27.679
1432	26.15	27.687
1433	25.812	27.7
1434	25.484	27.679
1435	25.165	27.637
1436	24.861	27.577
1437	24.592	27.57
1438	24.352	27.56
1439	24.104	27.556
1440	23.903	27.567
1441	23.696	27.537
1442	23.541	27.558
1443	23.381	27.515
1444	23.274	27.59
1445	23.178	27.599
1446	23.065	27.553
1447	23.004	27.548
1448	22.977	27.602
1449	22.933	27.556
1450	22.91	27.518
1451	22.915	27.499
1452	22.925	27.482
1453	22.983	27.484
1454	23.075	27.511
1455	23.188	27.524
1456	23.316	27.522
1457	23.459	27.477
1458	23.641	27.509
1459	23.841	27.493
1460	24.064	27.49
1461	24.306	27.49
1462	24.56	27.46
1463	24.847	27.456
1464	25.168	27.47
1465	25.5	27.476
1466	25.847	27.448
1467	26.226	27.474
1468	26.606	27.433
1469	26.997	27.377
1470	27.421	27.365
1471	27.885	27.372
1472	28.366	27.423
1473	28.834	27.398
1474	29.322	27.378
1475	29.81	27.342
1476	30.317	27.32
1477	30.87	27.362
1478	31.395	27.347
1479	31.914	27.332
1480	32.414	27.301
1481	32.901	27.298
1482	33.374	27.256
1483	33.847	27.224
1484	34.321	27.217
1485	34.796	27.22
1486	35.24	27.204
1487	35.675	27.213
1488	36.072	27.195
1489	36.449	27.161
1490	36.769	27.106
1491	37.106	27.109
1492	37.396	27.087
1493	37.632	27.065
1494	37.829	27.014
1495	38.032	27.075
1496	38.151	27.061
1497	38.217	27.012
1498	38.236	26.985
1499	38.259	26.989
1500	38.237	26.998
1501	38.203	27.046
1502	38.087	27.047
1503	37.981	27.13
1504	37.773	27.143
1505	37.566	27.158
1506	37.298	27.132
1507	37.032	27.192
1508	36.722	27.208
1509	36.359	27.254
1510	36.01	27.318
1511	35.607	27.34
1512	35.185	27.38
1513	34.715	27.364
1514	34.264	27.393
1515	33.785	27.407
1516	33.298	27.431
1517	32.776	27.406
1518	32.295	27.456
1519	31.841	27.56
1520	31.335	27.536
1521	30.835	27.51
1522	30.339	27.506
1523	29.878	27.53
1524	29.426	27.585
1525	28.981	27.596
1526	28.508	27.558
1527	28.07	27.551
1528	27.62	27.491
1529	27.224	27.505
1530	26.832	27.532
1531	26.482	27.602
1532	26.129	27.582
1533	25.771	27.553
1534	25.457	27.518
1535	25.122	27.455
1536	24.844	27.497
1537	24.578	27.484
1538	24.364	27.557
1539	24.136	27.575
1540	23.933	27.573
1541	23.75	27.589
1542	23.604	27.62
1543	23.465	27.627
1544	23.309	27.543
1545	23.188	27.505
1546	23.1	27.516
1547	23.039	27.523
1548	22.982	27.489
1549	22.941	27.456
1550	22.93	27.474
1551	22.934	27.49
1552	22.963	27.47
1553	23.032	27.51
1554	23.115	27.527
1555	23.22	27.53
1556	23.337	27.463
1557	23.469	27.426
1558	23.67	27.506
1559	23.863	27.512
1560	24.092	27.526
1561	24.33	27.506
1562	24.592	27.507
1563	24.867	27.452
1564	25.164	27.403
1565	25.492	27.422
1566	25.838	27.398
1567	26.215	27.392
1568	26.585	27.339
1569	26.976	27.306
1570	27.411	27.308
1571	27.851	27.323
1572	28.302	27.301
1573	28.779	27.313
1574	29.259	27.271
1575	29.755	27.268
1576	30.284	27.26
1577	30.798	27.244
1578	31.334	27.25
1579	31.846	27.23
1580	32.355	27.186
1581	32.866	27.188
1582	33.423	27.258
1583	33.896	27.173
1584	34.352	27.147
1585	34.816	27.106
1586	35.248	27.046
1587	35.671	27.007
1588	36.064	26.985
1589	36.471	27.026
1590	36.811	26.991
1591	37.116	26.977
1592	37.4	26.988
1593	37.68	27.019
1594	37.942	27.095
1595	38.115	27.105
1596	38.271	27.12
1597	38.38	27.15
1598	38.398	27.124
1599	38.405	27.142
1600	38.353	27.111
1601	38.235	27.098
1602	38.084	27.081
1603	37.913	27.078
1604	37.752	27.122
1605	37.487	27.104
1606	37.229	27.161
1607	36.879	27.106
1608	36.556	27.162
1609	36.225	27.209
1610	35.88	27.299
1611	35.489	27.361
1612	35.086	27.42
1613	34.641	27.458
1614	34.187	27.468
1615	33.737	27.486
1616	33.273	27.519
1617	32.777	27.493
1618	32.304	27.527
1619	31.796	27.462
1620	31.291	27.437
1621	30.782	27.415
1622	30.296	27.39
1623	29.861	27.473
1624	29.405	27.471
1625	28.981	27.532
1626	28.581	27.582
1627	28.159	27.603
1628	27.731	27.584
1629	27.317	27.576
1630	26.953	27.643
1631	26.573	27.578
1632	26.216	27.578
1633	25.889	27.604
1634	25.557	27.568
1635	25.236	27.503
1636	24.949	27.494
1637	24.672	27.463
1638	24.435	27.512
1639	24.197	27.475
1640	23.978	27.48
1641	23.786	27.506
1642	23.615	27.518
1643	23.429	27.459
1644	23.304	27.49
1645	23.201	27.511
1646	23.099	27.463
1647	23.026	27.462
1648	22.957	27.41
1649	22.924	27.445
1650	22.896	27.399
1651	22.888	27.344
1652	22.923	27.346
1653	22.989	27.362
1654	23.065	27.357
1655	23.149	27.331
1656	23.274	27.356
1657	23.437	27.405
1658	23.61	27.4
1659	23.813	27.42
1660	24.024	27.443
1661	24.241	27.408
1662	24.499	27.421
1663	24.775	27.369
1664	25.106	27.441
1665	25.431	27.407
1666	25.778	27.354
1667	26.141	27.37
1668	26.569	27.414
1669	26.977	27.395
1670	27.411	27.401
1671	27.873	27.394
1672	28.331	27.403
1673	28.811	27.368
1674	29.314	27.385
1675	29.834	27.402
1676	30.353	27.423
1677	30.872	27.437
1678	31.378	27.417
1679	31.89	27.341
1680	32.426	27.356
1681	32.967	27.408
1682	33.475	27.416
1683	33.941	27.339
1684	34.453	27.387
1685	34.917	27.348
1686	35.412	27.395
1687	35.848	27.361
1688	36.269	27.38
1689	36.601	27.284
1690	36.955	27.317
1691	37.286	27.355
1692	37.576	27.312
1693	37.768	27.232
1694	37.985	27.238
1695	38.159	27.232
1696	38.276	27.235
1697	38.411	27.293
1698	38.452	27.33
1699	38.411	27.279
1700	38.321	27.226
1701	38.241	27.256
1702	38.139	27.282
1703	37.929	27.24
1704	37.729	27.286
1705	37.487	27.256
1706	37.185	27.22
1707	36.85	27.177
1708	36.502	27.181
1709	36.13	27.169
1710	35.759	27.219
1711	35.316	27.167
1712	34.874	27.193
1713	34.407	27.143
1714	33.963	27.189
1715	33.511	27.19
1716	33.04	27.196
1717	32.555	27.205
1718	32.101	27.287
1719	31.606	27.295
1720	31.113	27.302
1721	30.657	27.359
1722	30.161	27.312
1723	29.71	27.317
1724	29.274	27.349
1725	28.836	27.368
1726	28.401	27.346
1727	27.988	27.365
1728	27.625	27.422
1729	27.24	27.42
1730	26.88	27.497
1731	26.525	27.512
1732	26.2	27.557
1733	25.874	27.554
1734	25.573	27.556
1735	25.272	27.514
1736	25.014	27.546
1737	24.761	27.558
1738	24.529	27.598
1739	24.304	27.603
1740	24.094	27.601
1741	23.905	27.608
1742	23.742	27.65
1743	23.583	27.606
1744	23.455	27.612
1745	23.337	27.609
1746	23.225	27.594
1747	23.15	27.595
1748	23.101	27.615
1749	23.063	27.601
1750	23.057	27.645
1751	23.053	27.645
1752	23.065	27.607
1753	23.106	27.606
1754	23.186	27.666
1755	23.27	27.596
1756	23.376	27.553
1757	23.509	27.526
1758	23.67	27.544
1759	23.839	27.494
1760	24.029	27.437
1761	24.273	27.464
1762	24.514	27.447
1763	24.794	27.466
1764	25.095	27.458
1765	25.422	27.461
1766	25.771	27.486
1767	26.131	27.445
1768	26.522	27.432
1769	26.915	27.381
1770	27.338	27.362
1771	27.785	27.3
1772	28.234	27.27
1773	28.701	27.254
1774	29.188	27.244
1775	29.655	27.182
1776	30.155	27.131
1777	30.701	27.185
1778	31.186	27.103
1779	31.704	27.064
1780	32.226	27.061
1781	32.725	27.054
1782	33.221	27.033
1783	33.721	26.999
1784	34.204	26.982
1785	34.719	27.046
1786	35.145	27.001
1787	35.615	27.006
1788	36.037	26.996
1789	36.41	26.981
1790	36.755	26.967
1791	37.066	26.882
1792	37.355	26.89
1793	37.614	26.904
1794	37.849	26.952
1795	38.035	26.934
1796	38.202	26.973
1797	38.284	26.966
1798	38.336	26.949
1799	38.368	26.969
1800	38.36	26.979
1801	38.273	26.978
1802	38.136	26.955
1803	38.033	27.026
1804	37.8	26.999
1805	37.576	27.02
1806	37.353	27.074
1807	37.06	27.088
1808	36.744	27.112
1809	36.391	27.148
1810	36.002	27.168
1811	35.578	27.155
1812	35.143	27.14
1813	34.686	27.137
1814	34.249	27.152
1815	33.777	27.151
1816	33.3	27.178
1817	32.798	27.15
1818	32.315	27.172
1819	31.838	27.199
1820	31.385	27.304
1821	30.895	27.335
1822	30.457	27.413
1823	29.973	27.41
1824	29.494	27.396
1825	29.071	27.452
1826	28.646	27.478
1827	28.215	27.468
1828	27.778	27.444
1829	27.389	27.469
1830	27	27.49
1831	26.627	27.506
1832	26.278	27.532
1833	25.92	27.518
1834	25.598	27.523
1835	25.301	27.544
1836	25.025	27.564
1837	24.768	27.619
1838	24.516	27.616
1839	24.283	27.637
1840	24.07	27.643
1841	23.874	27.652
1842	23.736	27.764
1843	23.574	27.745
1844	23.438	27.735
1845	23.294	27.638
1846	23.205	27.663
1847	23.113	27.62
1848	23.054	27.614
1849	23.039	27.667
1850	23.01	27.665
1851	23.023	27.691
1852	23.036	27.665
1853	23.087	27.668
1854	23.155	27.646
1855	23.239	27.626
1856	23.336	27.538
1857	23.477	27.521
1858	23.66	27.56
1859	23.834	27.556
1860	24.03	27.534
1861	24.267	27.555
1862	24.505	27.487
1863	24.799	27.525
1864	25.1	27.517
1865	25.453	27.528
1866	25.744	27.563
1867	26.091	27.503
1868	26.469	27.481
1869	26.868	27.489
1870	27.306	27.478
1871	27.74	27.421
1872	28.189	27.382
1873	28.688	27.431
1874	29.139	27.356
1875	29.634	27.325
1876	30.123	27.269
1877	30.65	27.261
1878	31.195	27.305
1879	31.71	27.266
1880	32.244	27.258
1881	32.777	27.275
1882	33.286	27.274
1883	33.796	27.291
1884	34.312	27.288
1885	34.804	27.278
1886	35.265	27.298
1887	35.72	27.302
1888	36.115	27.254
1889	36.497	27.251
1890	36.833	27.246
1891	37.246	27.199
1892	37.535	27.167
1893	37.809	27.184
1894	38.063	27.196
1895	38.232	27.197
1896	38.364	27.195
1897	38.464	27.195
1898	38.516	27.166
1899	38.57	27.242
1900	38.525	27.253
1901	38.455	27.284
1902	38.355	27.35
1903	38.156	27.313
1904	37.944	27.333
1905	37.698	27.338
1906	37.43	27.379
1907	37.106	27.362
1908	36.744	27.327
1909	36.353	27.315
1910	35.955	27.333
1911	35.534	27.334
1912	35.1	27.385
1913	34.639	27.391
1914	34.179	27.406
1915	33.677	27.401
1916	33.187	27.399
1917	32.688	27.406
1918	32.195	27.41
1919	31.676	27.374
1920	31.188	27.399
1921	30.722	27.463
1922	30.229	27.465
1923	29.744	27.46
1924	29.266	27.42
1925	28.821	27.424
1926	28.403	27.477
1927	27.99	27.491
1928	27.587	27.514
1929	27.203	27.528
1930	26.828	27.519
1931	26.464	27.52
1932	26.132	27.575
1933	25.813	27.585
1934	25.514	27.595
1935	25.221	27.587
1936	24.942	27.562
1937	24.672	27.509
1938	24.444	27.542
1939	24.211	27.518
1940	24.008	27.512
1941	23.84	27.567
1942	23.687	27.597
1943	23.549	27.653
1944	23.433	27.689
1945	23.303	27.672
1946	23.201	27.625
1947	23.143	27.662
1948	23.091	27.688
1949	23.07	27.744
1950	23.063	27.754
1951	23.064	27.713
1952	23.07	27.635
1953	23.113	27.601
1954	23.171	27.573
1955	23.262	27.584
1956	23.376	27.571
1957	23.509	27.553
1958	23.662	27.558
1959	23.849	27.571
1960	24.051	27.543
1961	24.287	27.537
1962	24.558	27.545
1963	24.819	27.514
1964	25.135	27.531
1965	25.466	27.554
1966	25.792	27.485
1967	26.124	27.418
1968	26.499	27.362
1969	26.891	27.312
1970	27.338	27.353
1971	27.771	27.348
1972	28.229	27.33
1973	28.69	27.298
1974	29.159	27.217
1975	29.649	27.193
1976	30.156	27.209
1977	30.684	27.233
1978	31.208	27.221
1979	31.758	27.264
1980	32.275	27.219
1981	32.776	27.184
1982	33.294	27.173
1983	33.811	27.185
1984	34.289	27.137
1985	34.755	27.11
1986	35.188	27.097
1987	35.632	27.142
1988	36.058	27.113
1989	36.446	27.121
1990	36.79	27.086
1991	37.122	27.091
1992	37.429	27.07
1993	37.692	27.065
1994	37.881	27.034
1995	38.053	27.005
1996	38.227	27.024
1997	38.31	27.025
1998	38.364	27.005
1999	38.353	26.985
2000	38.32	26.969
2001	38.241	26.956
2002	38.091	26.915
2003	37.925	26.917
2004	37.719	26.927
2005	37.487	26.965
2006	37.244	26.99
2007	36.965	27.035
2008	36.591	26.99
2009	36.242	27.059
2010	35.871	27.127
2011	35.488	27.153
2012	35.077	27.177
2013	34.627	27.189
2014	34.143	27.153
2015	33.685	27.174
2016	33.22	27.201
2017	32.778	27.285
2018	32.321	27.364
2019	31.863	27.431
2020	31.407	27.502
2021	30.938	27.537
2022	30.475	27.562
2023	30.019	27.616
2024	29.586	27.698
2025	29.134	27.709
2026	28.686	27.687