1	38.239	26.471
2	38.272	26.533
3	38.215	26.504
4	38.119	26.499
5	37.989	26.469
6	37.801	26.482
7	37.613	26.517
8	37.387	26.531
9	37.113	26.549
10	36.828	26.602
11	36.497	26.626
12	36.18	26.685
13	35.809	26.713
14	35.4	26.727
15	34.999	26.796
16	34.555	26.841
17	34.11	26.86
18	33.639	26.864
19	33.162	26.85
20	32.683	26.886
21	32.185	26.849
22	31.715	26.889
23	31.277	26.969
24	30.83	27.046
25	30.376	27.082
26	29.911	27.068
27	29.419	27.034
28	28.982	27.038
29	28.532	27.054
30	28.104	27.097
31	27.697	27.072
32	27.306	27.091
33	26.927	27.08
34	26.563	27.051
35	26.203	27.005
36	25.856	26.978
37	25.532	26.957
38	25.227	26.946
39	24.953	26.994
40	24.68	26.942
41	24.436	26.919
42	24.201	26.929
43	24.026	27.017
44	23.826	26.994
45	23.653	26.991
46	23.502	26.965
47	23.347	26.896
48	23.223	26.855
49	23.129	26.852
50	23.051	26.855
51	23.005	26.84
52	22.989	26.872
53	22.975	26.902
54	23.004	26.936
55	23.036	26.915
56	23.096	26.946
57	23.17	26.919
58	23.273	26.95
59	23.396	26.994
60	23.536	26.984
61	23.712	27.003
62	23.901	26.991
63	24.104	26.959
64	24.334	26.893
65	24.586	26.888
66	24.868	26.89
67	25.177	26.882
68	25.474	26.791
69	25.837	26.854
70	26.204	26.831
71	26.597	26.85
72	27.012	26.864
73	27.435	26.852
74	27.871	26.791
75	28.314	26.758
76	28.788	26.757
77	29.28	26.795
78	29.785	26.801
79	30.295	26.812
80	30.803	26.792
81	31.329	26.811
82	31.815	26.789
83	32.336	26.788
84	32.84	26.77
85	33.358	26.773
86	33.86	26.769
87	34.356	26.801
88	34.841	26.819
89	35.285	26.788
90	35.751	26.83
91	36.16	26.821
92	36.562	26.827
93	36.913	26.813
94	37.199	26.725
95	37.494	26.761
96	37.735	26.757
97	37.944	26.744
98	38.09	26.7
99	38.234	26.784
100	38.32	26.79
101	38.409	26.853
102	38.404	26.833
103	38.378	26.825
104	38.29	26.786
105	38.163	26.78
106	38.011	26.791
107	37.835	26.811
108	37.559	26.77
109	37.319	26.794
110	36.997	26.803
111	36.647	26.793
112	36.261	26.76
113	35.873	26.793
114	35.453	26.82
115	34.978	26.78
116	34.544	26.834
117	34.055	26.818
118	33.593	26.859
119	33.138	26.896
120	32.641	26.867
121	32.164	26.892
122	31.671	26.875
123	31.186	26.9
124	30.693	26.851
125	30.233	26.889
126	29.731	26.826
127	29.252	26.788
128	28.77	26.738
129	28.313	26.744
130	27.893	26.736
131	27.479	26.715
132	27.091	26.721
133	26.726	26.737
134	26.353	26.687
135	26.03	26.738
136	25.714	26.767
137	25.417	26.793
138	25.124	26.747
139	24.867	26.781
140	24.628	26.813
141	24.394	26.779
142	24.188	26.796
143	23.99	26.842
144	23.798	26.867
145	23.649	26.889
146	23.498	26.893
147	23.374	26.921
148	23.287	26.977
149	23.187	26.946
150	23.119	26.954
151	23.07	26.958
152	23.053	26.972
153	23.052	26.981
154	23.065	26.967
155	23.09	26.952
156	23.135	26.926
157	23.203	26.899
158	23.324	26.963
159	23.438	26.952
160	23.564	26.896
161	23.727	26.873
162	23.908	26.862
163	24.123	26.892
164	24.343	26.882
165	24.583	26.825
166	24.866	26.885
167	25.161	26.869
168	25.477	26.835
169	25.812	26.774
170	26.155	26.735
171	26.542	26.718
172	26.956	26.737
173	27.366	26.696
174	27.816	26.707
175	28.258	26.648
176	28.733	26.645
177	29.221	26.632
178	29.743	26.675
179	30.272	26.724
180	30.814	26.8
181	31.34	26.8
182	31.875	26.834
183	32.336	26.771
184	32.853	26.778
185	33.362	26.778
186	33.862	26.762
187	34.355	26.766
188	34.839	26.769
189	35.304	26.749
190	35.758	26.786
191	36.133	26.69
192	36.508	26.679
193	36.867	26.654
194	37.226	26.683
195	37.496	26.669
196	37.753	26.66
197	37.947	26.621
198	38.153	26.651
199	38.267	26.641
200	38.347	26.638
201	38.408	26.658
202	38.394	26.648
203	38.335	26.636
204	38.257	26.606
205	38.106	26.542
206	37.938	26.555
207	37.734	26.53
208	37.524	26.565
209	37.24	26.576
210	36.924	26.569
211	36.59	26.585
212	36.259	26.631
213	35.848	26.609
214	35.437	26.619
215	34.982	26.588
216	34.555	26.653
217	34.09	26.657
218	33.603	26.646
219	33.154	26.734
220	32.676	26.742
221	32.181	26.75
222	31.708	26.809
223	31.209	26.814
224	30.767	26.873
225	30.297	26.879
226	29.833	26.911
227	29.382	26.929
228	28.94	26.924
229	28.49	26.949
230	28.079	26.996
231	27.672	26.995
232	27.268	27.008
233	26.905	27.065
234	26.55	27.074
235	26.192	27.107
236	25.864	27.125
237	25.552	27.125
238	25.258	27.138
239	24.987	27.154
240	24.736	27.174
241	24.487	27.136
242	24.255	27.132
243	24.042	27.12
244	23.819	27.046
245	23.664	27.1
246	23.518	27.11
247	23.394	27.11
248	23.302	27.158
249	23.195	27.109
250	23.126	27.15
251	23.061	27.124
252	23.04	27.164
253	23.028	27.176
254	23.052	27.195
255	23.086	27.207
256	23.135	27.202
257	23.215	27.208
258	23.297	27.126
259	23.413	27.153
260	23.57	27.151
261	23.72	27.163
262	23.876	27.096
263	24.088	27.1
264	24.319	27.111
265	24.569	27.102
266	24.866	27.157
267	25.189	27.218
268	25.53	27.262
269	25.886	27.268
270	26.255	27.238
271	26.64	27.222
272	27.043	27.205
273	27.445	27.122
274	27.883	27.131
275	28.368	27.158
276	28.841	27.128
277	29.319	27.075
278	29.819	27.065
279	30.313	27.046
280	30.822	27.027
281	31.338	27.034
282	31.883	27.055
283	32.412	27.106
284	32.926	27.056
285	33.429	27.021
286	33.953	27.019
287	34.449	27.029
288	34.91	27.007
289	35.336	26.941
290	35.792	26.959
291	36.175	26.9
292	36.542	26.837
293	36.912	26.85
294	37.227	26.829
295	37.498	26.801
296	37.801	26.867
297	37.993	26.838
298	38.167	26.836
299	38.301	26.832
300	38.366	26.805
301	38.432	26.835
302	38.411	26.814
303	38.371	26.806
304	38.277	26.778
305	38.132	26.747
306	37.973	26.763
307	37.731	26.752
308	37.482	26.71
309	37.203	26.743
310	36.901	26.767
311	36.552	26.762
312	36.182	26.758
313	35.799	26.775
314	35.406	26.833
315	34.984	26.889
316	34.53	26.882
317	34.086	26.915
318	33.596	26.911
319	33.105	26.927
320	32.628	26.977
321	32.124	26.935
322	31.65	26.96
323	31.149	26.955
324	30.67	26.962
325	30.193	26.966
326	29.723	26.957
327	29.29	27.037
328	28.841	27.043
329	28.423	27.081
330	28.019	27.121
331	27.615	27.099
332	27.234	27.116
333	26.863	27.122
334	26.524	27.148
335	26.179	27.16
336	25.838	27.123
337	25.538	27.137
338	25.256	27.166
339	24.977	27.121
340	24.712	27.1
341	24.487	27.145
342	24.258	27.146
343	24.066	27.156
344	23.906	27.172
345	23.724	27.121
346	23.55	27.076
347	23.412	27.056
348	23.33	27.136
349	23.244	27.175
350	23.166	27.136
351	23.113	27.141
352	23.073	27.113
353	23.058	27.115
354	23.051	27.077
355	23.068	27.04
356	23.116	27.06
357	23.167	27.014
358	23.255	26.992
359	23.353	26.941
360	23.477	26.912
361	23.651	26.948
362	23.831	26.938
363	24.027	26.886
364	24.242	26.875
365	24.481	26.81
366	24.754	26.809
367	25.051	26.789
368	25.363	26.76
369	25.689	26.745
370	26.078	26.796
371	26.463	26.792
372	26.867	26.769
373	27.271	26.707
374	27.709	26.67
375	28.167	26.677
376	28.661	26.728
377	29.151	26.714
378	29.664	26.713
379	30.177	26.708
380	30.713	26.743
381	31.232	26.705
382	31.755	26.672
383	32.283	26.678
384	32.811	26.681
385	33.354	26.692
386	33.859	26.675
387	34.362	26.692
388	34.83	26.666
389	35.315	26.681
390	35.789	26.744
391	36.181	26.692
392	36.562	26.669
393	36.932	26.666
394	37.282	26.678
395	37.56	26.639
396	37.883	26.7
397	38.096	26.71
398	38.28	26.711
399	38.413	26.702
400	38.498	26.691
401	38.549	26.671
402	38.566	26.692
403	38.49	26.664
404	38.4	26.692
405	38.255	26.673
406	38.106	26.739
407	37.902	26.765
408	37.613	26.741
409	37.308	26.73
410	36.978	26.732
411	36.631	26.731
412	36.266	26.752
413	35.876	26.784
414	35.474	26.846
415	35.009	26.783
416	34.56	26.813
417	34.092	26.852
418	33.616	26.896
419	33.111	26.876
420	32.613	26.864
421	32.1	26.846
422	31.615	26.867
423	31.123	26.859
424	30.623	26.839
425	30.163	26.884
426	29.676	26.865
427	29.21	26.844
428	28.788	26.909
429	28.371	26.95
430	27.959	26.952
431	27.559	26.95
432	27.181	26.991
433	26.833	27.059
434	26.497	27.102
435	26.166	27.118
436	25.84	27.115
437	25.521	27.085
438	25.236	27.105
439	24.964	27.097
440	24.718	27.139
441	24.469	27.12
442	24.259	27.118
443	24.055	27.072
444	23.873	27.069
445	23.714	27.097
446	23.585	27.14
447	23.458	27.141
448	23.35	27.164
449	23.284	27.243
450	23.207	27.236
451	23.148	27.207
452	23.108	27.206
453	23.085	27.183
454	23.104	27.168
455	23.137	27.188
456	23.176	27.159
457	23.259	27.175
458	23.346	27.131
459	23.47	27.167
460	23.595	27.152
461	23.742	27.131
462	23.92	27.109
463	24.145	27.178
464	24.364	27.135
465	24.616	27.12
466	24.914	27.135
467	25.202	27.131
468	25.508	27.165
469	25.861	27.182
470	26.22	27.163
471	26.581	27.109
472	26.983	27.069
473	27.38	27.021
474	27.804	26.996
475	28.26	27.002
476	28.729	27.019
477	29.205	26.985
478	29.694	26.948
479	30.187	26.916
480	30.695	26.943
481	31.202	26.913
482	31.719	26.926
483	32.236	26.953
484	32.729	26.913
485	33.239	26.898
486	33.776	26.943
487	34.29	26.981
488	34.741	26.897
489	35.203	26.908
490	35.663	26.931
491	36.07	26.933
492	36.441	26.88
493	36.825	26.845
494	37.161	26.824
495	37.493	26.867
496	37.748	26.861
497	37.99	26.939
498	38.213	26.998
499	38.34	26.938
500	38.448	26.927
501	38.509	26.912
502	38.538	26.959
503	38.512	26.982
504	38.422	26.996
505	38.289	26.92
506	38.148	26.988
507	37.918	26.918
508	37.695	26.924
509	37.397	26.903
510	37.098	26.945
511	36.756	26.981
512	36.382	27.01
513	35.981	27.036
514	35.566	27.053
515	35.077	26.998
516	34.612	26.991
517	34.167	27.079
518	33.713	27.153
519	33.216	27.183
520	32.716	27.192
521	32.227	27.203
522	31.716	27.163
523	31.218	27.151
524	30.763	27.226
525	30.265	27.201
526	29.795	27.207
527	29.336	27.209
528	28.885	27.202
529	28.438	27.171
530	28.009	27.191
531	27.59	27.152
532	27.215	27.215
533	26.832	27.203
534	26.48	27.212
535	26.124	27.184
536	25.796	27.127
537	25.484	27.092
538	25.188	27.072
539	24.918	27.056
540	24.68	27.11
541	24.446	27.129
542	24.228	27.094
543	24.007	27.047
544	23.844	27.09
545	23.675	27.099
546	23.531	27.115
547	23.411	27.115
548	23.311	27.112
549	23.224	27.14
550	23.156	27.146
551	23.104	27.17
552	23.07	27.148
553	23.061	27.165
554	23.069	27.152
555	23.107	27.185
556	23.167	27.224
557	23.243	27.211
558	23.344	27.23
559	23.458	27.208
560	23.625	27.268
561	23.768	27.25
562	23.938	27.23
563	24.16	27.265
564	24.385	27.27
565	24.652	27.284
566	24.925	27.279
567	25.218	27.277
568	25.534	27.251
569	25.848	27.195
570	26.222	27.212
571	26.609	27.247
572	27.015	27.211
573	27.432	27.189
574	27.852	27.134
575	28.301	27.111
576	28.764	27.088
577	29.243	27.062
578	29.739	27.089
579	30.266	27.155
580	30.746	27.102
581	31.246	27.068
582	31.717	27.02
583	32.21	26.958
584	32.719	26.958
585	33.21	26.946
586	33.724	26.975
587	34.215	26.96
588	34.671	26.917
589	35.117	26.884
590	35.5	26.809
591	35.915	26.789
592	36.302	26.759
593	36.693	26.789
594	37.015	26.749
595	37.274	26.672
596	37.53	26.614
597	37.74	26.651
598	37.91	26.648
599	38.028	26.624
600	38.147	26.628
601	38.236	26.636
602	38.252	26.647
603	38.215	26.581
604	38.142	26.561
605	38.035	26.567
606	37.904	26.578
607	37.743	26.578
608	37.523	26.582
609	37.259	26.607
610	36.959	26.584
611	36.664	26.637
612	36.335	26.698
613	35.965	26.714
614	35.563	26.745
615	35.153	26.77
616	34.7	26.747
617	34.233	26.77
618	33.733	26.737
619	33.272	26.748
620	32.805	26.778
621	32.286	26.756
622	31.812	26.796
623	31.367	26.87
624	30.91	26.912
625	30.456	27.006
626	29.957	27.013
627	29.509	27.067
628	29.059	27.092
629	28.604	27.062
630	28.192	27.091
631	27.774	27.097
632	27.376	27.125
633	26.992	27.149
634	26.625	27.178
635	26.271	27.168
636	25.923	27.135
637	25.608	27.152
638	25.308	27.175
639	25.034	27.177
640	24.773	27.199
641	24.544	27.274
642	24.328	27.28
643	24.118	27.297
644	23.92	27.331
645	23.75	27.358
646	23.609	27.391
647	23.474	27.397
648	23.343	27.382
649	23.242	27.41
650	23.145	27.341
651	23.102	27.358
652	23.066	27.368
653	23.046	27.362
654	23.055	27.388
655	23.097	27.42
656	23.146	27.406
657	23.209	27.395
658	23.299	27.392
659	23.408	27.364
660	23.537	27.345
661	23.699	27.342
662	23.876	27.334
663	24.076	27.318
664	24.297	27.305
665	24.559	27.317
666	24.835	27.282
667	25.126	27.276
668	25.446	27.241
669	25.801	27.28
670	26.153	27.232
671	26.558	27.254
672	26.962	27.234
673	27.394	27.251
674	27.836	27.201
675	28.282	27.161
676	28.744	27.109
677	29.228	27.087
678	29.724	27.102
679	30.224	27.095
680	30.732	27.079
681	31.247	27.107
682	31.792	27.156
683	32.306	27.141
684	32.83	27.129
685	33.353	27.138
686	33.844	27.098
687	34.328	27.043
688	34.792	27.009
689	35.228	26.976
690	35.638	26.917
691	36.071	26.981
692	36.454	26.973
693	36.83	27.024
694	37.145	26.973
695	37.449	27.005
696	37.711	27
697	37.901	26.928
698	38.031	26.86
699	38.198	26.917
700	38.307	26.944
701	38.368	26.987
702	38.35	26.926
703	38.322	26.917
704	38.242	26.881
705	38.148	26.894
706	37.968	26.843
707	37.772	26.809
708	37.532	26.849
709	37.253	26.857
710	36.96	26.878
711	36.627	26.891
712	36.25	26.869
713	35.871	26.896
714	35.488	26.935
715	35.036	26.962
716	34.534	26.889
717	34.062	26.907
718	33.581	26.885
719	33.116	26.926
720	32.623	26.92
721	32.133	26.942
722	31.661	26.981
723	31.196	27.01
724	30.686	26.958
725	30.215	26.967
726	29.743	26.935
727	29.31	26.974
728	28.896	27.056
729	28.473	27.097
730	28.018	27.051
731	27.621	27.049
732	27.221	27.059
733	26.885	27.105
734	26.519	27.091
735	26.166	27.068
736	25.835	27.084
737	25.531	27.123
738	25.236	27.119
739	24.963	27.15
740	24.718	27.152
741	24.492	27.148
742	24.284	27.153
743	24.081	27.145
744	23.892	27.11
745	23.725	27.106
746	23.548	27.057
747	23.42	27.055
748	23.287	27.032
749	23.193	27.037
750	23.106	27.033
751	23.072	27.091
752	23.038	27.132
753	23.002	27.053
754	22.997	27.023
755	23.041	27.066
756	23.098	27.103
757	23.159	27.063
758	23.234	26.992
759	23.359	27.011
760	23.505	27.04
761	23.673	27.055
762	23.856	27.053
763	24.061	27.049
764	24.308	27.073
765	24.558	27.054
766	24.832	27.054
767	25.131	27.041
768	25.456	27.072
769	25.798	27.093
770	26.158	27.094
771	26.543	27.07
772	26.94	27.045
773	27.381	27.034
774	27.82	27.016
775	28.304	27.034
776	28.743	26.981
777	29.2	26.927
778	29.687	26.913
779	30.19	26.913
780	30.663	26.849
781	31.163	26.814
782	31.684	26.813
783	32.192	26.781
784	32.741	26.803
785	33.24	26.78
786	33.761	26.797
787	34.244	26.771
788	34.717	26.746
789	35.143	26.669
790	35.594	26.67
791	36.003	26.666
792	36.386	26.659
793	36.733	26.622
794	37.058	26.606
795	37.37	26.612
796	37.63	26.629
797	37.851	26.661
798	38.039	26.651
799	38.185	26.653
800	38.272	26.619
801	38.337	26.602
802	38.37	26.632
803	38.359	26.63
804	38.289	26.609
805	38.23	26.655
806	38.086	26.666
807	37.869	26.707
808	37.643	26.746
809	37.341	26.732
810	37.023	26.733
811	36.667	26.724
812	36.328	26.778
813	35.949	26.825
814	35.533	26.831
815	35.099	26.831
816	34.661	26.867
817	34.203	26.883
818	33.749	26.924
819	33.276	26.949
820	32.775	26.934
821	32.309	26.938
822	31.823	26.954
823	31.327	26.97
824	30.853	27
825	30.366	27
826	29.879	26.991
827	29.416	26.969
828	28.988	27.052
829	28.582	27.166
830	28.143	27.188
831	27.735	27.234
832	27.333	27.198
833	26.958	27.21
834	26.595	27.198
835	26.26	27.23
836	25.934	27.235
837	25.608	27.207
838	25.312	27.202
839	25.032	27.21
840	24.763	27.226
841	24.519	27.213
842	24.3	27.245
843	24.081	27.202
844	23.868	27.159
845	23.684	27.111
846	23.522	27.1
847	23.376	27.045
848	23.275	27.093
849	23.183	27.109
850	23.12	27.148
851	23.077	27.189
852	23.048	27.212
853	23.024	27.186
854	23.017	27.126
855	23.061	27.153
856	23.087	27.089
857	23.173	27.116
858	23.258	27.092
859	23.372	27.118
860	23.513	27.119
861	23.643	27.066
862	23.828	27.041
863	24.036	27.053
864	24.252	27.024
865	24.518	27.05
866	24.775	26.995
867	25.049	26.926
868	25.362	26.949
869	25.709	26.955
870	26.096	27.022
871	26.508	27.084
872	26.935	27.143
873	27.374	27.17
874	27.785	27.106
875	28.236	27.103
876	28.691	27.06
877	29.173	27.035
878	29.681	27.069
879	30.174	27.03
880	30.653	26.959
881	31.214	27.015
882	31.741	27.024
883	32.268	27.02
884	32.781	26.998
885	33.284	26.949
886	33.812	26.949
887	34.343	27.014
888	34.803	26.972
889	35.285	26.997
890	35.711	26.947
891	36.178	26.996
892	36.591	27.004
893	36.965	26.985
894	37.34	27.026
895	37.63	27.015
896	37.884	27.01
897	38.078	27.001
898	38.23	26.947
899	38.404	26.957
900	38.49	26.923
901	38.571	26.948
902	38.584	26.965
903	38.492	26.884
904	38.424	26.932
905	38.314	26.938
906	38.149	26.949
907	37.926	26.932
908	37.631	26.902
909	37.337	26.91
910	37.024	26.954
911	36.654	26.973
912	36.232	26.925
913	35.817	26.916
914	35.368	26.91
915	34.942	26.949
916	34.472	26.964
917	34.023	27.023
918	33.544	27.045
919	33.039	27.029
920	32.549	27.035
921	32.037	26.991
922	31.554	26.974
923	31.064	26.985
924	30.582	27.001
925	30.112	27.02
926	29.647	27.025
927	29.194	27.034
928	28.769	27.058
929	28.35	27.078
930	27.929	27.089
931	27.532	27.109
932	27.136	27.107
933	26.8	27.175
934	26.46	27.162
935	26.112	27.119
936	25.814	27.16
937	25.513	27.177
938	25.251	27.217
939	25.008	27.252
940	24.746	27.214
941	24.517	27.197
942	24.301	27.158
943	24.126	27.212
944	23.953	27.228
945	23.794	27.231
946	23.658	27.242
947	23.533	27.249
948	23.425	27.202
949	23.314	27.182
950	23.24	27.172
951	23.167	27.143
952	23.113	27.092
953	23.088	27.063
954	23.063	26.961
955	23.084	26.94
956	23.122	26.934
957	23.196	26.928
958	23.297	26.953
959	23.396	26.935
960	23.543	26.958
961	23.683	26.876
962	23.862	26.894
963	24.045	26.857
964	24.254	26.81
965	24.514	26.842
966	24.774	26.802
967	25.082	26.863
968	25.358	26.755
969	25.688	26.719
970	26.05	26.725
971	26.418	26.713
972	26.803	26.682
973	27.215	26.683
974	27.669	26.709
975	28.129	26.718
976	28.622	26.727
977	29.135	26.796
978	29.665	26.858
979	30.194	26.897
980	30.722	26.89
981	31.234	26.845
982	31.789	26.892
983	32.259	26.799
984	32.798	26.81
985	33.297	26.787
986	33.836	26.826
987	34.338	26.804
988	34.851	26.821
989	35.316	26.833
990	35.751	26.806
991	36.195	26.863
992	36.571	26.853
993	36.955	26.877
994	37.299	26.877
995	37.581	26.846
996	37.842	26.852
997	38.09	26.87
998	38.274	26.882
999	38.421	26.904
1000	38.5	26.873
1001	38.578	26.961
1002	38.559	26.914
1003	38.463	26.882
1004	38.393	26.928
1005	38.243	26.928
1006	38.029	26.886
1007	37.768	26.813
1008	37.567	26.905
1009	37.273	26.9
1010	36.956	26.894
1011	36.591	26.904
1012	36.22	26.916
1013	35.809	26.908
1014	35.411	26.917
1015	34.965	26.955
1016	34.488	26.915
1017	34.009	26.87
1018	33.54	26.884
1019	33.083	26.932
1020	32.608	26.968
1021	32.113	26.961
1022	31.626	26.967
1023	31.141	26.981
1024	30.667	26.994
1025	30.209	27.031
1026	29.733	26.97
1027	29.295	27.01
1028	28.887	27.078
1029	28.446	27.036
1030	28.043	27.044
1031	27.688	27.143
1032	27.313	27.16
1033	26.931	27.114
1034	26.572	27.127
1035	26.218	27.145
1036	25.899	27.12
1037	25.589	27.104
1038	25.311	27.148
1039	25.042	27.162
1040	24.786	27.147
1041	24.554	27.158
1042	24.32	27.179
1043	24.118	27.186
1044	23.908	27.144
1045	23.736	27.136
1046	23.596	27.161
1047	23.467	27.162
1048	23.355	27.16
1049	23.252	27.121
1050	23.181	27.133
1051	23.113	27.065
1052	23.06	27.013
1053	23.027	26.934
1054	23.017	26.905
1055	23.042	26.917
1056	23.068	26.868
1057	23.13	26.883
1058	23.221	26.886
1059	23.337	26.882
1060	23.486	26.875
1061	23.636	26.882
1062	23.815	26.903
1063	24.005	26.852
1064	24.226	26.815
1065	24.488	26.831
1066	24.758	26.81
1067	25.064	26.806
1068	25.377	26.78
1069	25.74	26.812
1070	26.1	26.806
1071	26.458	26.745
1072	26.859	26.739
1073	27.273	26.723
1074	27.727	26.747
1075	28.166	26.698
1076	28.674	26.81
1077	29.179	26.848
1078	29.699	26.918
1079	30.223	26.927
1080	30.729	26.904
1081	31.27	26.906
1082	31.802	26.889
1083	32.325	26.913
1084	32.84	26.894
1085	33.352	26.877
1086	33.84	26.837
1087	34.329	26.8
1088	34.828	26.817
1089	35.297	26.838
1090	35.762	26.875
1091	36.185	26.878
1092	36.56	26.822
1093	36.934	26.831
1094	37.229	26.798
1095	37.519	26.777
1096	37.812	26.808
1097	37.996	26.778
1098	38.194	26.826
1099	38.312	26.784
1100	38.399	26.79
1101	38.415	26.757
1102	38.417	26.76
1103	38.328	26.678
1104	38.248	26.72
1105	38.141	26.767
1106	37.943	26.73
1107	37.741	26.767
1108	37.507	26.741
1109	37.249	26.762
1110	36.934	26.769
1111	36.593	26.785
1112	36.233	26.801
1113	35.804	26.769
1114	35.387	26.789
1115	34.934	26.765
1116	34.481	26.781
1117	34.017	26.807
1118	33.551	26.816
1119	33.064	26.81
1120	32.584	26.823
1121	32.113	26.864
1122	31.662	26.924
1123	31.179	26.901
1124	30.703	26.938
1125	30.245	26.962
1126	29.79	26.981
1127	29.35	27.001
1128	28.911	27.037
1129	28.479	27.009
1130	28.055	26.992
1131	27.651	27.023
1132	27.249	26.985
1133	26.865	26.977
1134	26.493	26.971
1135	26.152	26.983
1136	25.847	26.999
1137	25.534	26.984
1138	25.256	27.013
1139	24.986	27.014
1140	24.726	27.035
1141	24.495	27.033
1142	24.291	27.085
1143	24.084	27.102
1144	23.913	27.106
1145	23.735	27.095
1146	23.595	27.11
1147	23.455	27.096
1148	23.352	27.127
1149	23.248	27.062
1150	23.185	27.099
1151	23.122	27.063
1152	23.081	27.051
1153	23.085	27.089
1154	23.092	27.118
1155	23.114	27.107
1156	23.167	27.092
1157	23.239	27.086
1158	23.319	27.059
1159	23.437	27.063
1160	23.573	27.071
1161	23.735	27.093
1162	23.916	27.093
1163	24.12	27.088
1164	24.347	27.077
1165	24.591	27.023
1166	24.855	27.009
1167	25.124	26.952
1168	25.434	26.95
1169	25.759	26.926
1170	26.123	26.924
1171	26.475	26.86
1172	26.89	26.888
1173	27.295	26.861
1174	27.76	26.935
1175	28.216	26.913
1176	28.689	26.916
1177	29.146	26.849
1178	29.618	26.789
1179	30.135	26.779
1180	30.653	26.787
1181	31.16	26.77
1182	31.684	26.793
1183	32.199	26.775
1184	32.717	26.759
1185	33.242	26.739
1186	33.735	26.74
1187	34.233	26.745
1188	34.736	26.778
1189	35.196	26.794
1190	35.644	26.821
1191	36.066	26.831
1192	36.509	26.861
1193	36.905	26.857
1194	37.247	26.859
1195	37.557	26.855
1196	37.839	26.903
1197	38.047	26.842
1198	38.259	26.89
1199	38.38	26.836
1200	38.432	26.795
1201	38.473	26.781
1202	38.501	26.8
1203	38.463	26.791
1204	38.381	26.78
1205	38.29	26.821
1206	38.136	26.815
1207	37.93	26.824
1208	37.678	26.843
1209	37.396	26.875
1210	37.072	26.874
1211	36.721	26.859
1212	36.346	26.886
1213	35.937	26.907
1214	35.522	26.936
1215	35.072	26.906
1216	34.615	26.909
1217	34.119	26.876
1218	33.61	26.879
1219	33.098	26.875
1220	32.648	26.951
1221	32.181	26.984
1222	31.696	27.02
1223	31.165	26.935
1224	30.683	26.954
1225	30.249	27.055
1226	29.794	27.109
1227	29.342	27.12
1228	28.89	27.127
1229	28.439	27.13
1230	28.023	27.139
1231	27.621	27.166
1232	27.23	27.159
1233	26.876	27.19
1234	26.519	27.192
1235	26.173	27.194
1236	25.874	27.27
1237	25.576	27.288
1238	25.271	27.24
1239	24.999	27.222
1240	24.762	27.283
1241	24.527	27.329
1242	24.317	27.354
1243	24.125	27.352
1244	23.964	27.384
1245	23.77	27.304
1246	23.599	27.232
1247	23.462	27.209
1248	23.373	27.269
1249	23.279	27.272
1250	23.183	27.19
1251	23.122	27.151
1252	23.073	27.153
1253	23.071	27.202
1254	23.075	27.199
1255	23.084	27.158
1256	23.126	27.146
1257	23.2	27.143
1258	23.286	27.136
1259	23.397	27.104
1260	23.553	27.181
1261	23.676	27.075
1262	23.852	27.025
1263	24.064	27.037
1264	24.274	27.009
1265	24.505	26.954
1266	24.778	26.899
1267	25.068	26.889
1268	25.394	26.897
1269	25.731	26.886
1270	26.099	26.923
1271	26.476	26.946
1272	26.889	26.953
1273	27.305	26.936
1274	27.76	26.967
1275	28.216	26.971
1276	28.679	26.956
1277	29.181	26.946
1278	29.666	26.885
1279	30.179	26.873
1280	30.68	26.843
1281	31.197	26.844
1282	31.717	26.827
1283	32.272	26.863
1284	32.786	26.857
1285	33.272	26.767
1286	33.816	26.832
1287	34.307	26.827
1288	34.805	26.844
1289	35.278	26.807
1290	35.71	26.799
1291	36.125	26.794
1292	36.503	26.783
1293	36.825	26.727
1294	37.147	26.71
1295	37.433	26.689
1296	37.735	26.7
1297	37.955	26.709
1298	38.115	26.674
1299	38.243	26.618
1300	38.359	26.637
1301	38.391	26.612
1302	38.399	26.616
1303	38.369	26.659
1304	38.277	26.664
1305	38.165	26.686
1306	37.984	26.66
1307	37.746	26.645
1308	37.486	26.647
1309	37.213	26.652
1310	36.904	26.658
1311	36.524	26.629
1312	36.197	26.695
1313	35.787	26.681
1314	35.388	26.737
1315	34.983	26.807
1316	34.554	26.853
1317	34.098	26.87
1318	33.643	26.919
1319	33.197	26.989
1320	32.734	27.012
1321	32.254	27.059
1322	31.767	27.076
1323	31.302	27.112
1324	30.794	27.112
1325	30.299	27.089
1326	29.867	27.144
1327	29.421	27.184
1328	28.969	27.175
1329	28.551	27.163
1330	28.141	27.201
1331	27.745	27.251
1332	27.369	27.289
1333	26.982	27.258
1334	26.611	27.27
1335	26.274	27.313
1336	25.957	27.301
1337	25.605	27.218
1338	25.297	27.251
1339	25.014	27.235
1340	24.754	27.192
1341	24.519	27.204
1342	24.319	27.251
1343	24.13	27.294
1344	23.906	27.214
1345	23.736	27.228
1346	23.551	27.137
1347	23.431	27.146
1348	23.303	27.119
1349	23.232	27.17
1350	23.158	27.167
1351	23.093	27.147
1352	23.07	27.175
1353	23.053	27.156
1354	23.056	27.193
1355	23.097	27.22
1356	23.144	27.194
1357	23.21	27.168
1358	23.301	27.168
1359	23.448	27.241
1360	23.584	27.245
1361	23.751	27.271
1362	23.951	27.293
1363	24.165	27.229
1364	24.417	27.293
1365	24.663	27.298
1366	25.387	27.27
1367	25.675	27.227
1368	25.985	27.185
1369	26.325	27.16
1370	26.675	27.066
1371	27.09	27.157
1372	27.465	27.087
1373	27.912	27.146
1374	28.332	27.11
1375	28.796	27.135
1376	29.238	27.108
1377	29.664	27.027
1378	30.144	27.014
1379	30.622	26.954
1380	31.09	26.895
1381	31.623	26.974
1382	32.134	26.997
1383	32.657	27.016
1384	33.136	26.974
1385	33.617	26.928
1386	34.084	26.907
1387	34.569	26.964
1388	34.995	26.935
1389	35.402	26.887
1390	35.796	26.855
1391	35.455	26.873
1392	35.823	26.926
1393	36.147	26.926
1394	36.476	26.966
1395	36.76	27.018
1396	36.991	26.95
1397	37.216	26.993
1398	37.375	26.965
1399	37.524	26.967
1400	37.643	26.971
1401	37.74	27.027
1402	37.815	27.086
1403	37.8	27.1
1404	37.79	27.197
1405	37.747	27.24
1406	37.592	27.202
1407	37.439	27.21
1408	37.224	27.186
1409	37.006	27.191
1410	36.738	27.221
1411	36.428	27.215
1412	36.071	27.172
1413	35.751	27.243
1414	35.369	27.211
1415	34.971	27.206
1416	34.547	27.182
1417	34.108	27.143
1418	33.684	27.159
1419	33.237	27.171
1420	32.791	27.221
1421	32.32	27.214
1422	31.863	27.269
1423	31.387	27.239
1424	30.92	27.239
1425	30.444	27.242
1426	29.984	27.204
1427	29.518	27.153
1428	29.109	27.202
1429	28.667	27.162
1430	28.208	27.096
1431	27.791	27.073
1432	27.388	27.068
1433	26.997	27.073
1434	26.62	27.077
1435	26.273	27.065
1436	25.954	27.057
1437	25.651	27.087
1438	25.35	27.079
1439	25.072	27.107
1440	24.811	27.137
1441	24.57	27.133
1442	24.328	27.124
1443	24.103	27.108
1444	23.914	27.104
1445	23.719	27.09
1446	23.562	27.101
1447	23.419	27.052
1448	23.3	27.065
1449	23.194	27.066
1450	23.112	27.085
1451	23.055	27.093
1452	23.012	27.084
1453	22.99	27.099
1454	22.987	27.065
1455	23.008	27.065
1456	23.054	27.046
1457	23.129	27.063
1458	23.23	27.084
1459	23.36	27.107
1460	23.495	27.096
1461	23.64	27.086
1462	23.811	27.043
1463	24.017	27.026
1464	24.249	27.098
1465	24.489	27.043
1466	24.751	27.019
1467	25.049	27
1468	25.389	27.006
1469	26.302	27.044
1470	26.681	27.025
1471	27.073	27.016
1472	27.497	27.043
1473	27.921	27.029
1474	28.379	27.038
1475	28.855	27.025
1476	29.333	27.318
1477	29.823	27.338
1478	30.31	27.3
1479	30.834	27.339
1480	31.38	27.119
1481	31.892	27.122
1482	32.394	27.103
1483	32.888	27.058
1484	33.39	27.059
1485	33.917	27.137
1486	34.433	27.186
1487	34.915	27.167
1488	35.379	27.15
1489	35.774	27.028
1490	36.218	27.048
1491	36.643	27.135
1492	36.995	27.122
1493	37.328	27.158
1494	36.643	27.072
1495	36.902	27.077
1496	37.072	27.022
1497	37.235	27.004
1498	37.384	27.031
1499	37.494	27.028
1500	37.539	26.981
1501	37.604	26.733
1502	37.616	26.758
1503	37.549	26.735
1504	37.447	26.707
1505	37.291	26.919
1506	37.14	26.904
1507	36.952	26.894
1508	36.787	26.981
1509	36.492	26.898
1510	36.184	26.832
1511	35.877	26.796
1512	35.544	26.808
1513	35.207	26.839
1514	34.882	26.902
1515	34.517	26.941
1516	34.089	26.861
1517	33.707	26.921
1518	33.261	26.895
1519	32.877	26.963
1520	32.447	26.957
1521	32.079	26.98
1522	31.656	27.036
1523	31.222	27.048
1524	30.782	27.04
1525	30.344	27.066
1526	29.889	27.06
1527	29.478	27.108
1528	29.067	27.099
1529	28.656	27.119
1530	28.237	27.114
1531	27.857	27.167
1532	27.491	27.203
1533	27.098	27.142
1534	26.765	27.189
1535	26.456	27.264
1536	26.124	27.25
1537	25.821	27.267
1538	25.52	27.28
1539	25.216	27.226
1540	24.939	27.205
1541	24.686	27.214
1542	24.429	27.145
1543	24.209	27.111
1544	24.011	27.125
1545	23.825	27.118
1546	23.634	27.141
1547	23.469	27.089
1548	23.343	27.1
1549	23.242	27.145
1550	23.17	27.179
1551	23.092	27.137
1552	23.034	27.078
1553	23.003	27.083
1554	23.019	27.115
1555	23.055	27.16
1556	23.1	27.156
1557	23.151	27.109
1558	23.235	27.125
1559	23.325	27.08
1560	23.44	27.026
1561	23.598	27.064
1562	23.769	27.053
1563	24.574	27.052
1564	24.831	27.084
1565	25.082	27.088
1566	25.371	27.088
1567	25.694	27.137
1568	26.023	27.154
1569	26.374	27.142
1570	26.738	27.138
1571	27.126	27.121
1572	27.533	27.107
1573	27.936	27.045
1574	28.345	26.992
1575	28.756	26.905
1576	29.229	26.903
1577	29.626	26.938
1578	30.121	26.951
1579	30.579	26.907
1580	31.075	26.878
1581	31.573	26.88
1582	32.096	26.89
1583	32.59	26.854
1584	33.122	26.901
1585	33.598	26.899
1586	34.073	26.85
1587	34.556	26.846
1588	34.041	26.799
1589	34.448	26.798
1590	34.859	26.771
1591	35.245	26.801
1592	35.597	26.782
1593	35.943	26.786
1594	36.23	26.755
1595	36.512	26.739
1596	36.764	26.751
1597	36.983	26.742
1598	37.183	26.737
1599	37.365	26.751
1600	37.545	26.846
1601	37.65	26.86
1602	37.8	26.783
1603	37.782	26.746
1604	37.767	26.732
1605	37.686	26.726
1606	37.566	26.692
1607	37.423	26.713
1608	37.269	26.698
1609	37.029	26.653
1610	36.815	26.707
1611	36.545	26.742
1612	36.232	26.752
1613	35.94	26.827
1614	35.573	26.825
1615	35.159	26.81
1616	34.736	26.786
1617	34.316	26.79
1618	33.868	26.782
1619	33.424	26.795
1620	32.975	26.825
1621	32.53	26.881
1622	32.077	26.901
1623	31.601	26.904
1624	31.141	26.973
1625	30.649	26.94
1626	30.178	26.964
1627	29.7	26.986
1628	29.274	27.041
1629	28.834	27.071
1630	28.409	27.086
1631	27.986	27.092
1632	27.565	27.067
1633	27.166	27.121
1634	26.806	27.215
1635	26.419	27.173
1636	26.085	27.204
1637	25.751	27.21
1638	25.417	27.146
1639	25.121	27.151
1640	24.859	27.175
1641	24.597	27.162
1642	24.351	27.152
1643	24.124	27.143
1644	23.912	27.163
1645	23.706	27.138
1646	23.541	27.156
1647	23.377	27.119
1648	23.261	27.175
1649	23.142	27.105
1650	23.059	27.106
1651	22.994	27.124
1652	22.985	27.19
1653	22.969	27.197
1654	22.947	27.169
1655	22.979	27.186
1656	23.017	27.185
1657	23.08	27.18
1658	23.176	27.212
1659	23.277	27.178
1660	23.425	27.161
1661	23.578	27.139
1662	23.766	27.135
1663	23.974	27.167
1664	24.207	27.149
1665	24.465	27.166
1666	24.755	27.23
1667	25.059	27.229
1668	25.371	27.179
1669	25.703	27.09
1670	26.103	27.124
1671	26.47	27.053
1672	26.889	27.089
1673	27.304	27.043
1674	27.746	27.021
1675	28.206	27.012
1676	28.659	26.916
1677	29.129	26.87
1678	29.598	26.825
1679	30.12	26.819
1680	30.633	26.778
1681	31.169	26.773
1682	31.721	26.845
1683	32.258	26.828
1684	32.766	26.775
1685	33.262	26.761
1686	33.764	26.744
1687	34.259	26.75
1688	34.728	26.714
1689	35.229	26.763
1690	35.688	26.777
1691	36.089	26.713
1692	36.489	26.718
1693	36.875	26.753
1694	37.237	26.822
1695	37.517	26.829
1696	37.797	26.867
1697	38.016	26.836
1698	38.194	26.826
1699	38.39	26.905
1700	38.452	26.853
1701	38.516	26.883
1702	38.501	26.854
1703	38.496	26.878
1704	38.424	26.871
1705	38.274	26.868
1706	38.084	26.862
1707	37.879	26.864
1708	37.618	26.856
1709	37.333	26.861
1710	37.016	26.86
1711	36.677	26.896
1712	36.294	26.914
1713	35.895	26.923
1714	35.418	26.859
1715	34.931	26.805
1716	34.487	26.809
1717	34.017	26.827
1718	33.513	26.804
1719	33.024	26.8
1720	32.53	26.768
1721	32.031	26.764
1722	31.526	26.751
1723	31.042	26.743
1724	30.544	26.712
1725	30.101	26.754
1726	29.648	26.806
1727	29.217	26.898
1728	28.766	26.911
1729	28.355	26.99
1730	27.955	27.046
1731	27.573	27.074
1732	27.163	27.016
1733	26.779	26.985
1734	26.436	27.006
1735	26.117	27.014
1736	25.792	27.008
1737	25.509	27.045
1738	25.224	27.051
1739	24.967	27.097
1740	24.716	27.111
1741	24.481	27.123
1742	24.273	27.142
1743	24.077	27.166
1744	23.913	27.214
1745	23.75	27.22
1746	23.614	27.223
1747	23.501	27.274
1748	23.398	27.294
1749	23.294	27.257
1750	23.195	27.234
1751	23.141	27.221
1752	23.105	27.182
1753	23.102	27.178
1754	23.096	27.134
1755	23.116	27.076
1756	23.153	27.049
1757	23.218	27.017
1758	23.31	27.016
1759	23.422	27.022
1760	23.557	27.036
1761	23.596	27.065
1762	23.787	27.023
1763	24.005	27.089
1764	24.22	27.072
1765	24.466	27.072
1766	24.749	27.1
1767	25.023	27.064
1768	25.356	27.126
1769	25.666	27.026
1770	26.015	27.002
1771	26.381	26.969
1772	26.798	26.979
1773	27.236	27.037
1774	27.672	27.046
1775	28.158	27.079
1776	28.622	27.046
1777	29.078	26.972
1778	29.579	26.978
1779	30.089	26.981
1780	30.593	26.976
1781	31.112	26.96
1782	31.644	26.972
1783	32.161	26.957
1784	32.692	26.988
1785	33.194	26.985
1786	33.914	26.999
1787	34.369	26.966
1788	34.834	26.896
1789	35.329	26.918
1790	35.826	26.947
1791	36.238	26.918
1792	36.637	26.9
1793	36.994	26.861
1794	37.35	26.897
1795	37.672	26.934
1796	37.965	26.981
1797	38.163	26.985
1798	38.331	26.955
1799	38.483	26.968
1800	38.568	26.956
1801	38.631	26.99
1802	38.661	27.043
1803	38.574	26.986
1804	38.473	26.963
1805	38.36	27.029
1806	38.175	27.057
1807	37.962	27.056
1808	37.676	27.029
1809	37.353	26.969
1810	37.004	26.932
1811	36.576	26.822
1812	36.225	26.89
1813	35.806	26.886
1814	35.358	26.841
1815	34.874	26.809
1816	34.409	26.83
1817	33.918	26.809
1818	33.44	26.793
1819	32.96	26.834
1820	32.468	26.809
1821	31.966	26.757
1822	31.492	26.757
1823	30.993	26.727
1824	30.516	26.745
1825	30.05	26.762
1826	29.562	26.727
1827	29.118	26.744
1828	28.7	26.81
1829	28.296	26.85
1830	27.91	26.854
1831	27.549	26.915
1832	27.17	26.938
1833	26.834	27.001
1834	26.513	27.08
1835	26.19	27.105
1836	25.888	27.173
1837	25.568	27.146
1838	25.292	27.158
1839	25.052	27.236
1840	24.819	27.292
1841	24.587	27.282
1842	24.389	27.303
1843	24.219	27.393
1844	24.047	27.408
1845	23.906	27.49
1846	23.748	27.526
1847	23.596	27.474
1848	23.483	27.489
1849	23.384	27.472
1850	23.299	27.445
1851	23.254	27.471
1852	23.194	27.434
1853	23.168	27.387
1854	23.155	27.354
1855	23.171	27.382
1856	23.19	27.314
1857	23.249	27.334
1858	23.316	27.296
1859	23.401	27.235
1860	23.551	27.313
1861	23.714	27.301
1862	23.883	27.255
1863	24.076	27.264
1864	24.299	27.258
1865	24.537	27.221
1866	24.805	27.203
1867	25.086	27.235
1868	25.381	27.164
1869	25.691	27.113
1870	26.011	27.026
1871	26.4	27.009
1872	26.808	27.025
1873	27.223	27.031
1874	27.64	26.98
1875	28.122	27.033
1876	28.594	27.009
1877	29.097	27.001
1878	29.586	26.998
1879	30.072	26.949
1880	30.563	26.879
1881	31.092	26.864
1882	31.618	26.805
1883	32.158	26.8
1884	32.688	26.809
1885	33.176	26.574
1886	33.668	26.552
1887	34.162	27.588
1888	34.643	27.549
1889	35.064	27.464
1890	35.523	27.473
1891	35.94	27.453
1892	36.381	27.471
1893	36.741	27.462
1894	37.106	27.479
1895	37.435	27.523
1896	37.693	27.48
1897	37.919	27.459
1898	38.162	27.497
1899	38.35	27.572
1900	38.418	27.529
1901	38.496	27.598
1902	38.513	27.598
1903	38.534	27.659
1904	38.49	27.688
1905	38.37	27.682
1906	38.192	27.65
1907	37.995	27.715
1908	37.774	27.768
1909	37.489	27.766
1910	37.169	27.926
1911	36.843	27.948
1912	36.48	26.938
1913	36.091	26.967
1914	35.654	26.963
1915	35.191	26.963
1916	34.733	26.978
1917	34.232	26.95
1918	33.773	26.994
1919	33.299	27.021
1920	32.811	27.034
1921	32.334	27.102
1922	31.829	27.118
1923	31.302	27.082
1924	30.807	27.062
1925	30.328	27.054
1926	29.84	27.003
1927	29.387	27.063
1928	28.902	27.045
1929	28.468	27.079
1930	28.037	27.118
1931	27.645	27.21
1932	27.284	27.255
1933	26.897	27.23
1934	26.528	27.2
1935	26.186	27.218
1936	25.88	27.317
1937	25.577	27.345
1938	25.292	27.372
1939	25.031	27.429
1940	24.78	27.414
1941	24.552	27.433
1942	24.339	27.467
1943	24.116	27.432
1944	23.924	27.434
1945	23.738	27.398
1946	23.569	27.354
1947	23.436	27.344
1948	23.316	27.307
1949	23.226	27.31
1950	23.152	27.324
1951	23.109	27.344
1952	23.07	27.325
1953	23.059	27.288
1954	23.064	27.278
1955	23.114	27.339
1956	23.168	27.355
1957	23.215	27.288
1958	23.308	27.298
1959	23.455	27.309
1960	23.589	27.283
1961	23.724	27.199
1962	23.905	27.19
1963	24.098	27.17
1964	24.308	27.141
1965	24.561	27.17
1966	24.824	27.188
1967	25.115	27.145
1968	25.432	27.139
1969	25.77	27.123
1970	26.152	27.138
1971	26.539	27.125
1972	26.948	27.138
1973	27.385	27.196
1974	27.811	27.161
1975	28.259	27.159
1976	28.722	27.162
1977	29.228	27.191
1978	29.733	27.209
1979	30.23	27.185
1980	30.693	27.047
1981	31.186	27.015
1982	31.69	27.001
1983	32.209	26.995
1984	32.677	26.995
1985	33.204	27.034
1986	33.698	26.991
1987	34.17	26.918
1988	34.657	26.941
1989	35.132	26.935
1990	35.606	26.904
1991	36.013	26.884
1992	36.405	26.866
1993	36.762	26.852
1994	37.086	26.817
1995	37.363	26.781
1996	37.631	26.783
1997	37.858	26.775
1998	38.035	26.741
1999	38.232	26.808
2000	38.378	26.851
2001	38.419	26.807
2002	38.397	26.742
2003	38.365	26.778
2004	38.299	26.807
2005	38.183	26.813
2006	38.037	26.803
2007	37.838	26.8
2008	37.598	26.81
2009	37.319	26.797
2010	36.993	26.774
2011	36.664	26.814
2012	36.297	26.828
2013	35.877	26.775
2014	35.475	26.789
2015	34.975	26.786
2016	34.532	26.774
2017	34.082	26.823
2018	33.622	26.85
2019	33.156	26.906
2020	32.672	26.942
2021	32.195	26.986
2022	31.707	27.012
2023	31.209	27.035
2024	30.719	26.967
2025	30.226	26.943
2026	29.76	26.948
2027	29.317	27.004
2028	28.871	26.967
2029	28.437	26.953
2030	28.046	27.037
2031	27.631	27.016
2032	27.251	27.062
2033	26.88	27.053
2034	26.526	27.058
2035	26.194	27.062
2036	25.869	27.038
2037	25.569	27.046
2038	25.288	27.06
2039	25.025	27.084
2040	24.79	27.11
2041	24.549	27.119
2042	24.33	27.123
2043	24.124	27.144
2044	23.932	27.121
2045	23.775	27.132
2046	23.612	27.099
2047	23.486	27.117
2048	23.373	27.088
2049	23.249	27.09
2050	23.158	27.076
2051	23.12	27.144
2052	23.079	27.121
2053	23.056	27.117
2054	23.057	27.111
2055	23.076	27.089
2056	23.129	27.128
2057	23.184	27.082
2058	23.268	27.097
2059	23.373	27.104
2060	23.503	27.089
2061	23.663	27.108
2062	23.832	27.099
2063	24.018	27.101
2064	24.23	27.075
2065	24.469	27.04
2066	24.743	27.042
2067	25.031	27.042
2068	25.356	27.033
2069	25.682	27.018
2070	26.024	26.967
2071	26.411	26.96
2072	26.8	26.922
2073	27.221	26.904
2074	27.662	26.894
2075	28.137	26.884
2076	28.589	26.808
2077	29.062	26.769
2078	29.561	26.744
2079	30.077	26.767
2080	30.584	26.723
2081	31.108	26.747
2082	31.647	26.781
2083	32.134	26.708
2084	32.663	26.692
2085	33.181	26.706
2086	33.71	26.752
2087	34.215	26.745
2088	34.725	26.785
2089	35.192	26.758
2090	35.664	26.804
2091	36.082	26.79
2092	36.477	26.766
2093	36.797	26.702
2094	37.151	26.691
2095	37.461	26.68
2096	37.747	26.679
2097	37.978	26.676
2098	38.179	26.684
2099	38.355	26.736
2100	38.453	26.76
2101	38.516	26.787
2102	38.544	26.8
2103	38.512	26.813
2104	38.465	26.839
2105	38.359	26.919
2106	38.145	26.848
2107	37.917	26.808
2108	37.712	26.862
2109	37.402	26.859
2110	37.08	26.85
2111	36.716	26.819
2112	36.36	26.873
2113	35.731	26.922
2114	35.316	26.985
2115	34.864	26.964
2116	34.457	27.013
2117	33.994	27.033
2118	33.53	27.041
2119	33.041	27.06
2120	32.548	27.211
2121	32.046	27.237
2122	31.556	27.242
2123	31.071	27.272
2124	30.596	27.257
2125	30.095	27.219
2126	29.641	27.213
2127	29.207	27.253
2128	28.755	27.222
2129	28.312	27.19
2130	27.894	27.14
2131	27.522	27.155
2132	27.146	27.161
2133	26.795	27.157
2134	26.497	27.269
2135	26.168	27.303
2136	25.843	27.276
2137	25.544	27.27
2138	25.416	27.228
2139	25.147	27.191
2140	24.894	27.179
2141	24.635	27.145
2142	24.408	27.11
2143	24.242	27.203
2144	24.07	27.238
2145	23.912	27.139
2146	23.768	27.156
2147	23.645	27.16
2148	23.535	27.185
2149	23.431	27.174
2150	23.351	27.158
2151	23.286	27.158
2152	23.224	27.12
2153	23.213	27.11
2154	23.125	27.116
2155	23.157	27.19
2156	23.189	27.206
2157	23.231	27.18
2158	23.312	27.211
2159	23.389	27.125
2160	23.502	27.095
2161	23.648	27.091
2162	23.825	27.122
2163	24.008	27.077
2164	24.21	27.058
2165	24.445	27.065
2166	24.709	27.048
2167	24.994	27.056
2168	25.283	26.993
2169	25.602	26.947
2170	25.959	26.947
2171	26.317	26.917
2172	26.706	26.899
2173	27.137	26.894
2174	27.561	26.854
2175	28.033	26.872
2176	28.503	26.881
2177	28.982	26.846
2178	29.483	26.906
2179	30.094	26.878
2180	30.584	26.758
2181	31.14	26.781
2182	31.689	26.806
2183	32.202	26.766
2184	32.758	26.788
2185	33.29	26.816
2186	33.8	26.784
2187	34.292	26.747
2188	34.777	26.729
2189	35.269	26.73
2190	35.74	26.698
2191	36.185	26.744
2192	36.642	26.801
2193	37.003	26.8
2194	37.342	26.791
2195	37.643	26.811
2196	37.948	26.829
2197	38.175	26.829
2198	38.335	26.783
2199	38.52	26.854
2200	38.614	26.837
2201	38.705	26.869
2202	38.796	26.954
2203	38.762	26.965
2204	38.68	26.984
2205	38.573	26.986
2206	38.349	26.94
2207	38.123	26.896
2208	37.893	26.949
2209	37.553	26.912
2210	37.187	26.857
2211	36.833	26.892
2212	36.438	26.92
2213	36.022	26.942
2214	35.607	26.987
2215	35.137	27.041
2216	34.638	27.014
2217	34.118	26.988
2218	33.664	27.049
2219	33.163	27.069
2220	32.655	27.026
2221	32.166	27.067
2222	31.669	27.113
2223	31.182	26.99
2224	30.673	26.998
2225	30.214	27.049
2226	29.693	27.011
2227	29.18	26.968
2228	28.72	26.951
2229	28.298	26.984
2230	27.863	27.074
2231	27.468	27.068
2232	27.084	27.15
2233	26.694	27.122
2234	26.339	27.151
2235	26.021	27.182
2236	25.709	27.202
2237	25.405	27.141
2238	25.131	27.175
2239	24.859	27.162
2240	24.617	27.122
2241	24.416	27.159
2242	24.202	27.116
2243	23.996	27.105
2244	23.839	27.149
2245	23.678	27.161
2246	23.52	27.083
2247	23.401	27.063
2248	23.284	27.192
2249	23.213	27.162
2250	23.142	27.155
2251	23.097	27.142
2252	23.073	27.13
2253	23.061	27.119
2254	23.056	27.089
2255	23.096	27.034
2256	23.136	27.02
2257	23.21	26.972
2258	23.306	26.943
2259	23.423	26.914
2260	23.576	26.932
2261	23.733	26.946
2262	23.924	26.989
2263	24.132	26.981
2264	24.358	26.958
2265	24.605	26.968
2266	24.879	26.992
2267	25.179	27.005
2268	25.471	26.93
2269	25.795	26.905
2270	26.16	26.901
2271	26.53	26.905
2272	26.95	26.952
2273	27.364	26.956
2274	27.778	26.914
2275	28.209	26.871
2276	28.681	26.866
2277	29.173	26.893
2278	29.666	26.881
2279	30.158	26.832
2280	30.661	26.825
2281	31.203	26.864
2282	31.734	26.896
2283	32.259	26.91
2284	32.785	26.906
2285	33.274	26.881
2286	33.764	26.828
2287	34.249	26.808
2288	34.713	26.79
2289	35.161	26.806
2290	35.629	26.855
2291	36.015	26.79
2292	36.411	26.813
2293	36.79	26.86
2294	37.114	26.842
2295	37.402	26.828
2296	37.699	26.861
2297	37.893	26.794
2298	38.075	26.793
2299	38.253	26.839
2300	38.362	26.87
2301	38.435	26.869
2302	38.426	26.838
2303	38.402	26.84
2304	38.366	26.879
2305	38.244	26.877
2306	38.054	26.856
2307	37.843	26.867
2308	37.632	26.941
2309	37.353	26.969
2310	37.054	26.977
2311	36.716	27
2312	36.336	27.002
2313	35.934	26.979
2314	35.542	27.013
2315	35.088	27.001
2316	34.632	27.031
2317	34.156	27.044
2318	33.691	27.034
2319	33.223	27.074
2320	32.762	27.134
2321	32.263	27.121
2322	31.77	27.135
2323	31.293	27.181
2324	30.796	27.169
2325	30.345	27.24
2326	29.866	27.244
2327	29.417	27.297
2328	28.97	27.311
2329	28.523	27.303
2330	28.129	27.388
2331	27.751	27.468
2332	27.353	27.468
2333	26.953	27.388
2334	26.599	27.385
2335	26.237	27.369
2336	25.93	27.432
2337	25.644	27.473
2338	25.338	27.473
2339	25.063	27.458
2340	24.805	27.452
2341	24.551	27.39
2342	24.329	27.364
2343	24.112	27.342
2344	23.93	27.346
2345	23.73	27.282
2346	23.58	27.278
2347	23.459	27.319
2348	23.343	27.286
2349	23.24	27.29
2350	23.152	27.212
2351	23.099	27.233
2352	23.055	27.196
2353	23.019	27.166
2354	23.021	27.161
2355	23.032	27.121
2356	23.058	27.053
2357	23.124	27.02
2358	23.215	27.02
2359	23.315	26.999
2360	23.461	27.012
2361	23.613	26.979
2362	23.762	26.913
2363	23.976	26.922
2364	24.191	26.895
2365	24.433	26.862
2366	24.727	26.933
2367	25.02	26.908
2368	25.346	26.901
2369	25.684	26.87
2370	26.054	26.847
2371	26.444	26.873
2372	26.829	26.813
2373	27.249	26.802
2374	27.701	26.787
2375	28.142	26.749
2376	28.633	26.755
2377	29.104	26.714
2378	29.623	26.752
2379	30.143	26.757
2380	30.655	26.753
2381	31.192	26.757
2382	31.743	26.788
2383	32.282	26.806
2384	32.788	26.787
2385	33.299	26.789
2386	33.827	26.812
2387	34.334	26.824
2388	34.854	26.876
2389	35.318	26.878
2390	35.763	26.883
2391	36.169	26.843
2392	36.565	26.858
2393	36.929	26.898
2394	37.255	26.875
2395	37.58	26.938
2396	37.818	26.899
2397	38.027	26.901
2398	38.199	26.885
2399	38.337	26.888
2400	38.434	26.916
2401	38.424	26.862
2402	38.457	26.935
2403	38.427	26.955
2404	38.343	26.985
2405	38.222	26.88
2406	38.036	26.909
2407	37.79	26.867
2408	37.523	26.836
2409	37.262	26.884
2410	36.94	26.888
2411	36.544	26.809
2412	36.185	26.803
2413	35.758	26.764
2414	35.358	26.784
2415	34.946	26.825
2416	34.484	26.797
2417	34.034	26.841
2418	33.597	26.891
2419	33.11	26.907
2420	32.614	26.872
2421	32.134	26.925
2422	31.667	26.952
2423	31.19	26.967
2424	30.708	26.96
2425	30.241	26.97
2426	29.802	27.009
2427	29.339	26.976
2428	28.906	26.975
2429	28.473	26.949
2430	28.057	27.052
2431	27.651	27.025
2432	27.277	27.086
2433	26.912	27.125
2434	26.562	27.106
2435	26.238	27.106
2436	25.927	27.175
2437	25.622	27.198
2438	25.331	27.19
2439	25.047	27.176
2440	24.787	27.16
2441	24.577	27.269
2442	24.34	27.221
2443	24.135	27.247
2444	23.952	27.242
2445	23.783	27.244
2446	23.638	27.217
2447	23.498	27.21
2448	23.372	27.187
2449	23.296	27.262
2450	23.218	27.258
2451	23.149	27.246
2452	23.1	27.228
2453	23.078	27.216
2454	23.088	27.238
2455	23.097	27.219
2456	23.152	27.244
2457	23.212	27.226
2458	23.296	27.202
2459	23.406	27.222
2460	23.55	27.258
2461	23.711	27.256
2462	23.877	27.244
2463	24.075	27.232
2464	24.319	27.288
2465	24.552	27.237
2466	24.784	27.131
2467	25.078	27.119
2468	25.385	27.084
2469	25.707	27.063
2470	26.064	27.062
2471	26.441	27.043
2472	26.839	27.026
2473	27.281	27.084
2474	27.699	27.011
2475	28.139	26.993
2476	28.647	27.058
2477	29.169	27.094
2478	29.656	27.071
2479	30.159	27.06
2480	30.678	27.025
2481	31.18	26.973
2482	31.681	26.94
2483	32.181	26.918
2484	32.734	26.965
2485	33.22	26.899
2486	33.713	26.871
2487	34.232	26.897
2488	34.719	26.907
2489	35.168	26.87
2490	35.616	26.888
2491	36.079	26.938
2492	36.488	26.955
2493	36.827	26.876
2494	37.175	26.879
2495	37.467	26.883
2496	37.725	26.897
2497	37.962	27.991
2498	38.102	27.929
2499	38.233	27.927
2500	38.361	27.937
2501	38.379	27.881
2502	38.372	27.853
2503	38.314	27.836
2504	38.245	27.859
2505	38.123	27.87
2506	37.974	28.971
2507	37.791	28.952
2508	37.568	28.992
2509	37.25	28.914
2510	36.959	28.952
2511	36.61	28.924
2512	36.246	28.916
2513	35.872	28.971
2514	35.464	28.978
2515	35.03	28.977
2516	34.562	28.944
2517	34.126	29
2518	33.632	28.99
2519	33.153	28.994
2520	32.685	29.012
2521	32.199	29.004
2522	31.706	27.854
2523	31.247	27.902
2524	30.776	27.931
2525	30.307	27.974
2526	29.832	27.985
2527	29.385	28.006
2528	28.947	28.008
2529	28.502	27.979
2530	28.087	28.009
2531	27.679	26.968
2532	27.289	26.982
2533	26.903	26.948
2534	26.546	26.967
2535	26.196	26.96
2536	25.879	26.994
2537	25.587	27.063
2538	25.311	27.093
2539	25.038	27.113
2540	24.791	27.132
2541	24.556	27.145
2542	24.315	27.086
2543	24.137	27.158
2544	23.964	27.192
2545	23.792	27.177
2546	23.607	27.226
2547	23.461	27.212
2548	23.493	27.221
2549	23.378	27.198
2550	23.299	27.181
2551	23.268	27.223
2552	23.227	27.274
2553	23.222	27.329
2554	23.24	27.369
2555	23.26	27.355
2556	23.296	27.351
2557	23.346	27.323
2558	23.435	27.313
2559	23.55	27.333
2560	23.68	27.326
2561	23.832	27.283
2562	23.997	27.265
2563	24.173	27.182
2564	24.38	27.125
2565	24.627	27.151
2566	24.884	27.13
2567	25.167	27.132
2568	25.466	27.113
2569	25.791	27.105
2570	26.132	27.07
2571	26.533	27.047
2572	26.95	27.096
2573	27.187	27.049
2574	27.636	27.065
2575	28.08	27.04
2576	28.512	26.958
2577	28.981	26.893
2578	29.461	26.851
2579	29.936	26.788
2580	30.441	26.762
2581	30.971	26.783
2582	31.519	26.816
2583	32.056	26.834
2584	32.564	26.789
2585	33.085	26.818
2586	33.584	26.818
2587	34.087	26.807
2588	34.544	26.787
2589	34.993	26.742
2590	35.427	26.71
2591	35.873	26.724
2592	36.308	26.746
2593	36.689	26.725
2594	37.019	26.715
2595	37.361	26.727
2596	37.697	26.752
2597	37.935	26.729
2598	38.144	26.759
2599	38.325	26.771
2600	38.452	26.782
2601	38.533	26.825
2602	38.568	26.84
2603	38.516	26.813
2604	38.447	26.828
2605	38.349	26.845
2606	38.217	26.901
2607	37.993	27.023
2608	37.757	27.046
2609	37.489	27.089
2610	37.175	27.077
2611	36.838	27.101
2612	36.429	27.004
2613	36.071	27.063
2614	35.673	27.111
2615	35.443	27.088
2616	34.995	27.133
2617	34.507	27.102
2618	33.924	27.096
2619	33.435	27.09
2620	32.924	27.108
2621	32.383	27.038
2622	31.879	27.093
2623	31.372	27.093
2624	30.886	27.133
2625	30.396	27.181
2626	29.917	27.177
2627	29.437	27.166
2628	29.002	27.2
2629	28.587	27.28
2630	28.153	27.296
2631	27.703	27.198
2632	27.314	27.095
2633	26.956	27.155
2634	26.583	27.128
2635	26.22	27.085
2636	25.867	27.072
2637	25.557	27.119
2638	25.261	27.101
2639	24.982	27.11
2640	24.594	27.172
2641	24.343	27.137
2642	24.113	27.15
2643	23.964	26.999
2644	23.814	27.019
2645	23.65	27.005
2646	23.886	27.087
2647	23.743	27.037
2648	23.637	27.071
2649	23.519	26.996
2650	23.436	26.959
2651	23.381	26.945
2652	23.345	26.967
2653	23.343	27.027
2654	23.33	26.986
2655	23.338	26.945
2656	23.387	26.991
2657	23.448	26.993
2658	23.51	26.936
2659	23.622	26.958
2660	23.768	27.014
2661	23.935	27.024
2662	24.123	26.979
2663	24.297	26.933
2664	24.508	26.948
2665	24.721	26.932
2666	24.974	26.935
2667	25.277	26.968
2668	25.546	27.098
2669	25.834	27.082
2670	26.16	27.053
2671	26.096	26.997
2672	26.487	27.018
2673	26.886	26.967
2674	27.31	26.999
2675	27.741	26.991
2676	28.19	26.977
2677	28.66	26.937
2678	29.119	26.865
2679	29.598	26.799
2680	30.104	26.818
2681	30.631	26.806
2682	31.163	26.798
2683	31.684	26.773
2684	32.193	26.754
2685	32.691	26.681
2686	33.211	26.689
2687	33.699	26.705
2688	34.224	26.762
2689	34.716	26.719
2690	35.198	26.661
2691	35.662	26.653
2692	36.073	26.628
2693	36.539	26.644
2694	36.921	26.637
2695	37.306	26.697
2696	37.603	26.669
2697	37.888	26.664
2698	38.121	26.669
2699	38.324	26.645
2700	38.519	26.694
2701	38.608	26.674
2702	38.664	26.692
2703	38.677	26.723
2704	38.649	26.75
2705	38.593	26.787
2706	38.439	26.779
2707	38.246	26.78
2708	38.034	26.803
2709	37.787	26.825
2710	37.489	26.837
2711	37.15	26.829
2712	36.774	26.87
2713	36.355	26.835
2714	35.953	26.885
2715	35.538	26.966
2716	35.035	26.925
2717	34.539	26.94
2718	34.039	26.941
2719	33.529	26.959
2720	33	26.973
2721	32.501	27.028
2722	31.982	27.025
2723	31.47	27.063
2724	30.952	27.111
2725	30.433	27.097
2726	29.941	27.128
2727	29.446	27.148
2728	28.976	27.152
2729	28.543	27.22
2730	28.095	27.2
2731	27.668	27.212
2732	27.278	27.276
2733	26.883	27.284
2734	26.498	27.28
2735	26.13	27.303
2736	25.811	27.375
2737	25.496	27.376
2738	25.196	27.385
2739	24.925	27.42
2740	24.681	27.452
2741	24.442	27.499
2742	24.198	27.448
2743	23.993	27.451
2744	23.816	27.466
2745	23.659	27.456
2746	23.521	27.443
2747	23.39	27.448
2748	23.279	27.452
2749	23.185	27.441
2750	23.096	27.438
2751	23.061	27.474
2752	23.02	27.417
2753	23.023	27.465
2754	23.012	27.399
2755	23.041	27.387
2756	23.094	27.366
2757	23.149	27.296
2758	23.246	27.3
2759	23.363	27.27
2760	23.523	27.282
2761	23.689	27.281
2762	23.869	27.226
2763	24.076	27.214
2764	24.288	27.173
2765	24.558	27.14
2766	24.819	27.106
2767	25.119	27.114
2768	25.434	27.089
2769	25.769	27.065
2770	26.113	27.021
2771	26.476	26.992
2772	26.869	26.967
2773	27.285	26.945
2774	27.743	26.977
2775	28.206	26.921
2776	28.654	26.867
2777	29.161	26.91
2778	29.63	26.859
2779	30.132	26.858
2780	30.644	26.843
2781	31.154	26.833
2782	31.679	26.813
2783	32.221	26.841
2784	32.735	26.843
2785	33.235	26.82
2786	33.683	26.716
2787	34.167	26.725
2788	34.646	26.718
2789	35.091	26.708
2790	35.461	26.686
2791	35.932	26.764
2792	36.343	26.767
2793	36.709	26.769
2794	37.031	26.764
2795	37.313	26.77
2796	37.59	26.772
2797	37.799	26.737
2798	37.944	26.68
2799	38.052	26.611
2800	38.157	26.629
2801	38.228	26.675
2802	38.241	26.654
2803	38.212	26.639
2804	38.153	26.674
2805	38.073	26.748
2806	37.915	26.758
2807	37.691	26.733
2808	37.43	26.71
2809	37.14	26.703
2810	36.854	26.751
2811	36.543	26.823
2812	36.194	26.862
2813	35.815	26.886
2814	35.452	26.946
2815	35.001	26.9
2816	34.538	26.859
2817	34.09	26.909
2818	33.633	26.947
2819	33.174	27.004
2820	32.726	27.036
2821	32.24	27.055
2822	31.768	27.094
2823	31.318	27.143
2824	30.854	27.179
2825	30.376	27.157
2826	29.911	27.148
2827	29.438	27.137
2828	28.988	27.136
2829	28.546	27.114
2830	28.112	27.062
2831	27.714	27.078
2832	27.337	27.132
2833	26.957	27.119
2834	26.62	27.17
2835	26.269	27.15
2836	25.944	27.155
2837	25.638	27.168
2838	25.346	27.18
2839	25.051	27.129
2840	24.791	27.128
2841	24.559	27.163
2842	24.338	27.142
2843	24.117	27.127
2844	23.911	27.055
2845	23.751	27.099
2846	23.595	27.084
2847	23.458	27.093
2848	23.339	27.101
2849	23.238	27.073
2850	23.145	27.076
2851	23.075	27.03
2852	23.036	27.018
2853	23.04	27.076
2854	23.046	27.088
2855	23.071	27.097
2856	23.135	27.169
2857	23.184	27.124
2858	23.274	27.096
2859	23.377	27.043
2860	23.511	27.037
2861	23.67	26.997
2862	23.843	26.962
2863	24.039	26.958
2864	24.263	26.956
2865	24.51	26.944
2866	24.78	26.941
2867	25.068	26.93
2868	25.396	26.922
2869	25.735	26.922
2870	26.081	26.883
2871	26.461	26.902
2872	26.874	26.906
2873	27.284	26.899
2874	27.72	26.887
2875	28.2	26.926
2876	28.687	26.981
2877	29.195	27.013
2878	29.665	26.931
2879	30.159	26.892
2880	30.662	26.885
2881	31.156	26.83
2882	31.704	26.87
2883	32.22	26.872
2884	32.761	26.922
2885	33.264	26.902
2886	33.725	26.853
2887	34.22	26.865
2888	34.712	26.855
2889	35.167	26.848
2890	35.629	26.878
2891	36.037	26.842
2892	36.449	26.875
2893	36.82	26.909
2894	37.16	26.9
2895	37.469	26.911
2896	37.751	26.906
2897	37.966	26.861
2898	38.172	26.861
2899	38.311	26.851
2900	38.417	26.844
2901	38.459	26.824
2902	38.469	26.854
2903	38.436	26.889
2904	38.378	26.932
2905	38.257	26.944
2906	38.095	26.924
2907	37.889	26.902
2908	37.625	26.889
2909	37.297	26.823
2910	37.002	26.859
2911	36.697	26.907
2912	36.317	26.893
2913	35.917	26.903
2914	35.485	26.895
2915	35.059	26.922
2916	34.575	26.914
2917	34.096	26.881
2918	33.619	26.863
2919	33.14	26.891
2920	32.648	26.865
2921	32.172	26.899
2922	31.702	26.956
2923	31.205	26.968
2924	30.742	27.057
2925	30.261	27.059
2926	29.799	27.064
2927	29.362	27.097
2928	28.918	27.098
2929	28.479	27.071
2930	28.045	27.03
2931	27.628	27.016
2932	27.238	27.035
2933	26.872	27.064
2934	26.535	27.1
2935	26.192	27.109
2936	25.867	27.106
2937	25.58	27.169
2938	25.267	27.139
2939	25.007	27.166
2940	24.762	27.187
2941	24.528	27.15
2942	24.311	27.162
2943	24.089	27.12
2944	23.913	27.144
2945	23.747	27.162
2946	23.594	27.18
2947	23.459	27.169
2948	23.355	27.167
2949	23.232	27.085
2950	23.157	27.086
2951	23.102	27.087
2952	23.054	27.05
2953	23.034	27.034
2954	23.034	27.014
2955	23.074	27.065
2956	23.129	27.076
2957	23.204	27.1
2958	23.301	27.127
2959	23.416	27.145
2960	23.549	27.106
2961	23.706	27.116
2962	23.872	27.071
2963	24.099	27.09
2964	24.326	27.072
2965	24.565	27.039
2966	24.841	27.056
2967	25.122	27.033
2968	25.459	27.077
2969	25.806	27.104
2970	26.153	27.08
2971	26.52	27.006
2972	26.915	27.018
2973	27.337	27.017
2974	27.798	27.053
2975	28.255	27.043
2976	28.726	27.035
2977	29.197	27.016
2978	29.694	27.012
2979	30.209	27.029
2980	30.705	26.976
2981	31.236	27.03
2982	31.72	26.966
2983	32.227	26.922
2984	32.731	26.899
2985	33.237	26.893
2986	33.739	26.898
2987	34.239	26.905
2988	34.705	26.913
2989	35.189	26.947
2990	35.612	26.918
2991	36.038	26.891
2992	36.453	26.887
2993	36.816	26.88
2994	37.13	26.833
2995	37.436	26.803
2996	37.734	26.875
2997	37.96	26.862
2998	38.169	26.905
2999	38.299	26.899
3000	38.401	26.885
3001	38.449	26.88
3002	38.469	26.892
3003	38.433	26.894
3004	38.403	26.963
3005	38.294	26.997
3006	38.1	26.957
3007	37.935	27
3008	37.716	27.028
3009	37.44	27.036
3010	37.116	27.035
3011	36.768	27.017
3012	36.388	27.009
3013	35.996	27.014
3014	35.541	26.971
3015	35.104	26.983
3016	34.689	27.084
3017	34.217	27.124
3018	33.733	27.143
3019	33.239	27.141
3020	32.757	27.205
3021	32.208	27.13
3022	31.698	27.096
3023	31.183	27.035
3024	30.723	27.061
3025	30.23	27.088
3026	29.766	27.111
3027	29.306	27.113
3028	28.866	27.16
3029	28.413	27.15
3030	27.982	27.122
3031	27.593	27.127
3032	27.185	27.126
3033	26.803	27.14
3034	26.456	27.156
3035	26.124	27.175
3036	25.803	27.189
3037	25.481	27.166
3038	25.19	27.156
3039	24.903	27.126
3040	24.671	27.162
3041	24.421	27.126
3042	24.187	27.04
3043	24.001	27.042
3044	23.826	27.048
3045	23.661	27.019
3046	23.54	27.055
3047	23.409	27.066
3048	23.286	27.036
3049	23.179	27.004
3050	23.121	27.016
3051	23.068	27.009
3052	23.031	27.014
3053	23.021	26.996
3054	23.021	26.942
3055	23.065	26.986
3056	23.104	26.947
3057	23.196	26.978
3058	23.303	26.986
3059	23.41	26.957
3060	23.556	26.957
3061	23.715	26.958
3062	23.915	26.979
3063	24.124	26.987
3064	24.387	27.082
3065	24.608	27.022
3066	24.878	26.993
3067	25.197	27.087
3068	25.493	27.057
3069	25.827	27.048
3070	26.188	27.06
3071	26.54	27.005
3072	26.952	27.018
3073	27.414	27.114
3074	27.854	27.141
3075	28.303	27.118
3076	28.777	27.076
3077	29.266	27.066
3078	29.754	27.05
3079	30.248	27.025
3080	30.752	27.018
3081	31.274	27.08
3082	31.775	27.033
3083	32.276	27.007
3084	32.792	27.017
3085	33.298	27.034
3086	33.786	26.984
3087	34.267	26.988
3088	34.736	26.973
3089	35.16	26.914
3090	35.62	26.961
3091	36.029	26.977
3092	36.385	26.942
3093	36.782	27.009
3094	37.098	26.998
3095	37.402	27.036
3096	37.737	27.112
3097	37.964	27.117
3098	38.098	27.02
3099	38.237	26.969
3100	38.341	26.995
3101	38.43	27.1
3102	38.416	27.062
3103	38.381	27.057
3104	38.312	27.08
3105	38.194	27.061
3106	38.025	27.052
3107	37.807	27.017
3108	37.582	27.066
3109	37.347	27.138
3110	37.022	27.091
3111	36.698	27.122
3112	36.334	27.145
3113	35.94	27.151
3114	35.529	27.144
3115	35.086	27.133
3116	34.624	27.1
3117	34.156	27.075
3118	33.683	27.09
3119	33.209	27.098
3120	32.704	27.056
3121	32.162	26.997
3122	31.663	26.989
3123	31.19	27.035
3124	30.69	27.022
3125	30.221	27.009
3126	29.728	26.949
3127	29.317	27.043
3128	28.899	27.111
3129	28.476	27.116
3130	28.085	27.192
3131	27.687	27.186
3132	27.308	27.239
3133	26.947	27.269
3134	26.569	27.218
3135	26.218	27.221
3136	25.905	27.293
3137	25.596	27.273
3138	25.295	27.287
3139	25.028	27.289
3140	24.764	27.274
3141	24.529	27.291
3142	24.314	27.308
3143	24.105	27.255
3144	23.921	27.261
3145	23.761	27.232
3146	23.621	27.234
3147	23.498	27.257
3148	23.383	27.257
3149	23.287	27.265
3150	23.192	27.225
3151	23.128	27.245
3152	23.072	27.185
3153	23.033	27.134
3154	23.04	27.186
3155	23.044	27.102
3156	23.086	27.085
3157	23.139	27.049
3158	23.188	26.928
3159	23.296	26.916
3160	23.445	26.955
3161	23.583	26.879
3162	23.764	26.881
3163	23.984	26.874
3164	24.211	26.883
3165	24.474	26.915
3166	24.746	26.909
3167	25.036	26.915
3168	25.346	26.9
3169	25.676	26.875
3170	26.033	26.892
3171	26.408	26.908
3172	26.809	26.886
3173	27.23	26.885
3174	27.697	26.924
3175	28.176	26.949
3176	28.66	26.924
3177	29.171	26.981
3178	29.673	26.997
3179	30.202	26.973
3180	30.713	26.977
3181	31.234	26.969
3182	31.789	27.037
3183	32.363	27.084
3184	32.857	27.043
3185	33.362	27.04
3186	33.881	27.076
3187	34.379	27.057
3188	34.839	27.024
3189	35.288	26.989
3190	35.744	27.017
3191	36.196	27.06
3192	36.592	27.033
3193	36.936	27
3194	37.279	26.997
3195	37.542	26.97
3196	37.821	26.949
3197	38.001	26.91
3198	38.18	26.894
3199	38.309	26.887
3200	38.368	26.848
3201	38.411	26.865
3202	38.372	26.786
3203	38.35	26.813
3204	38.2	26.76
3205	38.074	26.78
3206	37.914	26.801
3207	37.732	26.807
3208	37.484	26.845
3209	37.242	26.888
3210	36.921	26.875
3211	36.579	26.877
3212	36.193	26.871
3213	35.83	26.92
3214	35.404	26.926
3215	34.945	26.87
3216	34.469	26.851
3217	34.019	26.894
3218	33.569	26.92
3219	33.089	26.956
3220	32.617	26.99
3221	32.133	27.024
3222	31.671	27.059
3223	31.19	27.088
3224	30.716	27.108
3225	30.243	27.107
3226	29.773	27.067
3227	29.315	27.073
3228	28.855	27
3229	28.447	27.045
3230	28.041	27.054
3231	27.644	27.056
3232	27.235	27.032
3233	26.842	26.959
3234	26.489	26.968
3235	26.166	26.999
3236	25.844	26.972
3237	25.572	27.026
3238	25.289	27.042
3239	25.032	27.086
3240	24.779	27.128
3241	24.543	27.132
3242	24.327	27.149
3243	24.129	27.163
3244	23.944	27.142
3245	23.782	27.123
3246	23.638	27.132
3247	23.513	27.15
3248	23.412	27.172
3249	23.304	27.136
3250	23.236	27.169
3251	23.188	27.193
3252	23.169	27.229
3253	23.179	27.294
3254	23.182	27.282
3255	23.205	27.301
3256	23.233	27.271
3257	23.299	27.277
3258	23.394	27.314
3259	23.518	27.353
3260	23.631	27.292
3261	23.768	27.258
3262	23.915	27.209
3263	24.093	27.158
3264	24.317	27.137
3265	24.569	27.117
3266	24.842	27.104
3267	25.131	27.052
3268	25.44	27.082
3269	25.799	27.145
3270	26.163	27.163
3271	26.548	27.206
3272	26.944	27.186
3273	27.348	27.139
3274	27.798	27.15
3275	28.249	27.184
3276	28.695	27.152
3277	29.163	27.148
3278	29.622	27.065
3279	30.116	27.055
3280	30.627	27.033
3281	31.156	27.044
3282	31.659	27.02
3283	32.181	26.997
3284	32.679	26.964
3285	33.247	27.052
3286	33.782	27.075
3287	34.286	27.058
3288	34.758	27.045
3289	35.216	27.069
3290	35.627	27.02
3291	36.068	27.079
3292	36.455	27.095
3293	36.811	27.043
3294	37.103	26.951
3295	37.405	26.934
3296	37.644	26.869
3297	37.868	26.87
3298	38.049	26.872
3299	38.162	26.825
3300	38.26	26.774
3301	38.335	26.787
3302	38.316	26.737
3303	38.261	26.729
3304	38.178	26.718
3305	38.023	26.68
3306	37.866	26.696
3307	37.693	26.696
3308	37.471	26.755
3309	37.198	26.723
3310	36.827	26.626
3311	36.524	26.675
3312	36.169	26.711
3313	35.783	26.71
3314	35.364	26.66
3315	34.969	26.7
3316	34.509	26.646
3317	34.048	26.664
3318	33.57	26.659
3319	33.133	26.752
3320	32.654	26.776
3321	32.179	26.793
3322	31.701	26.811
3323	31.204	26.784
3324	30.752	26.845
3325	30.276	26.85
3326	29.82	26.877
3327	29.394	26.937
3328	29.008	27.045
3329	28.596	27.079
3330	28.201	27.116
3331	27.803	27.126
3332	27.418	27.143
3333	27.035	27.122
3334	26.672	27.127
3335	26.347	27.194
3336	25.989	27.168
3337	25.68	27.173
3338	25.405	27.202
3339	25.125	27.203
3340	24.866	27.231
3341	24.624	27.243
3342	24.407	27.243
3343	24.212	27.288
3344	24.004	27.257
3345	23.817	27.24
3346	23.646	27.201
3347	23.513	27.204
3348	23.408	27.248
3349	23.311	27.244
3350	23.245	27.287
3351	23.182	27.241
3352	23.148	27.252
3353	23.101	27.206
3354	23.096	27.193
3355	23.117	27.16
3356	23.143	27.114
3357	23.208	27.124
3358	23.298	27.118
3359	23.404	27.131
3360	23.541	27.152
3361	23.701	27.154
3362	23.859	27.109
3363	24.048	27.094
3364	24.279	27.076
3365	24.526	27.042
3366	24.795	27.019
3367	25.071	26.959
3368	25.391	26.959
3369	25.723	26.942
3370	26.099	26.95
3371	26.488	26.946
3372	26.912	26.995
3373	27.336	26.975
3374	27.768	26.95
3375	28.225	26.921
3376	28.676	26.922
3377	29.136	26.861
3378	29.615	26.788
3379	30.116	26.769
3380	30.611	26.758
3381	31.133	26.764
3382	31.645	26.724
3383	32.149	26.716
3384	32.66	26.679
3385	33.135	26.598
3386	33.645	26.581
3387	34.162	26.623
3388	34.664	26.672
3389	35.129	26.689
3390	35.57	26.698
3391	35.99	26.702
3392	36.416	26.748
3393	36.741	26.687
3394	37.077	26.686
3395	37.407	26.729
3396	37.698	26.754
3397	37.885	26.701
3398	38.064	26.663
3399	38.209	26.665
3400	38.307	26.694
3401	38.407	26.736
3402	38.434	26.767
3403	38.433	26.865
3404	38.362	26.898
3405	38.284	26.96
3406	38.141	26.976
3407	37.942	26.965
3408	37.719	26.957
3409	37.452	26.985
3410	37.182	27.027
3411	36.869	27.095
3412	36.496	27.096
3413	36.12	27.125
3414	35.688	27.14
3415	35.226	27.12
3416	34.756	27.118
3417	34.251	27.094
3418	33.795	27.137
3419	33.309	27.142
3420	32.792	27.119
3421	32.26	27.104
3422	31.759	27.115
3423	31.263	27.151
3424	30.784	27.186
3425	30.302	27.184
3426	29.81	27.157
3427	29.354	27.171
3428	28.881	27.104
3429	28.445	27.1
3430	28.014	27.092
3431	27.611	27.093
3432	27.222	27.131
3433	26.843	27.127
3434	26.471	27.128
3435	26.134	27.152
3436	25.802	27.152
3437	25.486	27.137
3438	25.181	27.078
3439	24.941	27.147
3440	24.698	27.148
3441	24.472	27.189
3442	24.269	27.186
3443	24.073	27.204
3444	23.906	27.216
3445	23.727	27.191
3446	23.602	27.241
3447	23.476	27.225
3448	23.371	27.231
3449	23.278	27.236
3450	23.202	27.214
3451	23.149	27.216
3452	23.114	27.203
3453	23.119	27.237
3454	23.122	27.209
3455	23.149	27.182
3456	23.188	27.214
3457	23.254	27.214
3458	23.356	27.24
3459	23.48	27.246
3460	23.589	27.191
3461	23.725	27.112
3462	23.911	27.141
3463	24.105	27.145
3464	24.296	27.082
3465	24.542	27.105
3466	24.79	27.048
3467	25.086	27.085
3468	25.386	27.035
3469	25.694	26.99
3470	26.068	26.988
3471	26.459	26.978
3472	26.877	27.039
3473	27.294	27.038
3474	27.746	27.015
3475	28.207	27.014
3476	28.69	27.029
3477	29.145	26.983
3478	29.622	26.938
3479	30.122	26.94
3480	30.656	26.995
3481	31.178	26.961
3482	31.697	26.938
3483	32.192	26.897
3484	32.709	26.875
3485	33.244	26.912
3486	33.761	26.936
3487	34.248	26.891
3488	34.73	26.864
3489	35.206	26.872
3490	35.65	26.864
3491	36.103	26.873
3492	36.496	26.859
3493	36.852	26.853
3494	37.198	26.859
3495	37.492	26.846
3496	37.732	26.827
3497	37.918	26.758
3498	38.111	26.789
3499	38.199	26.775
3500	38.287	26.788
3501	38.319	26.744
3502	38.365	26.782
3503	38.353	26.808
3504	38.284	26.83
3505	38.112	26.758
3506	37.953	26.79
3507	37.744	26.796
3508	37.506	26.801
3509	37.204	26.815
3510	36.898	26.796
3511	36.568	26.815
3512	36.194	26.832
3513	35.798	26.844
3514	35.384	26.834
3515	34.946	26.841
3516	34.506	26.857
3517	34.076	26.929
3518	33.613	26.984
3519	33.137	27.018
3520	32.658	27.038
3521	32.165	27.062
3522	31.692	27.103
3523	31.194	27.058
3524	30.74	27.056
3525	30.285	27.069
3526	29.863	27.184
3527	29.4	27.149
3528	28.958	27.148
3529	28.532	27.163
3530	28.116	27.17
3531	27.712	27.126
3532	27.311	27.093
3533	26.948	27.103
3534	26.596	27.117
3535	26.261	27.133
3536	25.918	27.095
3537	25.622	27.118
3538	25.338	27.14
3539	25.079	27.214
3540	24.828	27.213
3541	24.578	27.233
3542	24.345	27.168
3543	24.148	27.151
3544	23.968	27.134
3545	23.802	27.141
3546	23.65	27.09
3547	23.516	27.057
3548	23.403	27.051
3549	23.3	27.076
3550	23.217	27.104
3551	23.15	27.048
3552	23.116	27.087
3553	23.094	27.105
3554	23.097	27.114
3555	23.127	27.141
3556	23.158	27.161
3557	23.235	27.19
3558	23.314	27.211
3559	23.438	27.203
3560	23.566	27.219
3561	23.739	27.245
3562	23.933	27.282
3563	24.124	27.258
3564	24.331	27.169
3565	24.576	27.184
3566	24.851	27.177
3567	25.123	27.143
3568	25.438	27.145
3569	25.762	27.109
3570	26.116	27.125
3571	26.497	27.14
3572	26.889	27.13
3573	27.317	27.159
3574	27.757	27.137
3575	28.224	27.116
3576	28.681	27.09
3577	29.168	27.078
3578	29.642	27.01
3579	30.162	27.025
3580	30.676	27.034
3581	31.211	27.03
3582	31.732	27.038
3583	32.235	26.993
3584	32.73	26.955
3585	33.25	26.939
3586	33.754	26.917
3587	34.252	26.914
3588	34.724	26.878
3589	35.194	26.892
3590	35.648	26.874
3591	36.036	26.833
3592	36.452	26.861
3593	36.812	26.829
3594	37.159	26.863
3595	37.462	26.856
3596	37.702	26.824
3597	37.929	26.84
3598	38.102	26.834
3599	38.241	26.838
3600	38.312	26.83
3601	38.391	26.883
3602	38.365	26.863
3603	38.362	26.913
3604	38.268	26.87
3605	38.133	26.834
3606	37.966	26.837
3607	37.77	26.82
3608	37.596	26.896
3609	37.335	26.941
3610	37.024	26.935
3611	36.682	26.935
3612	36.297	26.915
3613	35.92	26.961
3614	35.5	26.973
3615	35.055	27.003
3616	34.609	27.001
3617	34.146	27.008
3618	33.678	27.035
3619	33.224	27.11
3620	32.745	27.146
3621	32.308	27.247
3622	31.823	27.238
3623	31.345	27.258
3624	30.867	27.28
3625	30.395	27.289
3626	29.908	27.239
3627	29.477	27.261
3628	29.036	27.261
3629	28.59	27.252
3630	28.183	27.302
3631	27.776	27.284
3632	27.368	27.29
3633	26.964	27.244
3634	26.605	27.228
3635	26.253	27.241
3636	25.925	27.309
3637	25.605	27.289
3638	25.319	27.303
3639	25.046	27.322
3640	24.803	27.326
3641	24.577	27.367
3642	24.357	27.375
3643	24.148	27.364
3644	23.924	27.286
3645	23.769	27.304
3646	23.61	27.277
3647	23.479	27.304
3648	23.357	27.295
3649	23.255	27.272
3650	23.178	27.255
3651	23.13	27.269
3652	23.087	27.29
3653	23.066	27.304
3654	23.069	27.329
3655	23.084	27.288
3656	23.129	27.326
3657	23.209	27.347
3658	23.317	27.37
3659	23.431	27.377
3660	23.569	27.364
3661	23.704	27.279
3662	23.888	27.286
3663	24.081	27.275
3664	24.31	27.262
3665	24.528	27.204
3666	24.819	27.237
3667	25.108	27.229
3668	25.415	27.219
3669	25.776	27.231
3670	26.091	27.133
3671	26.445	27.097
3672	26.839	27.072
3673	27.269	27.033
3674	27.728	27.073
3675	28.183	27.057
3676	28.622	27.047
3677	29.112	27.03
3678	29.605	27.026
3679	30.105	26.999
3680	30.627	27.006
3681	31.146	26.963
3682	31.663	26.958
3683	32.162	26.927
3684	32.684	26.931
3685	33.179	26.902
3686	33.709	26.913
3687	34.185	26.881
3688	34.666	26.856
3689	35.107	26.822
3690	35.579	26.839
3691	35.964	26.796
3692	36.333	26.746
3693	36.712	26.76
3694	37.062	26.788
3695	37.384	26.785
3696	37.701	26.834
3697	37.93	26.819
3698	38.105	26.838
3699	38.23	26.809
3700	38.327	26.823
3701	38.426	26.821
3702	38.438	26.817
3703	38.41	26.825
3704	38.334	26.806
3705	38.202	26.799
3706	38.052	26.82
3707	37.826	26.779
3708	37.581	26.791
3709	37.288	26.779
3710	36.96	26.78
3711	36.64	26.841
3712	36.282	26.843
3713	35.895	26.866
3714	35.501	26.888
3715	35.096	26.929
3716	34.648	26.939
3717	34.198	27.005
3718	33.727	27.017
3719	33.216	26.977
3720	32.736	27.026
3721	32.207	26.982
3722	31.724	27.013
3723	31.271	27.081
3724	30.789	27.088
3725	30.317	27.087
3726	29.855	27.108
3727	29.391	27.095
3728	28.949	27.089
3729	28.503	27.12
3730	28.09	27.144
3731	27.676	27.155
3732	27.332	27.251
3733	26.965	27.27
3734	26.616	27.279
3735	26.3	27.322
3736	25.965	27.268
3737	25.658	27.299
3738	25.363	27.317
3739	25.085	27.325
3740	24.803	27.285
3741	24.572	27.286
3742	24.36	27.282
3743	24.175	27.328
3744	23.988	27.317
3745	23.81	27.271
3746	23.662	27.288
3747	23.523	27.261
3748	23.376	27.196
3749	23.262	27.142
3750	23.166	27.116
3751	23.123	27.174
3752	23.092	27.212
3753	23.069	27.21
3754	23.08	27.203
3755	23.116	27.236
3756	23.169	27.229
3757	23.194	27.153
3758	23.262	27.085
3759	23.373	27.097
3760	23.505	27.088
3761	23.646	27.048
3762	23.822	27.016
3763	24.024	27.007
3764	24.24	26.976
3765	24.487	26.979
3766	24.727	26.929
3767	25.03	26.955
3768	25.323	26.941
3769	25.646	26.918
3770	26.016	26.956
3771	26.4	26.94
3772	26.786	26.971
3773	27.217	26.978
3774	27.668	27.011
3775	28.147	27.031
3776	28.592	26.962
3777	29.076	26.951
3778	29.576	26.961
3779	30.087	26.964
3780	30.563	26.904
3781	31.106	26.957
3782	31.661	26.976
3783	32.197	27.015
3784	32.707	26.979
3785	33.215	26.947
3786	33.744	27.005
3787	34.205	26.974
3788	34.673	26.967
3789	35.144	26.985
3790	35.576	26.969
3791	36.025	26.999
3792	36.388	26.962
3793	36.762	26.913
3794	37.124	26.92
3795	37.416	26.905
3796	37.667	26.882
3797	37.909	26.842
3798	38.105	26.865
3799	38.278	26.885
3800	38.419	26.942
3801	38.488	26.97
3802	38.496	26.952
3803	38.45	26.917
3804	38.37	26.929
3805	38.265	26.976
3806	38.064	26.931
3807	37.865	26.923
3808	37.629	26.919
3809	37.365	26.922
3810	37.043	26.953
3811	36.707	26.948
3812	36.376	27.016
3813	35.993	27.019
3814	35.559	27.003
3815	35.18	27.083
3816	34.727	27.056
3817	34.262	27.046
3818	33.776	27.081
3819	33.313	27.17
3820	32.824	27.192
3821	32.372	27.261
3822	31.877	27.281
3823	31.381	27.252
3824	30.856	27.22
3825	30.333	27.123
3826	29.859	27.099
3827	29.394	27.129
3828	28.948	27.176
3829	28.493	27.137
3830	28.068	27.104
3831	27.641	27.109
3832	27.24	27.126
3833	26.87	27.132
3834	26.51	27.155
3835	26.173	27.16
3836	25.849	27.157
3837	25.541	27.133
3838	25.25	27.131
3839	24.994	27.165
3840	24.715	27.136
3841	24.481	27.197
3842	24.268	27.216
3843	24.074	27.236
3844	23.894	27.224
3845	23.736	27.235
3846	23.567	27.208
3847	23.445	27.222
3848	23.349	27.295
3849	23.268	27.3
3850	23.209	27.346
3851	23.146	27.321
3852	23.115	27.31
3853	23.105	27.286
3854	23.144	27.372
3855	23.171	27.378
3856	23.242	27.392
3857	23.324	27.403
3858	23.411	27.441
3859	23.521	27.467
3860	23.65	27.464
3861	23.802	27.466
3862	23.976	27.464
3863	24.175	27.466
3864	24.383	27.424
3865	24.63	27.394
3866	24.896	27.372
3867	25.174	27.354
3868	25.477	27.332
3869	25.79	27.274
3870	26.138	27.259
3871	26.492	27.178
3872	26.865	27.14
3873	27.265	27.111
3874	27.682	27.078
3875	28.135	27.096
3876	28.585	27.066
3877	29.061	27.057
3878	29.567	27.104
3879	30.053	27.098
3880	30.549	27.047
3881	31.062	27.055
3882	31.549	27.016
3883	32.039	26.911
3884	32.558	26.873
3885	33.071	26.844
3886	33.564	26.835
3887	34.062	26.854
3888	34.575	26.87
3889	35.06	26.872
3890	35.502	26.868
3891	35.92	26.869
3892	36.298	26.863
3893	36.682	26.861
3894	37.038	26.85
3895	37.348	26.848
3896	37.653	26.892
3897	37.917	26.92
3898	38.096	26.872
3899	38.269	26.898
3900	38.371	26.881
3901	38.441	26.87
3902	38.472	26.884
3903	38.414	26.823
3904	38.296	26.741
3905	38.185	26.77
3906	38.011	26.746
3907	37.825	26.759
3908	37.601	26.789
3909	37.318	26.788
3910	37.021	26.826
3911	36.683	26.816
3912	36.334	26.825
3913	35.91	26.831
3914	35.523	26.896
3915	35.078	26.867
3916	34.62	26.823
3917	34.188	26.836
3918	33.707	26.818
3919	33.225	26.856
3920	32.738	26.867
3921	32.247	26.923
3922	31.765	26.941
3923	31.308	26.997
3924	30.852	27.068
3925	30.346	27.022
3926	29.899	27.127
3927	29.432	27.122
3928	29.001	27.186
3929	28.586	27.22
3930	28.168	27.236
3931	27.757	27.212
3932	27.348	27.194
3933	26.99	27.263
3934	26.623	27.257
3935	26.276	27.243
3936	25.957	27.258
3937	25.638	27.231
3938	25.344	27.197
3939	25.051	27.222
3940	24.798	27.268
3941	24.584	27.392
3942	24.377	27.437
3943	24.177	27.459
3944	23.96	27.392
3945	23.791	27.372
3946	23.649	27.354
3947	23.526	27.36
3948	23.378	27.301
3949	23.25	27.246
3950	23.182	27.302
3951	23.122	27.253
3952	23.08	27.254
3953	23.067	27.263
3954	23.058	27.243
3955	23.094	27.245
3956	23.147	27.276
3957	23.227	27.322
3958	23.32	27.311
3959	23.451	27.35
3960	23.582	27.348
3961	23.73	27.373
3962	23.908	27.376
3963	24.109	27.401
3964	24.327	27.339
3965	24.576	27.315
3966	24.809	27.164
3967	25.079	27.116
3968	25.377	27.119
3969	25.729	27.173
3970	26.081	27.181
3971	26.442	27.167
3972	26.823	27.138
3973	27.274	27.214
3974	27.733	27.228
3975	28.164	27.158
3976	28.648	27.179
3977	29.139	27.195
3978	29.609	27.127
3979	30.152	27.198
3980	30.683	27.237
3981	31.194	27.208
3982	31.702	27.174
3983	32.217	27.189
3984	32.717	27.168
3985	33.228	27.171
3986	33.739	27.147
3987	34.238	27.134
3988	34.746	27.144
3989	35.201	27.107
3990	35.628	27.073
3991	36.082	27.141
3992	36.48	27.128
3993	36.868	27.111
3994	37.202	27.092
3995	37.496	27.071
3996	37.767	27.066
3997	37.983	27.068
3998	38.109	26.964
3999	38.242	26.969
4000	38.386	27.019
4001	38.401	26.984
4002	38.399	26.948
4003	38.363	26.96
4004	38.238	26.907
4005	38.073	26.848
4006	37.901	26.84
4007	37.717	26.845
4008	37.469	26.812
4009	37.189	26.825
4010	36.885	26.852
4011	36.505	26.815
4012	36.127	26.841
4013	35.696	26.842
4014	35.277	26.848
4015	34.855	26.892
4016	34.408	26.888
4017	33.941	26.904
4018	33.471	26.89
4019	33.014	26.907
4020	32.551	26.912
4021	32.105	26.975
4022	31.637	26.973
4023	31.161	26.998
4024	30.696	26.998
4025	30.246	27.031
4026	29.801	27.064
4027	29.354	27.083
4028	28.945	27.131
4029	28.534	27.141
4030	28.125	27.173
4031	27.737	27.223
4032	27.345	27.217
4033	26.978	27.228
4034	26.645	27.251
4035	26.307	27.229
4036	25.994	27.237
4037	25.694	27.244
4038	25.401	27.2
4039	25.146	27.232
4040	24.898	27.231
4041	24.65	27.227
4042	24.435	27.243
4043	24.237	27.261
4044	24.049	27.297
4045	23.877	27.301
4046	23.711	27.247
4047	23.574	27.255
4048	23.471	27.282
4049	23.363	27.266
4050	23.261	27.231
4051	23.196	27.205
4052	23.148	27.182
4053	23.099	27.135
4054	23.086	27.117
4055	23.102	27.094
4056	23.136	27.079
4057	23.183	27.054
4058	23.264	27.048
4059	23.338	27.007
4060	23.469	27.011
4061	23.618	27.016
4062	23.798	27.008
4063	23.994	27.004
4064	24.208	27.004
4065	24.446	26.989
4066	24.724	26.997
4067	25.012	26.954
4068	25.313	26.942
4069	25.637	26.875
4070	25.979	26.842
4071	26.341	26.826
4072	26.741	26.81
4073	27.16	26.794
4074	27.605	26.798
4075	28.09	26.866
4076	28.578	26.872
4077	29.076	26.895
4078	29.59	26.893
4079	30.105	26.902
4080	30.642	26.928
4081	31.172	26.943
4082	31.753	27.03
4083	32.277	27.019
4084	32.832	27.015
4085	33.35	27.015
4086	33.887	27.028
4087	34.403	27.062
4088	34.913	27.065
4089	35.406	27.109
4090	35.857	27.107
4091	36.245	27.086
4092	36.613	27.092
4093	36.987	27.113
4094	37.331	27.125
4095	37.655	27.152
4096	37.935	27.167
4097	38.184	27.239
4098	38.354	27.215
4099	38.488	27.217
4100	38.497	27.133
4101	38.555	27.189
4102	38.553	27.189
4103	38.485	27.186
4104	38.418	27.213
4105	38.276	27.234
4106	38.113	27.263
4107	37.858	27.229
4108	37.604	27.224
4109	37.299	27.228
4110	36.964	27.207
4111	36.631	27.261
4112	36.22	27.216
4113	35.802	27.209
4114	35.343	27.128
4115	34.91	27.141
4116	34.46	27.141
4117	34.016	27.166
4118	33.537	27.141
4119	33.034	27.109
4120	32.549	27.131
4121	32.064	27.14
4122	31.532	27.051
4123	31.068	27.097
4124	30.614	27.164
4125	30.18	27.193
4126	29.698	27.129
4127	29.249	27.155
4128	28.817	27.16
4129	28.378	27.142
4130	27.964	27.11
4131	27.538	27.017
4132	27.187	27.07
4133	26.803	27.04
4134	26.487	27.119
4135	26.161	27.139
4136	25.834	27.098
4137	25.543	27.081
4138	25.283	27.164
4139	25.015	27.189
4140	24.765	27.207
4141	24.554	27.253
4142	24.349	27.249
4143	24.152	27.296
4144	23.981	27.339
4145	23.817	27.357
4146	23.687	27.381
4147	23.589	27.443
4148	23.48	27.45
4149	23.353	27.354
4150	23.287	27.352
4151	23.232	27.365
4152	23.192	27.327
4153	23.171	27.309
4154	23.167	27.297
4155	23.189	27.314
4156	23.257	27.414
4157	23.297	27.337
4158	23.402	27.351
4159	23.49	27.296
4160	23.626	27.285
4161	23.769	27.284
4162	23.924	27.278
4163	24.108	27.202
4164	24.333	27.204
4165	24.595	27.268
4166	24.852	27.244
4167	25.108	27.197
4168	25.42	27.166
4169	25.752	27.165
4170	26.113	27.152
4171	26.442	27.07
4172	26.838	27.081
4173	27.243	27.074
4174	27.684	27.084
4175	28.122	27.076
4176	28.581	27.05
4177	29.062	27.065
4178	29.572	27.096
4179	30.065	27.056
4180	30.569	27.038
4181	31.073	26.979
4182	31.588	26.983
4183	32.103	27.007
4184	32.621	26.984
4185	33.124	26.995
4186	33.64	26.97
4187	34.148	26.972
4188	34.599	26.967
4189	35.039	26.93
4190	35.438	26.85
4191	35.847	26.825
4192	36.278	26.859
4193	36.662	26.865
4194	37.011	26.889
4195	37.307	26.854
4196	37.614	26.864
4197	37.808	26.804
4198	37.977	26.749
4199	38.151	26.768
4200	38.261	26.753
4201	38.326	26.75
4202	38.346	26.722
4203	38.306	26.706
4204	38.257	26.731
4205	38.15	26.729
4206	38.003	26.73
4207	37.822	26.742
4208	37.615	26.792
4209	37.309	26.755
4210	37.005	26.728
4211	36.674	26.733
4212	36.312	26.729
4213	35.951	26.763
4214	35.573	26.818
4215	35.162	26.838
4216	34.732	26.88
4217	34.283	26.905
4218	33.793	26.898
4219	33.301	26.877
4220	32.815	26.907
4221	32.33	26.953
4222	31.849	26.994
4223	31.373	27.028
4224	30.889	27.041
4225	30.411	27.07
4226	29.924	27.092
4227	29.454	27.101
4228	29.006	27.09
4229	28.581	27.112
4230	28.157	27.088
4231	27.751	27.093
4232	27.355	27.085
4233	26.972	27.044
4234	26.623	27.114
4235	26.264	27.136
4236	25.934	27.159
4237	25.625	27.195
4238	25.33	27.171
4239	25.048	27.15
4240	24.798	27.154
4241	24.557	27.146
4242	24.317	27.119
4243	24.104	27.078
4244	23.922	27.111
4245	23.768	27.17
4246	23.618	27.179
4247	23.489	27.181
4248	23.375	27.2
4249	23.26	27.175
4250	23.182	27.185
4251	23.13	27.183
4252	23.098	27.192
4253	23.079	27.196
4254	23.079	27.199
4255	23.085	27.205
4256	23.115	27.164
4257	23.182	27.159
4258	23.262	27.163
4259	23.383	27.177
4260	23.524	27.175
4261	23.679	27.171
4262	23.856	27.149
4263	24.059	27.173
4264	24.283	27.169
4265	24.512	27.142
4266	24.763	27.09
4267	25.062	27.101
4268	25.389	27.144
4269	25.724	27.098
4270	26.058	27.005
4271	26.435	26.986
4272	26.83	26.945
4273	27.251	26.948
4274	27.705	26.965
4275	28.137	26.898
4276	28.617	26.907
4277	29.105	26.912
4278	29.6	26.916
4279	30.092	26.894
4280	30.628	26.906
4281	31.157	26.947
4282	31.675	26.94
4283	32.19	26.91
4284	32.702	26.878
4285	33.198	26.827
4286	33.704	26.829
4287	34.223	26.897
4288	34.709	26.882
4289	35.19	26.917
4290	35.634	26.883
4291	36.078	26.904
4292	36.485	26.928
4293	36.843	26.925
4294	37.184	26.95
4295	37.495	26.992
4296	37.785	27.038
4297	38.006	27.058
4298	38.191	27.052
4299	38.299	26.997
4300	38.434	27.054
4301	38.501	27.044
4302	38.494	27.038
4303	38.423	26.987
4304	38.363	26.984
4305	38.241	26.999
4306	38.07	26.971
4307	37.848	26.98
4308	37.614	27
4309	37.313	26.956
4310	37.028	27.015
4311	36.643	26.966
4312	36.226	26.89
4313	35.826	26.87
4314	35.388	26.823
4315	34.953	26.86
4316	34.5	26.878
4317	34.03	26.866
4318	33.551	26.836
4319	33.074	26.842
4320	32.593	26.851
4321	32.082	26.795
4322	31.607	26.822
4323	31.129	26.861
4324	30.68	26.901
4325	30.215	26.901
4326	29.733	26.888
4327	29.274	26.868
4328	28.841	26.89
4329	28.412	26.913
4330	28.005	26.932
4331	27.629	26.983
4332	27.265	27.014
4333	26.893	27.014
4334	26.577	27.121
4335	26.251	27.148
4336	25.959	27.197
4337	25.669	27.235
4338	25.387	27.259
4339	25.13	27.318
4340	24.887	27.325
4341	24.677	27.39
4342	24.458	27.359
4343	24.246	27.351
4344	24.062	27.337
4345	23.88	27.294
4346	23.734	27.324
4347	23.584	27.283
4348	23.474	27.235
4349	23.379	27.249
4350	23.292	27.201
4351	23.231	27.202
4352	23.203	27.252
4353	23.192	27.291
4354	23.185	27.292
4355	23.199	27.265
4356	23.219	27.221
4357	23.264	27.167
4358	23.348	27.163
4359	23.411	27.05
4360	23.53	27.043
4361	23.681	27.068
4362	23.853	27.047
4363	24.034	27.017
4364	24.243	27.014
4365	24.478	27.008
4366	24.715	26.957
4367	25.002	26.994
4368	25.327	27.021
4369	25.639	26.998
4370	26.005	27.025
4371	26.38	27.019
4372	26.808	27.085
4373	27.195	27.063
4374	27.628	27.066
4375	28.067	27.058
4376	28.55	27.084
4377	29.053	27.091
4378	29.54	27.058
4379	30.049	27.031
4380	30.55	26.992
4381	31.066	27.003
4382	31.598	27.005
4383	32.123	27.011
4384	32.679	27.059
4385	33.191	27.03
4386	33.678	26.958
4387	34.199	26.987
4388	34.698	26.995
4389	35.176	26.951
4390	35.635	26.96
4391	36.074	26.972
4392	36.472	26.933
4393	36.849	26.915
4394	37.217	26.955
4395	37.508	26.948
4396	37.767	26.935
4397	37.964	26.884
4398	38.197	26.924
4399	38.334	26.901
4400	38.462	26.936
4401	38.512	26.927
4402	38.455	26.872
4403	38.434	26.881
4404	38.358	26.901
4405	38.246	26.936
4406	38.105	26.92
4407	37.896	26.93
4408	37.647	26.943
4409	37.355	26.949
4410	37.032	26.909
4411	36.714	26.977
4412	36.299	26.939
4413	35.893	26.944
4414	35.468	26.973
4415	35.048	27.039
4416	34.592	27.033
4417	34.126	27.046
4418	33.616	27.047
4419	33.141	27.073
4420	32.649	27.059
4421	32.157	27.038
4422	31.697	27.096
4423	31.205	27.095
4424	30.727	27.097
4425	30.259	27.11
4426	29.799	27.105
4427	29.37	27.155
4428	28.93	27.185
4429	28.505	27.212
4430	28.078	27.207
4431	27.672	27.247
4432	27.29	27.262
4433	26.929	27.252
4434	26.585	27.268
4435	26.242	27.289
4436	25.922	27.288
4437	25.629	27.302
4438	25.331	27.277
4439	25.061	27.244
4440	24.801	27.191
4441	24.56	27.2
4442	24.347	27.227
4443	24.169	27.254
4444	23.964	27.189
4445	23.803	27.226
4446	23.662	27.271
4447	23.516	27.215
4448	23.408	27.246
4449	23.317	27.263
4450	23.237	27.249
4451	23.192	27.286
4452	23.154	27.266
4453	23.135	27.236
4454	23.139	27.21
4455	23.158	27.2
4456	23.195	27.167
4457	23.24	27.132
4458	23.318	27.131
4459	23.44	27.146
4460	23.585	27.183
4461	23.733	27.142
4462	23.89	27.104
4463	24.085	27.107
4464	24.325	27.168
4465	24.537	27.094
4466	24.808	27.078
4467	25.088	27.064
4468	25.396	27.059
4469	25.746	27.1
4470	26.105	27.079
4471	26.477	27.036
4472	26.859	27.015
4473	27.268	26.974
4474	27.695	26.973
4475	28.149	26.968
4476	28.598	26.935
4477	29.065	26.884
4478	29.566	26.92
4479	30.055	26.912
4480	30.59	26.924
4481	31.103	26.901
4482	31.643	26.924
4483	32.171	26.905
4484	32.661	26.848
4485	33.198	26.869
4486	33.706	26.872
4487	34.243	26.958
4488	34.752	26.959
4489	35.191	26.925
4490	35.663	26.97
4491	36.074	26.954
4492	36.459	26.948
4493	36.825	26.928
4494	37.121	26.873
4495	37.425	26.877
4496	37.678	26.88
4497	37.929	26.922
4498	38.092	26.913
4499	38.241	26.921
4500	38.38	26.983
4501	38.43	26.968
4502	38.432	26.957
4503	38.379	26.91
4504	38.307	26.923
4505	38.184	26.932
4506	38.042	26.949
4507	37.847	26.958
4508	37.616	27.025
4509	37.326	27.024
4510	36.977	26.987
4511	36.63	27.006
4512	36.242	26.949
4513	35.889	27.032
4514	35.473	27.042
4515	35.08	27.102
4516	34.606	27.067
4517	34.159	27.073
4518	33.705	27.123
4519	33.26	27.173
4520	32.768	27.165
4521	32.294	27.201
4522	31.769	27.138
4523	31.33	27.21
4524	30.88	27.268
4525	30.398	27.292
4526	29.929	27.311
4527	29.493	27.375
4528	29.081	27.462
4529	28.648	27.484
4530	28.205	27.44
4531	27.778	27.44
4532	27.39	27.464
4533	27.013	27.461
4534	26.641	27.461
4535	26.293	27.458
4536	25.975	27.494
4537	25.671	27.512
4538	25.362	27.486
4539	25.07	27.463
4540	24.789	27.431
4541	24.571	27.482
4542	24.348	27.501
4543	24.131	27.467
4544	23.926	27.416
4545	23.766	27.449
4546	23.618	27.441
4547	23.501	27.478
4548	23.356	27.414
4549	23.24	27.384
4550	23.142	27.314
4551	23.087	27.341
4552	23.039	27.308
4553	23.003	27.254
4554	23.009	27.234
4555	23.065	27.296
4556	23.135	27.378
4557	23.197	27.365
4558	23.284	27.315
4559	23.422	27.349
4560	23.556	27.325
4561	23.709	27.29
4562	23.879	27.277
4563	24.081	27.261
4564	24.323	27.255
4565	24.581	27.247
4566	24.844	27.255
4567	25.148	27.282
4568	25.463	27.303
4569	25.82	27.358
4570	26.145	27.286
4571	26.521	27.251
4572	26.919	27.228
4573	27.341	27.222
4574	27.769	27.174
4575	28.216	27.14
4576	28.686	27.114
4577	29.174	27.126
4578	29.663	27.114
4579	30.175	27.109
4580	30.685	27.149
4581	31.174	27.093
4582	31.684	27.052
4583	32.196	27.05
4584	32.69	27.023
4585	33.211	27.032
4586	33.707	27.023
4587	34.192	26.986
4588	34.642	26.933
4589	35.094	26.968
4590	35.531	26.959
4591	35.955	26.956
4592	36.328	26.893
4593	36.681	26.845
4594	37	26.826
4595	37.336	26.85
4596	37.604	26.855
4597	37.825	26.861
4598	37.982	26.819
4599	38.143	26.833
4600	38.262	26.87
4601	38.308	26.843
4602	38.332	26.86
4603	38.285	26.845
4604	38.187	26.836
4605	38.039	26.782
4606	37.897	26.776
4607	37.705	26.78
4608	37.505	26.841
4609	37.229	26.87
4610	36.918	26.89
4611	36.596	26.889
4612	36.239	26.933
4613	35.86	26.948
4614	35.465	26.947
4615	35.032	26.969
4616	34.592	26.99
4617	34.113	26.98
4618	33.628	26.976
4619	33.134	26.955
4620	32.667	26.969
4621	32.176	26.978
4622	31.707	27.006
4623	31.254	27.036
4624	30.774	27.036
4625	30.295	27.021
4626	29.846	27.052
4627	29.41	27.097
4628	28.987	27.142
4629	28.567	27.147
4630	28.173	27.184
4631	27.772	27.177
4632	27.382	27.209
4633	26.989	27.158
4634	26.636	27.157
4635	26.306	27.191
4636	25.974	27.19
4637	25.67	27.177
4638	25.37	27.188
4639	25.071	27.172
4640	24.816	27.161
4641	24.554	27.114
4642	24.35	27.156
4643	24.165	27.186
4644	24.008	27.241
4645	23.83	27.242
4646	23.686	27.254
4647	23.532	27.195
4648	23.423	27.216
4649	23.324	27.199
4650	23.252	27.219
4651	23.194	27.216
4652	23.136	27.185
4653	23.132	27.237
4654	23.129	27.262
4655	23.143	27.282
4656	23.179	27.299
4657	23.263	27.366
4658	23.341	27.348
4659	23.464	27.352
4660	23.589	27.314
4661	23.75	27.346
4662	23.911	27.322
4663	24.102	27.302
4664	24.332	27.266
4665	24.567	27.253
4666	24.851	27.271
4667	25.141	27.262
4668	25.447	27.27
4669	25.765	27.254
4670	26.122	27.244
4671	26.487	27.24
4672	26.898	27.271
4673	27.3	27.262
4674	27.758	27.322
4675	28.211	27.301
4676	28.699	27.357
4677	29.156	27.304
4678	29.637	27.247
4679	30.138	27.222
4680	30.627	27.136
4681	31.151	27.146
4682	31.644	27.061
4683	32.172	27.086
4684	32.642	27.001
4685	33.159	27.031
4686	33.644	26.973
4687	34.159	27.008
4688	34.667	27.014
4689	35.148	27.066
4690	35.6	27.09
4691	36.021	27.054
4692	36.37	27.003
4693	36.731	26.99
4694	37.038	26.932
4695	37.347	26.96
4696	37.653	27.002
4697	37.921	27.093
4698	38.126	27.094
4699	38.232	27.017
4700	38.369	27.081
4701	38.389	27.016
4702	38.446	27.052
4703	38.398	27.04
4704	38.34	27.083
4705	38.219	27.106
4706	38.05	27.069
4707	37.853	27.084
4708	37.608	27.051
4709	37.399	27.172
4710	37.074	27.154
4711	36.736	27.2
4712	36.356	27.174
4713	35.966	27.211
4714	35.547	27.213
4715	35.1	27.191
4716	34.64	27.209
4717	34.219	27.256
4718	33.746	27.267
4719	33.284	27.311
4720	32.788	27.278
4721	32.25	27.207
4722	31.734	27.153
4723	31.236	27.146
4724	30.753	27.178
4725	30.225	27.1
4726	29.775	27.124
4727	29.319	27.128
4728	28.88	27.138
4729	28.435	27.084
4730	28.03	27.115
4731	27.635	27.136
4732	27.245	27.131
4733	26.866	27.133
4734	26.495	27.086
4735	26.184	27.13
4736	25.868	27.134
4737	25.564	27.167
4738	25.304	27.23
4739	25.035	27.237
4740	24.807	27.282
4741	24.579	27.323
4742	24.362	27.349
4743	24.168	27.402
4744	23.989	27.417
4745	23.824	27.407
4746	23.69	27.456
4747	23.559	27.448
4748	23.445	27.441
4749	23.359	27.469
4750	23.315	27.545
4751	23.249	27.542
4752	23.217	27.546
4753	23.196	27.536
4754	23.215	27.63
4755	23.233	27.611
4756	23.282	27.626
4757	23.329	27.591
4758	23.425	27.616
4759	23.529	27.628
4760	23.632	27.592
4761	23.766	27.551
4762	23.941	27.521
4763	24.099	27.444
4764	24.305	27.387
4765	24.528	27.338
4766	24.792	27.319
4767	25.052	27.264
4768	25.343	27.228
4769	25.672	27.216
4770	26.006	27.206
4771	26.374	27.196
4772	26.762	27.162
4773	27.18	27.143
4774	27.605	27.124
4775	28.032	27.066
4776	28.496	27.06
4777	28.962	27.035
4778	29.441	27.012
4779	29.919	26.94
4780	30.441	26.933
4781	30.97	26.966
4782	31.516	26.98
4783	32.004	26.921
4784	32.522	26.903
4785	33.046	26.866
4786	33.578	26.901
4787	34.087	26.904
4788	34.571	26.881
4789	35.043	26.873
4790	35.494	26.877
4791	35.916	26.86
4792	36.352	26.887
4793	36.779	26.933
4794	37.119	26.924
4795	37.465	26.964
4796	37.749	26.975
4797	37.991	26.991
4798	38.191	27.032
4799	38.341	27.003
4800	38.465	27
4801	38.526	26.988
4802	38.567	27.003
4803	38.539	27.013
4804	38.472	27.028
4805	38.337	27.025
4806	38.13	26.959
4807	37.931	26.99
4808	37.691	26.996
4809	37.449	27.061
4810	37.155	27.1
4811	36.816	27.127
4812	36.428	27.129
4813	36.053	27.166
4814	35.638	27.202
4815	35.162	27.193
4816	34.704	27.215
4817	34.226	27.221
4818	33.715	27.179
4819	33.199	27.169
4820	32.702	27.183
4821	32.208	27.172
4822	31.709	27.18
4823	31.221	27.186
4824	30.734	27.191
4825	30.254	27.209
4826	29.788	27.246
4827	29.313	27.258
4828	28.883	27.278
4829	28.449	27.267
4830	28.034	27.289
4831	27.657	27.351
4832	27.264	27.354