1	34.816	26.875
2	35.275	26.86
3	35.702	26.826
4	36.17	26.856
5	36.575	26.869
6	36.986	26.933
7	37.326	26.946
8	37.588	26.887
9	37.852	26.889
10	38.083	26.896
11	38.276	26.876
12	38.427	26.872
13	38.532	26.856
14	38.553	26.81
15	38.574	26.817
16	38.538	26.813
17	38.459	26.785
18	38.365	26.799
19	38.284	26.928
20	38.126	26.926
21	37.881	26.929
22	37.626	26.912
23	37.353	26.937
24	37.044	26.941
25	36.72	26.931
26	36.351	26.941
27	35.985	26.979
28	35.575	26.985
29	35.105	26.916
30	34.683	26.968
31	34.195	26.943
32	33.682	26.911
33	33.202	26.922
34	32.715	26.961
35	32.231	27.003
36	31.726	27.006
37	31.214	27.003
38	30.704	27.014
39	30.211	27.03
40	29.753	27.065
41	29.275	27.082
42	28.802	27.091
43	28.337	27.091
44	27.889	27.087
45	27.452	27.116
46	27.054	27.161
47	26.659	27.208
48	26.267	27.207
49	25.899	27.207
50	25.539	27.224
51	25.207	27.253
52	24.887	27.263
53	24.591	27.282
54	24.309	27.323
55	24.041	27.309
56	23.794	27.304
57	23.587	27.339
58	23.383	27.368
59	23.197	27.368
60	23.013	27.316
61	22.867	27.327
62	22.738	27.307
63	22.643	27.332
64	22.564	27.329
65	22.499	27.326
66	22.465	27.338
67	22.455	27.38
68	22.457	27.352
69	22.477	27.294
70	22.515	27.221
71	22.596	27.199
72	22.704	27.201
73	22.829	27.162
74	22.971	27.107
75	23.151	27.074
76	23.359	27.055
77	23.6	27.057
78	23.867	27.072
79	24.134	27.01
80	24.447	26.996
81	24.779	26.949
82	25.143	26.935
83	25.528	26.897
84	25.936	26.852
85	26.393	26.888
86	26.832	26.834
87	27.325	26.854
88	27.813	26.804
89	28.325	26.789
90	28.864	26.808
91	29.382	26.757
92	29.927	26.696
93	30.485	26.695
94	31.036	26.648
95	31.614	26.68
96	32.155	26.647
97	32.704	26.642
98	33.225	26.621
99	33.762	26.637
100	34.27	26.663
101	34.761	26.659
102	35.245	26.676
103	35.678	26.634
104	36.123	26.669
105	36.488	26.644
106	36.852	26.661
107	37.181	26.668
108	37.481	26.676
109	37.747	26.72
110	37.942	26.681
111	38.162	26.732
112	38.332	26.8
113	38.438	26.828
114	38.493	26.839
115	38.496	26.821
116	38.498	26.855
117	38.419	26.865
118	38.34	26.904
119	38.243	26.971
120	38.086	26.99
121	37.896	27.031
122	37.658	27.026
123	37.419	27.071
124	37.153	27.141
125	36.832	27.135
126	36.489	27.148
127	36.055	27.071
128	35.672	27.095
129	35.261	27.123
130	34.873	27.198
131	34.41	27.194
132	33.938	27.185
133	33.449	27.207
134	32.957	27.208
135	32.475	27.264
136	31.97	27.286
137	31.443	27.245
138	30.949	27.262
139	30.458	27.286
140	29.966	27.323
141	29.483	27.338
142	29.024	27.386
143	28.538	27.366
144	28.062	27.344
145	27.602	27.326
146	27.167	27.308
147	26.768	27.357
148	26.38	27.415
149	25.992	27.392
150	25.629	27.391
151	25.277	27.39
152	24.97	27.44
153	24.648	27.416
154	24.357	27.426
155	24.072	27.388
156	23.824	27.377
157	23.596	27.379
158	23.377	27.337
159	23.19	27.316
160	23.017	27.282
161	22.868	27.258
162	22.738	27.239
163	22.64	27.248
164	22.558	27.257
165	22.508	27.254
166	22.468	27.258
167	22.457	27.234
168	22.479	27.24
169	22.51	27.222
170	22.587	27.245
171	22.677	27.267
172	22.775	27.216
173	22.917	27.195
174	23.076	27.188
175	23.258	27.188
176	23.486	27.198
177	23.724	27.181
178	23.989	27.169
179	24.282	27.151
180	24.588	27.117
181	24.951	27.171
182	25.314	27.157
183	25.715	27.174
184	26.118	27.154
185	26.58	27.249
186	27.046	27.239
187	27.512	27.199
188	27.996	27.15
189	28.5	27.11
190	29.013	27.045
191	29.556	27.026
192	30.071	26.994
193	30.616	26.943
194	31.176	26.958
195	31.694	26.901
196	32.248	26.893
197	32.785	26.883
198	33.314	26.871
199	33.83	26.844
200	34.324	26.83
201	34.78	26.784
202	35.268	26.841
203	35.704	26.845
204	36.087	26.793
205	36.483	26.793
206	36.798	26.747
207	37.115	26.757
208	37.407	26.78
209	37.713	26.855
210	37.896	26.784
211	38.066	26.79
212	38.233	26.827
213	38.338	26.874
214	38.405	26.889
215	38.408	26.883
216	38.386	26.884
217	38.368	26.916
218	38.275	26.985
219	38.111	26.939
220	37.987	27.008
221	37.789	27.028
222	37.605	27.095
223	37.307	27.092
224	37.028	27.113
225	36.691	27.074
226	36.356	27.091
227	35.929	27.01
228	35.542	27.003
229	35.17	27.061
230	34.745	27.088
231	34.311	27.122
232	33.865	27.169
233	33.372	27.133
234	32.849	27.073
235	32.362	27.044
236	31.86	27.064
237	31.388	27.119
238	30.894	27.129
239	30.402	27.13
240	29.93	27.18
241	29.443	27.154
242	28.956	27.134
243	28.502	27.123
244	28.078	27.187
245	27.633	27.171
246	27.21	27.18
247	26.765	27.094
248	26.371	27.055
249	26.022	27.135
250	25.677	27.189
251	25.354	27.258
252	25.048	27.307
253	24.747	27.349
254	24.451	27.36
255	24.181	27.367
256	23.927	27.345
257	23.7	27.304
258	23.504	27.352
259	23.324	27.384
260	23.147	27.396
261	23.007	27.373
262	22.866	27.311
263	22.744	27.288
264	22.65	27.267
265	22.584	27.252
266	22.556	27.302
267	22.555	27.317
268	22.56	27.329
269	22.587	27.294
270	22.639	27.269
271	22.716	27.241
272	22.824	27.262
273	22.963	27.275
274	23.094	27.193
275	23.276	27.194
276	23.458	27.116
277	23.706	27.152
278	23.962	27.127
279	24.269	27.157
280	24.576	27.141
281	24.897	27.109
282	25.248	27.085
283	25.633	27.071
284	26.018	27.002
285	26.436	26.96
286	26.882	26.943
287	27.34	26.919
288	27.846	26.906
289	28.369	26.92
290	28.899	26.904
291	29.42	26.837
292	29.959	26.85
293	30.504	26.815
294	31.052	26.829
295	31.582	26.799
296	32.135	26.804
297	32.677	26.818
298	33.192	26.801
299	33.695	26.763
300	34.197	26.739
301	34.689	26.745
302	35.11	26.668
303	35.523	26.622
304	35.899	26.566
305	36.295	26.573
306	36.663	26.592
307	36.993	26.618
308	37.283	26.599
309	37.579	26.662
310	37.854	26.739
311	38.04	26.753
312	38.208	26.801
313	38.307	26.79
314	38.365	26.781
315	38.432	26.866
316	38.432	26.922
317	38.388	26.902
318	38.295	26.886
319	38.18	26.884
320	38.068	26.943
321	37.852	26.92
322	37.61	26.877
323	37.409	26.939
324	37.137	26.953
325	36.834	26.965
326	36.497	26.983
327	36.153	27.02
328	35.769	27.066
329	35.364	27.071
330	34.936	27.094
331	34.498	27.128
332	34.047	27.155
333	33.569	27.16
334	33.08	27.175
335	32.554	27.155
336	32.058	27.184
337	31.554	27.188
338	31.058	27.212
339	30.563	27.22
340	30.037	27.175
341	29.548	27.194
342	29.07	27.25
343	28.597	27.272
344	28.17	27.345
345	27.716	27.326
346	27.279	27.322
347	26.874	27.345
348	26.457	27.321
349	26.075	27.35
350	25.689	27.354
351	25.335	27.318
352	24.982	27.269
353	24.686	27.288
354	24.4	27.315
355	24.13	27.316
356	23.879	27.302
357	23.637	27.259
358	23.42	27.253
359	23.228	27.254
360	23.066	27.258
361	22.923	27.253
362	22.799	27.257
363	22.705	27.29
364	22.623	27.309
365	22.558	27.255
366	22.504	27.208
367	22.488	27.171
368	22.514	27.215
369	22.522	27.137
370	22.608	27.199
371	22.702	27.205
372	22.815	27.226
373	22.944	27.2
374	23.099	27.183
375	23.278	27.176
376	23.486	27.186
377	23.724	27.183
378	23.984	27.128
379	24.264	27.077
380	24.562	27.028
381	24.893	27
382	25.256	26.996
383	25.64	26.958
384	26.072	26.981
385	26.509	26.966
386	26.965	26.966
387	27.435	26.926
388	27.911	26.856
389	28.401	26.788
390	28.931	26.821
391	29.476	26.809
392	30	26.778
393	30.532	26.734
394	31.067	26.694
395	31.574	26.645
396	32.117	26.651
397	32.644	26.616
398	33.151	26.582
399	33.666	26.59
400	34.191	26.584
401	34.67	26.586
402	35.144	26.628
403	35.559	26.637
404	35.953	26.658
405	36.325	26.674
406	36.685	26.696
407	37.001	26.713
408	37.295	26.752
409	37.484	26.701
410	37.689	26.696
411	37.856	26.705
412	37.974	26.692
413	38.079	26.71
414	38.144	26.72
415	38.146	26.702
416	38.186	26.786
417	38.169	26.819
418	38.102	26.846
419	37.985	26.86
420	37.838	26.84
421	37.651	26.835
422	37.474	26.885
423	37.257	26.928
424	37.006	26.949
425	36.721	26.979
426	36.423	27.014
427	36.061	26.974
428	35.712	27.002
429	35.334	26.998
430	34.948	27.001
431	34.528	27.032
432	34.075	27.028
433	33.627	27.078
434	33.175	27.089
435	32.703	27.126
436	32.214	27.114
437	31.737	27.168
438	31.243	27.175
439	30.743	27.204
440	30.258	27.237
441	29.748	27.212
442	29.286	27.278
443	28.809	27.284
444	28.36	27.331
445	27.919	27.361
446	27.486	27.378
447	27.05	27.364
448	26.636	27.361
449	26.222	27.316
450	25.825	27.285
451	25.456	27.285
452	25.125	27.32
453	24.8	27.335
454	24.497	27.371
455	24.189	27.347
456	23.919	27.33
457	23.682	27.37
458	23.452	27.333
459	23.231	27.286
460	23.037	27.242
461	22.89	27.269
462	22.743	27.208
463	22.614	27.173
464	22.536	27.163
465	22.465	27.129
466	22.423	27.112
467	22.388	27.05
468	22.403	27.069
469	22.437	27.051
470	22.496	27.05
471	22.577	27.054
472	22.682	27.042
473	22.821	27.048
474	22.994	27.072
475	23.204	27.12
476	23.419	27.097
477	23.672	27.104
478	23.938	27.096
479	24.225	27.045
480	24.58	27.116
481	24.926	27.107
482	25.29	27.071
483	25.687	27.067
484	26.122	27.067
485	26.589	27.09
486	27.043	27.047
487	27.534	27.052
488	28.058	27.071
489	28.581	27.087
490	29.124	27.111
491	29.662	27.101
492	30.191	27.092
493	30.724	27.056
494	31.27	27.029
495	31.784	26.997
496	32.319	26.981
497	32.828	26.945
498	33.34	26.919
499	33.875	26.973
500	34.365	26.976
501	34.826	26.977
502	35.261	27.003
503	35.673	26.969
504	36.07	26.971
505	36.375	26.884
506	36.694	26.839
507	37	26.811
508	37.238	26.767
509	37.463	26.772
510	37.633	26.751
511	37.777	26.734
512	37.913	26.79
513	37.975	26.782
514	38.026	26.775
515	38.048	26.773
516	38.013	26.731
517	37.991	26.713
518	37.919	26.716
519	37.821	26.757
520	37.761	26.844
521	37.566	26.818
522	37.4	26.849
523	37.218	26.93
524	36.912	26.87
525	36.618	26.872
526	36.324	26.892
527	35.999	26.88
528	35.625	26.887
529	35.247	26.901
530	34.917	27.002
531	34.542	27.105
532	34.114	27.147
533	33.69	27.189
534	33.258	27.261
535	32.782	27.314
536	32.273	27.323
537	31.788	27.329
538	31.312	27.353
539	30.828	27.377
540	30.341	27.412
541	29.869	27.478
542	29.385	27.509
543	28.907	27.489
544	28.437	27.465
545	27.937	27.364
546	27.517	27.413
547	27.084	27.414
548	26.642	27.338
549	26.258	27.353
550	25.876	27.329
551	25.502	27.315
552	25.154	27.287
553	24.849	27.304
554	24.535	27.284
555	24.218	27.218
556	23.936	27.166
557	23.67	27.1
558	23.444	27.105
559	23.242	27.129
560	23.068	27.086
561	22.929	27.091
562	22.781	27.034
563	22.662	27.015
564	22.571	27.033
565	22.477	26.954
566	22.435	26.96
567	22.417	26.948
568	22.413	26.935
569	22.445	26.956
570	22.516	26.981
571	22.6	26.963
572	22.709	26.957
573	22.829	26.936
574	22.99	26.93
575	23.178	26.935
576	23.39	26.931
577	23.63	26.934
578	23.896	26.956
579	24.197	26.983
580	24.517	26.962
581	24.857	26.951
582	25.242	27.015
583	25.619	26.977
584	26.022	26.892
585	26.476	26.934
586	26.945	26.933
587	27.447	26.964
588	27.959	27.004
589	28.458	26.926
590	29.019	26.975
591	29.556	26.947
592	30.075	26.901
593	30.635	26.912
594	31.155	26.851
595	31.697	26.859
596	32.2	26.792
597	32.753	26.841
598	33.292	26.872
599	33.816	26.907
600	34.298	26.864
601	34.776	26.865
602	35.204	26.851
603	35.581	26.789
604	35.962	26.774
605	36.335	26.801
606	36.667	26.785
607	36.945	26.742
608	37.248	26.776
609	37.475	26.779
610	37.677	26.809
611	37.814	26.823
612	37.923	26.844
613	38	26.834
614	38.072	26.886
615	38.127	26.937
616	38.12	26.958
617	38.076	26.973
618	38.001	26.998
619	37.927	27.055
620	37.786	27.06
621	37.652	27.12
622	37.411	27.063
623	37.2	27.088
624	36.902	27.047
625	36.59	27.037
626	36.289	27.068
627	35.971	27.095
628	35.654	27.173
629	35.288	27.2
630	34.886	27.191
631	34.466	27.199
632	34.057	27.244
633	33.607	27.267
634	33.163	27.345
635	32.671	27.286
636	32.205	27.3
637	31.724	27.276
638	31.248	27.29
639	30.761	27.323
640	30.249	27.263
641	29.76	27.232
642	29.324	27.295
643	28.854	27.299
644	28.394	27.294
645	27.948	27.313
646	27.542	27.385
647	27.131	27.412
648	26.712	27.368
649	26.33	27.395
650	25.973	27.467
651	25.609	27.446
652	25.26	27.44
653	24.932	27.403
654	24.631	27.409
655	24.345	27.421
656	24.084	27.439
657	23.831	27.407
658	23.605	27.398
659	23.393	27.357
660	23.199	27.322
661	23.031	27.32
662	22.89	27.338
663	22.771	27.337
664	22.678	27.313
665	22.589	27.306
666	22.542	27.301
667	22.503	27.272
668	22.501	27.239
669	22.528	27.216
670	22.578	27.199
671	22.623	27.109
672	22.712	27.061
673	22.842	27.075
674	22.991	27.028
675	23.165	26.973
676	23.381	26.978
677	23.602	26.915
678	23.871	26.924
679	24.154	26.905
680	24.461	26.873
681	24.797	26.868
682	25.187	26.928
683	25.581	26.914
684	26.014	26.911
685	26.461	26.932
686	26.932	26.913
687	27.406	26.858
688	27.889	26.8
689	28.405	26.798
690	28.942	26.759
691	29.481	26.763
692	30.029	26.749
693	30.568	26.736
694	31.111	26.73
695	31.649	26.698
696	32.19	26.711
697	32.715	26.71
698	33.225	26.699
699	33.737	26.727
700	34.224	26.746
701	34.675	26.733
702	35.15	26.787
703	35.547	26.753
704	35.945	26.747
705	36.32	26.784
706	36.655	26.768
707	36.919	26.729
708	37.149	26.688
709	37.385	26.705
710	37.569	26.673
711	37.691	26.641
712	37.797	26.64
713	37.91	26.678
714	37.966	26.673
715	37.968	26.681
716	37.957	26.699
717	37.874	26.673
718	37.837	26.718
719	37.746	26.753
720	37.612	26.755
721	37.472	26.766
722	37.361	26.856
723	37.127	26.869
724	36.889	26.894
725	36.616	26.891
726	36.335	26.902
727	36.01	26.916
728	35.65	26.925
729	35.26	26.904
730	34.862	26.877
731	34.454	26.898
732	34.023	26.893
733	33.6	26.937
734	33.111	26.884
735	32.663	26.949
736	32.225	26.99
737	31.753	27.007
738	31.28	27.028
739	30.823	27.052
740	30.366	27.098
741	29.888	27.107
742	29.429	27.143
743	28.95	27.139
744	28.485	27.135
745	28.024	27.143
746	27.6	27.205
747	27.142	27.145
748	26.766	27.215
749	26.344	27.166
750	25.974	27.194
751	25.598	27.18
752	25.266	27.205
753	24.958	27.232
754	24.667	27.274
755	24.378	27.287
756	24.1	27.269
757	23.855	27.273
758	23.629	27.29
759	23.42	27.316
760	23.234	27.304
761	23.067	27.307
762	22.935	27.33
763	22.806	27.307
764	22.674	27.245
765	22.594	27.246
766	22.542	27.227
767	22.518	27.214
768	22.516	27.2
769	22.533	27.165
770	22.6	27.197
771	22.662	27.142
772	22.765	27.152
773	22.875	27.087
774	23.048	27.107
775	23.225	27.073
776	23.43	27.036
777	23.662	27.039
778	23.942	27.096
779	24.255	27.137
780	24.582	27.153
781	24.942	27.154
782	25.313	27.167
783	25.721	27.199
784	26.166	27.241
785	26.591	27.206
786	27.052	27.197
787	27.543	27.194
788	28.045	27.203
789	28.569	27.23
790	29.104	27.23
791	29.669	27.282
792	30.221	27.303
793	30.745	27.257
794	31.282	27.228
795	31.8	27.165
796	32.336	27.155
797	32.866	27.15
798	33.386	27.148
799	33.855	27.101
800	34.344	27.121
801	34.822	27.177
802	35.245	27.149
803	35.591	27.036
804	35.892	26.943
805	36.246	26.937
806	36.562	26.953
807	36.834	26.904
808	37.079	26.827
809	37.276	26.791
810	37.489	26.803
811	37.647	26.807
812	37.768	26.818
813	37.856	26.819
814	37.938	26.817
815	37.955	26.798
816	37.916	26.755
817	37.878	26.737
818	37.841	26.767
819	37.77	26.799
820	37.64	26.807
821	37.531	26.876
822	37.318	26.872
823	37.079	26.854
824	36.908	26.979
825	36.611	26.932
826	36.354	26.974
827	36.031	26.951
828	35.693	26.989
829	35.396	27.088
830	35.011	27.097
831	34.585	27.079
832	34.184	27.139
833	33.748	27.189
834	33.285	27.205
835	32.82	27.234
836	32.331	27.218
837	31.837	27.238
838	31.348	27.229
839	30.84	27.254
840	30.373	27.319
841	29.901	27.329
842	29.443	27.38
843	28.985	27.441
844	28.52	27.467
845	28.085	27.512
846	27.621	27.486
847	27.208	27.516
848	26.814	27.571
849	26.388	27.509
850	26.017	27.575
851	25.618	27.513
852	25.268	27.53
853	24.942	27.522
854	24.606	27.459
855	24.301	27.445
856	24.026	27.436
857	23.76	27.406
858	23.523	27.406
859	23.315	27.388
860	23.119	27.377
861	22.966	27.389
862	22.83	27.393
863	22.714	27.407
864	22.616	27.362
865	22.517	27.268
866	22.457	27.271
867	22.424	27.257
868	22.435	27.249
869	22.462	27.247
870	22.506	27.226
871	22.6	27.238
872	22.687	27.172
873	22.825	27.162
874	22.987	27.141
875	23.171	27.117
876	23.389	27.102
877	23.633	27.102
878	23.923	27.136
879	24.205	27.098
880	24.521	27.085
881	24.862	27.064
882	25.243	27.054
883	25.63	26.991
884	26.03	26.929
885	26.472	26.897
886	26.932	26.895
887	27.414	26.859
888	27.912	26.831
889	28.432	26.839
890	28.979	26.871
891	29.508	26.842
892	30.041	26.818
893	30.554	26.785
894	31.089	26.775
895	31.631	26.804
896	32.159	26.823
897	32.707	26.862
898	33.175	26.795
899	33.667	26.802
900	34.147	26.8
901	34.622	26.882
902	35.085	26.938
903	35.443	26.864
904	35.842	26.896
905	36.185	26.865
906	36.533	26.901
907	36.812	26.912
908	37.09	26.947
909	37.312	26.95
910	37.485	26.928
911	37.644	26.925
912	37.77	26.936
913	37.902	27.008
914	37.944	27.004
915	37.983	27.045
916	37.952	27.009
917	37.927	27.001
918	37.884	27.021
919	37.806	27.05
920	37.688	27.03
921	37.491	26.954
922	37.313	26.969
923	37.124	27.033
924	36.885	27.036
925	36.615	27.028
926	36.302	26.976
927	35.933	26.884
928	35.598	26.954
929	35.232	26.954
930	34.858	26.985
931	34.478	27.056
932	34.102	27.101
933	33.662	27.103
934	33.216	27.134
935	32.78	27.182
936	32.281	27.158
937	31.792	27.159
938	31.281	27.098
939	30.851	27.182
940	30.36	27.155
941	29.907	27.205
942	29.427	27.227
943	28.92	27.183
944	28.457	27.164
945	28.008	27.18
946	27.57	27.179
947	27.13	27.183
948	26.725	27.167
949	26.319	27.167
950	25.94	27.2
951	25.574	27.195
952	25.226	27.208
953	24.913	27.191
954	24.61	27.2
955	24.335	27.238
956	24.046	27.181
957	23.773	27.131
958	23.539	27.125
959	23.334	27.108
960	23.17	27.17
961	23.021	27.188
962	22.884	27.184
963	22.745	27.167
964	22.628	27.108
965	22.559	27.076
966	22.517	27.114
967	22.482	27.076
968	22.507	27.144
969	22.536	27.151
970	22.589	27.142
971	22.671	27.16
972	22.783	27.146
973	22.915	27.141
974	23.086	27.155
975	23.261	27.113
976	23.47	27.09
977	23.723	27.111
978	23.985	27.105
979	24.292	27.134
980	24.604	27.095
981	24.965	27.1
982	25.352	27.136
983	25.751	27.138
984	26.175	27.135
985	26.591	27.056
986	27.055	27.062
987	27.529	27.043
988	28.054	27.07
989	28.563	27.037
990	29.086	27.052
991	29.596	26.969
992	30.144	26.955
993	30.679	26.918
994	31.216	26.905
995	31.755	26.927
996	32.287	26.905
997	32.812	26.888
998	33.313	26.876
999	33.827	26.934
1000	34.346	26.961
1001	34.806	26.958
1002	35.24	26.953
1003	35.668	26.979
1004	36.024	26.914
1005	36.368	26.896
1006	36.659	26.867
1007	36.932	26.85
1008	37.204	26.861
1009	37.468	26.892
1010	37.672	26.916
1011	37.795	26.901
1012	37.927	26.919
1013	37.997	26.887
1014	38.07	26.951
1015	38.091	26.971
1016	38.1	27.007
1017	38.051	27.01
1018	37.971	27.004
1019	37.865	27.029
1020	37.702	26.978
1021	37.553	27.002
1022	37.363	27.04
1023	37.156	27.063
1024	36.877	27.001
1025	36.582	27.016
1026	36.329	27.083
1027	36.006	27.104
1028	35.651	27.098
1029	35.29	27.165
1030	34.928	27.248
1031	34.527	27.275
1032	34.073	27.236
1033	33.63	27.247
1034	33.157	27.246
1035	32.689	27.252
1036	32.244	27.299
1037	31.754	27.279
1038	31.283	27.323
1039	30.8	27.315
1040	30.316	27.317
1041	29.823	27.296
1042	29.361	27.335
1043	28.892	27.346
1044	28.439	27.34
1045	27.999	27.362
1046	27.553	27.367
1047	27.155	27.402
1048	26.726	27.394
1049	26.341	27.404
1050	25.954	27.354
1051	25.575	27.36
1052	25.239	27.353
1053	24.916	27.358
1054	24.603	27.341
1055	24.31	27.342
1056	24.025	27.292
1057	23.791	27.338
1058	23.563	27.317
1059	23.364	27.356
1060	23.179	27.357
1061	23.015	27.336
1062	22.876	27.367
1063	22.766	27.391
1064	22.664	27.386
1065	22.585	27.346
1066	22.546	27.371
1067	22.526	27.39
1068	22.529	27.388
1069	22.543	27.363
1070	22.616	27.411
1071	22.687	27.36
1072	22.789	27.329
1073	22.934	27.314
1074	23.082	27.289
1075	23.288	27.352
1076	23.498	27.303
1077	23.742	27.315
1078	23.989	27.286
1079	24.277	27.261
1080	24.591	27.227
1081	24.952	27.264
1082	25.326	27.256
1083	25.715	27.268
1084	26.122	27.237
1085	26.558	27.207
1086	27.024	27.222
1087	27.509	27.189
1088	28	27.14
1089	28.523	27.151
1090	29.05	27.162
1091	29.584	27.167
1092	30.112	27.13
1093	30.66	27.099
1094	31.222	27.097
1095	31.743	27.064
1096	32.288	27.087
1097	32.78	27.056
1098	33.283	27.061
1099	33.762	27.047
1100	34.215	26.981
1101	34.657	26.955
1102	35.074	26.926
1103	35.483	26.886
1104	35.864	26.895
1105	36.233	26.89
1106	36.561	26.87
1107	36.841	26.816
1108	37.115	26.833
1109	37.354	26.827
1110	37.558	26.832
1111	37.7	26.824
1112	37.832	26.853
1113	37.919	26.857
1114	37.968	26.821
1115	38.009	26.83
1116	38.007	26.833
1117	37.992	26.854
1118	37.916	26.858
1119	37.829	26.885
1120	37.714	26.896
1121	37.564	26.924
1122	37.388	26.929
1123	37.186	26.937
1124	36.964	26.937
1125	36.704	26.966
1126	36.426	27.007
1127	36.106	27.009
1128	35.787	27.048
1129	35.42	27.034
1130	35.023	27.046
1131	34.614	27.08
1132	34.212	27.143
1133	33.76	27.12
1134	33.326	27.173
1135	32.848	27.194
1136	32.359	27.171
1137	31.869	27.186
1138	31.373	27.184
1139	30.875	27.188
1140	30.378	27.194
1141	29.882	27.229
1142	29.395	27.243
1143	28.922	27.285
1144	28.425	27.235
1145	27.962	27.247
1146	27.504	27.221
1147	27.065	27.217
1148	26.654	27.238
1149	26.259	27.261
1150	25.871	27.254
1151	25.507	27.228
1152	25.155	27.239
1153	24.823	27.251
1154	24.537	27.303
1155	24.248	27.313
1156	23.983	27.315
1157	23.73	27.31
1158	23.487	27.252
1159	23.259	27.195
1160	23.075	27.164
1161	22.92	27.151
1162	22.784	27.123
1163	22.668	27.147
1164	22.585	27.18
1165	22.513	27.185
1166	22.471	27.133
1167	22.453	27.115
1168	22.461	27.096
1169	22.523	27.19
1170	22.575	27.151
1171	22.671	27.165
1172	22.804	27.235
1173	22.936	27.237
1174	23.097	27.229
1175	23.285	27.245
1176	23.508	27.279
1177	23.743	27.247
1178	24.016	27.254
1179	24.291	27.231
1180	24.609	27.203
1181	24.947	27.181
1182	25.305	27.148
1183	25.712	27.21
1184	26.133	27.213
1185	26.576	27.235
1186	27.064	27.314
1187	27.529	27.268
1188	28.02	27.214
1189	28.544	27.208
1190	29.07	27.199
1191	29.606	27.208
1192	30.117	27.145
1193	30.629	27.091
1194	31.135	27.014
1195	31.676	27.023
1196	32.202	27.02
1197	32.679	26.928
1198	33.195	26.898
1199	33.681	26.901
1200	34.158	26.9
1201	34.583	26.874
1202	35.052	26.929
1203	35.426	26.881
1204	35.8	26.845
1205	36.151	26.84
1206	36.475	26.846
1207	36.784	26.864
1208	37.059	26.865
1209	37.319	26.894
1210	37.513	26.895
1211	37.638	26.848
1212	37.785	26.892
1213	37.9	26.918
1214	37.937	26.891
1215	37.976	26.905
1216	37.971	26.906
1217	37.962	26.954
1218	37.966	27.031
1219	37.892	27.067
1220	37.771	27.072
1221	37.599	27.075
1222	37.439	27.134
1223	37.212	27.132
1224	36.989	27.142
1225	36.686	27.094
1226	36.397	27.115
1227	36.043	27.069
1228	35.735	27.134
1229	35.377	27.157
1230	34.998	27.186
1231	34.594	27.196
1232	34.165	27.222
1233	33.687	27.201
1234	33.213	27.188
1235	32.75	27.196
1236	32.274	27.194
1237	31.827	27.263
1238	31.355	27.339
1239	30.862	27.341
1240	30.382	27.352
1241	29.902	27.369
1242	29.419	27.372
1243	28.948	27.412
1244	28.505	27.446
1245	28.044	27.448
1246	27.615	27.471
1247	27.164	27.42
1248	26.748	27.424
1249	26.348	27.437
1250	26.002	27.525
1251	25.619	27.495
1252	25.284	27.526
1253	24.954	27.522
1254	24.646	27.549
1255	24.349	27.537
1256	24.076	27.533
1257	23.834	27.547
1258	23.626	27.569
1259	23.436	27.622
1260	23.234	27.573
1261	23.082	27.591
1262	22.92	27.526
1263	22.788	27.464
1264	22.69	27.473
1265	22.604	27.471
1266	22.546	27.421
1267	22.527	27.425
1268	22.498	27.359
1269	22.498	27.3
1270	22.537	27.265
1271	22.624	27.284
1272	22.738	27.308
1273	22.883	27.355
1274	23.034	27.341
1275	23.203	27.284
1276	23.434	27.292
1277	23.66	27.288
1278	23.926	27.283
1279	24.214	27.243
1280	24.543	27.259
1281	24.886	27.255
1282	25.257	27.226
1283	25.628	27.17
1284	26.015	27.1
1285	26.471	27.13
1286	26.911	27.089
1287	27.392	27.077
1288	27.893	27.069
1289	28.425	27.307
1290	28.958	27.28
1291	29.489	27.167
1292	30.024	27.157
1293	30.58	27.15
1294	31.113	27.116
1295	31.664	27.113
1296	32.161	27.05
1297	32.681	27.041
1298	33.174	27.007
1299	33.666	26.997
1300	34.135	27.006
1301	34.611	27.058
1302	35.051	27.042
1303	35.449	27.037
1304	35.831	27.058
1305	36.162	27.002
1306	36.488	26.997
1307	36.749	26.969
1308	37.036	26.989
1309	37.252	26.969
1310	37.447	26.953
1311	37.616	26.963
1312	37.724	26.943
1313	37.818	26.946
1314	37.851	26.706
1315	37.885	26.744
1316	37.897	26.894
1317	37.874	26.921
1318	37.823	26.937
1319	37.72	26.931
1320	37.626	26.993
1321	37.49	27.024
1322	37.317	27.009
1323	37.095	26.986
1324	36.86	26.982
1325	36.613	26.982
1326	36.299	26.941
1327	35.972	26.912
1328	35.642	26.908
1329	35.297	26.909
1330	34.907	26.921
1331	34.501	26.92
1332	34.106	26.962
1333	33.65	26.969
1334	33.223	26.997
1335	32.766	27.022
1336	32.29	27.018
1337	31.821	27.073
1338	31.335	27.091
1339	30.857	27.119
1340	30.37	27.097
1341	29.885	27.096
1342	29.436	27.135
1343	28.961	27.131
1344	28.544	27.231
1345	28.067	27.165
1346	27.633	27.171
1347	27.226	27.25
1348	26.807	27.236
1349	26.412	27.256
1350	26.024	27.247
1351	25.649	27.221
1352	25.319	27.267
1353	24.976	27.228
1354	24.64	27.185
1355	24.358	27.224
1356	24.086	27.231
1357	23.827	27.214
1358	23.617	27.245
1359	23.408	27.26
1360	23.231	27.319
1361	23.085	27.375
1362	22.943	27.367
1363	22.816	27.338
1364	22.703	27.323
1365	22.625	27.321
1366	22.591	27.373
1367	22.544	27.332
1368	22.546	27.329
1369	22.554	27.279
1370	22.626	27.364
1371	22.702	27.355
1372	22.775	27.287
1373	22.912	27.325
1374	23.069	27.314
1375	23.256	27.325
1376	23.472	27.335
1377	23.703	27.319
1378	23.996	27.379
1379	24.294	27.388
1380	24.606	27.367
1381	24.951	27.377
1382	25.321	27.377
1383	25.698	27.355
1384	26.11	27.334
1385	26.52	27.241
1386	26.947	27.176
1387	27.421	27.134
1388	27.911	27.094
1389	28.409	27.032
1390	28.959	27.076
1391	29.474	27.012
1392	30.054	27.005
1393	30.596	26.977
1394	31.13	26.986
1395	31.651	26.91
1396	32.169	26.895
1397	32.728	26.903
1398	33.239	26.894
1399	33.717	26.846
1400	34.181	26.826
1401	34.638	26.835
1402	35.07	26.837
1403	35.423	26.771
1404	35.811	26.789
1405	36.177	26.842
1406	36.51	26.807
1407	36.833	26.82
1408	37.109	26.83
1409	37.342	26.843
1410	37.564	26.887
1411	37.752	26.901
1412	37.894	26.944
1413	38.007	26.981
1414	38.078	27.009
1415	38.073	26.994
1416	38.075	27.014
1417	37.971	26.992
1418	37.894	27.003
1419	37.804	27.018
1420	37.697	27.067
1421	37.571	27.073
1422	37.364	27.085
1423	37.139	27.08
1424	36.929	27.132
1425	36.676	27.176
1426	36.359	27.139
1427	36.053	27.165
1428	35.75	27.222
1429	35.4	27.267
1430	35.012	27.224
1431	34.635	27.315
1432	34.169	27.308
1433	33.739	27.325
1434	33.271	27.304
1435	32.789	27.284
1436	32.327	27.355
1437	31.838	27.351
1438	31.361	27.393
1439	30.915	27.454
1440	30.427	27.414
1441	29.963	27.473
1442	29.502	27.515
1443	29.059	27.6
1444	28.617	27.657
1445	28.16	27.672
1446	27.684	27.644
1447	27.261	27.674
1448	26.846	27.678
1449	26.439	27.681
1450	26.034	27.634
1451	25.69	27.728
1452	25.348	27.746
1453	25.035	27.808
1454	24.734	27.799
1455	24.44	27.797
1456	24.141	27.738
1457	23.891	27.708
1458	23.672	27.731
1459	23.461	27.712
1460	23.262	27.715
1461	23.087	27.66
1462	22.942	27.637
1463	22.815	27.611
1464	22.701	27.579
1465	22.624	27.599
1466	22.566	27.597
1467	22.533	27.601
1468	22.524	27.595
1469	22.524	27.498
1470	22.567	27.463
1471	22.662	27.506
1472	22.758	27.479
1473	22.875	27.445
1474	23.03	27.423
1475	23.225	27.461
1476	23.425	27.378
1477	23.646	27.335
1478	23.881	27.251
1479	24.144	27.211
1480	24.45	27.194
1481	24.789	27.179
1482	25.148	27.182
1483	25.516	27.139
1484	25.931	27.16
1485	26.379	27.179
1486	26.839	27.174
1487	27.317	27.166
1488	27.814	27.151
1489	28.328	27.128
1490	28.852	27.141
1491	29.362	27.065
1492	29.856	27.054
1493	30.377	26.987
1494	30.906	26.977
1495	31.452	26.997
1496	31.974	26.965
1497	32.487	26.927
1498	32.986	26.915
1499	33.472	26.93
1500	33.937	26.863
1501	34.402	26.896
1502	34.831	26.902
1503	35.25	26.89
1504	35.621	26.859
1505	35.995	26.868
1506	36.301	26.839
1507	36.622	26.844
1508	36.896	26.847
1509	37.146	26.862
1510	37.345	26.834
1511	37.499	26.829
1512	37.601	26.818
1513	37.704	26.849
1514	37.748	26.89
1515	37.76	26.827
1516	37.81	26.878
1517	37.834	26.84
1518	37.814	26.888
1519	37.773	26.945
1520	37.693	26.975
1521	37.572	26.996
1522	37.411	27.021
1523	37.243	27.054
1524	37.017	27.034
1525	36.819	27.133
1526	36.499	27.081
1527	36.206	27.081
1528	35.848	27.075
1529	35.523	27.117
1530	35.123	27.151
1531	34.751	27.206
1532	34.322	27.224
1533	33.881	27.26
1534	33.39	27.219
1535	32.934	27.244
1536	32.457	27.264
1537	32.012	27.322
1538	31.524	27.33
1539	31.031	27.296
1540	30.586	27.42
1541	30.066	27.384
1542	29.598	27.421
1543	29.097	27.391
1544	28.609	27.37
1545	28.126	27.362
1546	27.668	27.382
1547	27.234	27.411
1548	26.823	27.463
1549	26.41	27.454
1550	26.01	27.474
1551	25.662	27.544
1552	25.296	27.56
1553	24.988	27.629
1554	24.661	27.622
1555	24.382	27.617
1556	24.107	27.593
1557	23.85	27.603
1558	23.614	27.573
1559	23.439	27.645
1560	23.247	27.647
1561	23.077	27.634
1562	22.916	27.594
1563	22.795	27.593
1564	22.689	27.562
1565	22.595	27.48
1566	22.541	27.475
1567	22.523	27.483
1568	22.514	27.435
1569	22.549	27.472
1570	22.585	27.392
1571	22.664	27.366
1572	22.771	27.338
1573	22.919	27.367
1574	23.077	27.359
1575	23.229	27.238
1576	23.438	27.236
1577	23.674	27.226
1578	23.929	27.209
1579	24.228	27.219
1580	24.533	27.194
1581	24.885	27.215
1582	25.251	27.179
1583	25.652	27.089
1584	26.05	27.054
1585	26.509	27.088
1586	26.971	27.036
1587	27.448	27.011
1588	27.939	26.967
1589	28.455	26.971
1590	28.976	26.962
1591	29.511	26.953
1592	30.006	26.911
1593	30.571	26.992
1594	31.089	26.932
1595	31.641	26.961
1596	32.146	26.928
1597	32.66	26.943
1598	33.127	26.866
1599	33.628	26.909
1600	34.124	26.954
1601	34.563	26.899
1602	34.969	26.848
1603	35.37	26.82
1604	35.745	26.791
1605	36.083	26.77
1606	36.371	26.747
1607	36.663	26.751
1608	36.913	26.825
1609	37.165	26.853
1610	37.33	26.811
1611	37.527	26.879
1612	37.712	26.965
1613	37.775	26.96
1614	37.855	26.979
1615	37.866	26.956
1616	37.839	26.926
1617	37.808	26.914
1618	37.698	26.823
1619	37.623	26.811
1620	37.507	26.825
1621	37.396	26.865
1622	37.197	26.84
1623	36.992	26.825
1624	36.812	26.885
1625	36.595	26.967
1626	36.338	27.015
1627	36.072	27.077
1628	35.751	27.087
1629	35.406	27.129
1630	35.03	27.156
1631	34.625	27.126
1632	34.188	27.107
1633	33.757	27.14
1634	33.29	27.107
1635	32.839	27.127
1636	32.359	27.144
1637	31.847	27.127
1638	31.424	27.232
1639	30.947	27.281
1640	30.513	27.404
1641	30.041	27.405
1642	29.587	27.44
1643	29.149	27.526
1644	28.69	27.569
1645	28.229	27.552
1646	27.786	27.564
1647	27.37	27.586
1648	26.96	27.623
1649	26.528	27.564
1650	26.114	27.479
1651	25.735	27.474
1652	25.376	27.46
1653	25.029	27.496
1654	24.712	27.509
1655	24.424	27.526
1656	24.154	27.561
1657	23.924	27.621
1658	23.671	27.57
1659	23.452	27.561
1660	23.281	27.603
1661	23.102	27.558
1662	22.961	27.54
1663	22.807	27.441
1664	22.706	27.413
1665	22.608	27.327
1666	22.557	27.348
1667	22.525	27.348
1668	22.5	27.277
1669	22.508	27.235
1670	22.549	27.241
1671	22.611	27.211
1672	22.706	27.177
1673	22.83	27.167
1674	22.981	27.142
1675	23.172	27.153
1676	23.377	27.118
1677	23.604	27.095
1678	23.867	27.019
1679	24.138	26.919
1680	24.45	26.887
1681	24.796	26.888
1682	25.172	26.901
1683	25.581	26.919
1684	26.003	26.908
1685	26.412	26.812
1686	26.876	26.825
1687	27.349	26.797
1688	27.881	26.852
1689	28.397	26.842
1690	28.906	26.827
1691	29.436	26.79
1692	29.975	26.781
1693	30.534	26.806
1694	31.081	26.826
1695	31.636	26.849
1696	32.169	26.854
1697	32.696	26.884
1698	33.214	26.897
1699	33.711	26.904
1700	34.161	26.917
1701	34.623	26.953
1702	35.067	26.972
1703	35.457	26.97
1704	35.858	27.051
1705	36.211	27.069
1706	36.522	27.032
1707	36.784	27.001
1708	37.028	26.976
1709	37.239	26.969
1710	37.435	27.001
1711	37.556	26.971
1712	37.685	26.978
1713	37.744	26.959
1714	37.837	27.027
1715	37.871	27.007
1716	37.898	27.063
1717	37.897	27.096
1718	37.803	27.064
1719	37.723	27.069
1720	37.612	27.075
1721	37.461	27.066
1722	37.264	27.027
1723	37.065	27.032
1724	36.823	26.997
1725	36.604	26.966
1726	36.335	26.959
1727	36.059	26.999
1728	35.795	27.069
1729	35.465	27.089
1730	35.094	27.101
1731	34.707	27.154
1732	34.289	27.144
1733	33.875	27.198
1734	33.438	27.248
1735	32.963	27.231
1736	32.528	27.281
1737	32.05	27.302
1738	31.567	27.315
1739	31.051	27.263
1740	30.564	27.292
1741	30.073	27.314
1742	29.56	27.31
1743	29.099	27.348
1744	28.654	27.412
1745	28.19	27.408
1746	27.761	27.434
1747	27.342	27.484
1748	26.918	27.488
1749	26.5	27.506
1750	26.103	27.542
1751	25.728	27.549
1752	25.35	27.507
1753	24.983	27.47
1754	24.648	27.436
1755	24.351	27.411
1756	24.078	27.398
1757	23.824	27.423
1758	23.568	27.358
1759	23.35	27.314
1760	23.166	27.351
1761	22.986	27.317
1762	22.841	27.316
1763	22.717	27.292
1764	22.602	27.249
1765	22.531	27.241
1766	22.482	27.228
1767	22.446	27.18
1768	22.452	27.191
1769	22.446	27.136
1770	22.501	27.121
1771	22.58	27.129
1772	22.686	27.088
1773	22.806	27.084
1774	22.989	27.113
1775	23.159	27.11
1776	23.368	27.088
1777	23.596	27.077
1778	23.865	27.081
1779	24.163	27.091
1780	24.479	27.088
1781	24.815	27.065
1782	25.183	27.026
1783	25.599	27.055
1784	26.008	27.044
1785	26.475	27.074
1786	26.944	27.076
1787	27.426	27.057
1788	27.906	27.041
1789	28.466	27.12
1790	28.991	27.113
1791	29.513	27.088
1792	30.064	27.077
1793	30.6	27.058
1794	31.131	27.007
1795	31.649	26.985
1796	32.16	26.95
1797	32.688	27.021
1798	33.178	26.96
1799	33.653	26.956
1800	34.143	26.944
1801	34.579	26.962
1802	35.037	26.967
1803	35.412	26.932
1804	35.79	26.927
1805	36.18	26.983
1806	36.489	26.964
1807	36.78	26.989
1808	37.022	26.972
1809	37.303	27.052
1810	37.488	27.039
1811	37.638	27.034
1812	37.783	27.064
1813	37.897	27.079
1814	37.921	27.041
1815	37.973	27.1
1816	38.014	27.151
1817	38.002	27.205
1818	37.928	27.186
1819	37.881	27.243
1820	37.779	27.276
1821	37.636	27.295
1822	37.408	27.212
1823	37.228	27.237
1824	37.002	27.262
1825	36.732	27.231
1826	36.459	27.226
1827	36.142	27.218
1828	35.838	27.266
1829	35.474	27.273
1830	35.042	27.224
1831	34.646	27.261
1832	34.227	27.256
1833	33.802	27.306
1834	33.313	27.269
1835	32.83	27.255
1836	32.383	27.339
1837	31.883	27.319
1838	31.391	27.312
1839	30.915	27.366
1840	30.407	27.331
1841	29.927	27.362
1842	29.455	27.367
1843	28.991	27.39
1844	28.529	27.404
1845	28.071	27.426
1846	27.616	27.398
1847	27.23	27.513
1848	26.821	27.516
1849	26.421	27.512
1850	26.047	27.565
1851	25.67	27.56
1852	25.32	27.58
1853	24.991	27.599
1854	24.683	27.597
1855	24.399	27.614
1856	24.122	27.604
1857	23.864	27.606
1858	23.64	27.616
1859	23.43	27.59
1860	23.225	27.578
1861	23.034	27.49
1862	22.893	27.48
1863	22.774	27.467
1864	22.653	27.352
1865	22.573	27.32
1866	22.509	27.267
1867	22.461	27.202
1868	22.467	27.23
1869	22.484	27.17
1870	22.537	27.139
1871	22.629	27.167
1872	22.736	27.133
1873	22.869	27.153
1874	23.027	27.146
1875	23.227	27.164
1876	23.465	27.208
1877	23.709	27.214
1878	23.98	27.238
1879	24.28	27.237
1880	24.595	27.194
1881	24.942	27.176
1882	25.313	27.174
1883	25.696	27.152
1884	26.116	27.156
1885	26.572	27.138
1886	27.065	27.197
1887	27.526	27.154
1888	28.028	27.155
1889	28.56	27.175
1890	29.079	27.184
1891	29.602	27.173
1892	30.17	27.219
1893	30.707	27.188
1894	31.244	27.181
1895	31.776	27.156
1896	32.295	27.132
1897	32.774	27.069
1898	33.273	27.061
1899	33.748	27.012
1900	34.18	26.948
1901	34.631	26.953
1902	35.024	26.886
1903	35.377	26.8
1904	35.73	26.799
1905	36.087	26.837
1906	36.417	26.844
1907	36.693	26.821
1908	36.967	26.828
1909	37.24	26.889
1910	37.459	26.947
1911	37.593	26.898
1912	37.751	26.974
1913	37.853	26.989
1914	37.936	27.039
1915	37.965	26.995
1916	37.976	26.974
1917	37.964	26.999
1918	37.897	27.014
1919	37.867	27.115
1920	37.782	27.206
1921	37.641	27.223
1922	37.463	27.235
1923	37.26	27.257
1924	37.036	27.288
1925	36.802	27.315
1926	36.47	27.253
1927	36.198	27.328
1928	35.908	27.44
1929	35.553	27.445
1930	35.129	27.436
1931	34.725	27.477
1932	34.28	27.467
1933	33.808	27.491
1934	33.301	27.437
1935	32.813	27.395
1936	32.331	27.429
1937	31.865	27.473
1938	31.367	27.477
1939	30.863	27.467
1940	30.422	27.593
1941	29.923	27.587
1942	29.426	27.591
1943	28.948	27.57
1944	28.452	27.524
1945	27.977	27.465
1946	27.54	27.484
1947	27.121	27.486
1948	26.712	27.482
1949	26.323	27.531
1950	25.924	27.501
1951	25.567	27.544
1952	25.22	27.553
1953	24.903	27.551
1954	24.589	27.557
1955	24.299	27.521
1956	24.029	27.497
1957	23.802	27.556
1958	23.583	27.514
1959	23.391	27.524
1960	23.191	27.482
1961	23.028	27.473
1962	22.869	27.427
1963	22.756	27.443
1964	22.652	27.421
1965	22.566	27.388
1966	22.523	27.424
1967	22.495	27.383
1968	22.502	27.41
1969	22.537	27.395
1970	22.575	27.356
1971	22.651	27.349
1972	22.746	27.344
1973	22.875	27.325
1974	23.026	27.292
1975	23.199	27.293
1976	23.4	27.242
1977	23.634	27.228
1978	23.87	27.126
1979	24.147	27.065
1980	24.487	27.079
1981	24.828	27.077
1982	25.193	27.047
1983	25.577	27.028
1984	25.99	27.043
1985	26.444	27.064
1986	26.896	27.019
1987	27.381	26.986
1988	27.866	26.939
1989	28.367	26.93
1990	28.906	26.972
1991	29.445	26.947
1992	29.995	26.998
1993	30.509	26.929
1994	31.033	26.916
1995	31.594	26.958
1996	32.12	26.948
1997	32.647	26.966
1998	33.157	26.985
1999	33.609	26.935
2000	34.085	26.905
2001	34.528	26.894
2002	34.959	26.878
2003	35.357	26.873
2004	35.738	26.879
2005	36.082	26.897
2006	36.408	26.901
2007	36.703	26.886
2008	36.985	26.924
2009	37.201	26.895
2010	37.381	26.881
2011	37.55	26.903
2012	37.644	26.855
2013	37.752	26.876
2014	37.89	26.953
2015	37.896	26.891
2016	37.86	26.898
2017	37.809	26.893
2018	37.797	26.933
2019	37.706	26.927
2020	37.594	26.936
2021	37.439	26.934
2022	37.293	26.971
2023	37.09	26.96
2024	36.887	26.973
2025	36.654	27.014
2026	36.399	27.057
2027	36.095	27.071
2028	35.793	27.152
2029	35.483	27.253
2030	35.097	27.269
2031	34.689	27.264
2032	34.259	27.294
2033	33.829	27.308
2034	33.377	27.316
2035	32.918	27.319
2036	32.424	27.293
2037	31.957	27.334
2038	31.465	27.298
2039	30.957	27.275
2040	30.466	27.277
2041	29.978	27.243
2042	29.509	27.23
2043	29.031	27.239
2044	28.582	27.285
2045	28.133	27.289
2046	27.677	27.264
2047	27.232	27.231
2048	26.811	27.258
2049	26.426	27.308
2050	26.047	27.323
2051	25.675	27.325
2052	25.322	27.321
2053	24.988	27.308
2054	24.656	27.254
2055	24.37	27.254
2056	24.123	27.343
2057	23.876	27.327
2058	23.641	27.323
2059	23.435	27.327
2060	23.242	27.341
2061	23.083	27.357
2062	22.948	27.374
2063	22.822	27.403
2064	22.718	27.386
2065	22.643	27.376
2066	22.602	27.402
2067	22.559	27.374
2068	22.553	27.382
2069	22.563	27.33
2070	22.594	27.274
2071	22.691	27.313
2072	22.796	27.312
2073	22.928	27.284
2074	23.085	27.257
2075	23.28	27.289
2076	23.488	27.281
2077	23.722	27.275
2078	23.988	27.273
2079	24.281	27.26
2080	24.592	27.261
2081	24.903	27.18
2082	25.265	27.178
2083	25.651	27.179
2084	26.063	27.185
2085	26.511	27.173
2086	26.975	27.181
2087	27.455	27.187
2088	27.984	27.208
2089	28.483	27.167
2090	28.986	27.109
2091	29.528	27.089
2092	30.084	27.071
2093	30.625	27.06
2094	31.158	27.043
2095	31.709	27.08
2096	32.256	27.125
2097	32.766	27.097
2098	33.262	27.072
2099	33.763	27.075
2100	34.209	27.015
2101	34.67	27.03
2102	35.074	26.99
2103	35.463	26.947
2104	35.848	26.971
2105	36.194	26.94
2106	36.508	26.912
2107	36.799	26.908
2108	37.037	26.835
2109	37.253	26.81
2110	37.458	26.832
2111	37.627	26.837
2112	37.765	26.84
2113	37.816	26.808
2114	37.924	26.892
2115	37.977	26.928
2116	37.98	26.976
2117	37.966	27.007
2118	37.897	26.984
2119	37.834	27.023
2120	37.707	27.007
2121	37.501	26.93
2122	37.358	26.977
2123	37.167	27.015
2124	36.925	27.03
2125	36.653	27.033
2126	36.354	27.024
2127	36.083	27.105
2128	35.757	27.137
2129	35.39	27.144
2130	35.007	27.174
2131	34.661	27.273
2132	34.243	27.313
2133	33.819	27.384
2134	33.378	27.433
2135	32.9	27.287
2136	32.226	27.335
2137	31.735	27.333
2138	31.272	27.445
2139	30.746	27.394
2140	30.27	27.403
2141	29.787	27.373
2142	29.306	27.327
2143	28.853	27.366
2144	28.385	27.35
2145	27.944	27.364
2146	27.514	27.413
2147	27.066	27.37
2148	26.678	27.428
2149	26.305	27.488
2150	25.94	27.536
2151	25.582	27.529
2152	25.217	27.45
2153	24.893	27.46
2154	24.579	27.43
2155	24.306	27.443
2156	24.013	27.383
2157	23.752	27.349
2158	23.522	27.314
2159	23.303	27.256
2160	23.119	27.394
2161	23.08	27.338
2162	22.941	27.336
2163	22.811	27.226
2164	22.73	27.211
2165	22.655	27.205
2166	22.609	27.239
2167	22.581	27.29
2168	22.582	27.294
2169	22.616	27.319
2170	22.67	27.328
2171	22.75	27.306
2172	22.856	27.319
2173	22.967	27.25
2174	23.102	27.178
2175	23.276	27.149
2176	23.476	27.133
2177	23.729	27.207
2178	23.962	27.135
2179	24.255	27.134
2180	24.558	27.087
2181	24.891	27.057
2182	25.267	27.054
2183	25.661	27.062
2184	26.087	27.085
2185	26.524	27.081
2186	26.987	27.093
2187	27.469	27.091
2188	27.973	27.105
2189	28.467	27.069
2190	28.99	27.074
2191	29.535	27.068
2192	30.078	27.053
2193	30.608	27.038
2194	31.14	27.03
2195	31.674	27.025
2196	32.207	27.018
2197	32.725	27.01
2198	33.237	27.016
2199	33.721	27.013
2200	34.204	27.014
2201	34.674	27.043
2202	35.118	26.992
2203	35.571	27.048
2204	35.927	27.022
2205	36.29	27.043
2206	36.615	27.027
2207	36.917	27.025
2208	37.186	27.027
2209	37.417	27.028
2210	37.612	27.071
2211	37.743	27.03
2212	37.862	27.028
2213	37.961	27.045
2214	38.033	27.062
2215	38.072	27.093
2216	38.045	27.077
2217	38.006	27.102
2218	37.945	27.104
2219	37.857	27.097
2220	37.755	27.142
2221	37.608	27.172
2222	37.435	27.197
2223	37.184	27.152
2224	36.939	27.148
2225	36.673	27.153
2226	36.386	27.146
2227	36.062	27.211
2228	35.719	27.23
2229	35.384	27.258
2230	34.985	27.083
2231	34.6	27.143
2232	34.176	27.171
2233	33.726	27.189
2234	33.27	27.193
2235	32.832	27.211
2236	32.38	27.324
2237	31.897	27.354
2238	31.439	27.359
2239	30.99	27.345
2240	30.639	27.364
2241	30.14	27.339
2242	29.649	27.332
2243	29.159	27.331
2244	28.697	27.373
2245	28.201	27.313
2246	27.751	27.311
2247	27.294	27.279
2248	26.888	27.307
2249	26.483	27.297
2250	26.088	27.315
2251	25.711	27.309
2252	25.35	27.276
2253	25.023	27.293
2254	24.706	27.319
2255	24.415	27.508
2256	24.134	27.514
2257	23.867	27.483
2258	23.639	27.482
2259	23.42	27.47
2260	23.217	27.428
2261	23.043	27.338
2262	22.904	27.324
2263	22.756	27.326
2264	22.625	27.346
2265	22.446	27.315
2266	22.394	27.306
2267	22.347	27.271
2268	22.359	27.305
2269	22.372	27.274
2270	22.437	27.28
2271	22.52	27.391
2272	22.637	27.389
2273	22.788	27.459
2274	22.949	27.475
2275	23.124	27.429
2276	23.332	27.424
2277	23.565	27.389
2278	23.811	27.321
2279	24.104	27.284
2280	24.44	27.293
2281	24.773	27.235
2282	25.132	27.196
2283	25.523	27.188
2284	25.955	27.215
2285	26.38	27.172
2286	26.835	27.159
2287	27.297	27.114
2288	27.818	27.137
2289	28.337	27.138
2290	28.861	27.12
2291	29.388	27.105
2292	29.958	27.111
2293	30.49	27.065
2294	31.011	27.013
2295	31.54	26.998
2296	32.082	26.9
2297	32.6	26.915
2298	33.105	26.895
2299	33.579	26.883
2300	34.066	26.89
2301	34.509	26.86
2302	34.947	26.877
2303	35.371	26.901
2304	35.733	26.902
2305	36.053	26.885
2306	36.388	26.918
2307	36.698	26.957
2308	36.968	26.958
2309	37.181	26.913
2310	37.4	26.951
2311	37.593	26.989
2312	37.723	26.975
2313	37.779	26.96
2314	37.846	26.995
2315	37.877	27.002
2316	37.899	27.084
2317	37.853	27.073
2318	37.806	27.123
2319	37.781	27.21
2320	37.661	27.202
2321	37.484	27.173
2322	37.297	27.143
2323	37.091	27.149
2324	36.914	27.191
2325	36.665	27.192
2326	36.407	27.218
2327	36.118	27.266
2328	35.79	27.29
2329	35.445	27.292
2330	35.071	27.163
2331	34.676	27.18
2332	34.265	27.205
2333	33.824	27.223
2334	33.381	27.282
2335	32.896	27.261
2336	32.416	27.234
2337	31.922	27.225
2338	31.439	27.214
2339	30.975	27.251
2340	30.487	27.275
2341	29.987	27.22
2342	29.522	27.258
2343	29.018	27.197
2344	28.528	27.161
2345	28.08	27.186
2346	27.663	27.25
2347	27.245	27.292
2348	26.813	27.25
2349	26.402	27.3
2350	26.021	27.361
2351	25.65	27.364
2352	25.275	27.3
2353	24.926	27.262
2354	24.63	27.324
2355	24.336	27.448
2356	24.061	27.446
2357	23.836	27.497
2358	23.598	27.458
2359	23.39	27.452
2360	23.209	27.475
2361	23.052	27.536
2362	22.94	27.626
2363	22.822	27.622
2364	22.708	27.558
2365	22.617	27.488
2366	22.556	27.461
2367	22.513	27.396
2368	22.535	27.409
2369	22.554	27.395
2370	22.608	27.404
2371	22.668	27.338
2372	22.763	27.314
2373	22.905	27.329
2374	23.044	27.235
2375	23.22	27.168
2376	23.432	27.17
2377	23.68	27.211
2378	23.958	27.234
2379	24.249	27.205
2380	24.559	27.184
2381	24.88	27.118
2382	25.221	27.062
2383	25.621	27.065
2384	26.031	27.035
2385	26.485	27.078
2386	26.926	27.037
2387	27.389	26.978
2388	27.884	26.98
2389	28.387	26.962
2390	28.934	26.995
2391	29.514	27.081
2392	30.073	27.095
2393	30.597	27.074
2394	31.152	27.083
2395	31.661	27.027
2396	32.191	27.023
2397	32.714	27.012
2398	33.192	27.003
2399	33.695	27.017
2400	34.173	27.055
2401	34.607	27.015
2402	35.032	26.967
2403	35.468	26.993
2404	35.827	26.933
2405	37.094	26.963
2406	37.445	26.974
2407	37.738	26.923
2408	37.983	26.919
2409	38.22	26.939
2410	38.42	26.936
2411	38.572	26.947
2412	38.685	26.979
2413	38.738	26.932
2414	38.749	26.907
2415	38.794	26.938
2416	38.729	26.878
2417	38.647	26.898
2418	38.548	26.953
2419	38.419	26.955
2420	38.276	27.007
2421	38.093	27.065
2422	37.85	27.081
2423	37.616	27.124
2424	37.314	27.139
2425	37.032	27.176
2426	36.664	27.173
2427	36.303	27.221
2428	35.873	27.18
2429	35.461	27.271
2430	34.197	27.26
2431	33.787	27.304
2432	33.34	27.368
2433	32.892	27.422
2434	32.404	27.391
2435	31.906	27.366
2436	31.425	27.325
2437	30.947	27.333
2438	30.487	27.415
2439	30.041	27.476
2440	29.539	27.45
2441	29.086	27.475
2442	28.647	27.478
2443	28.221	27.469
2444	27.782	27.459
2445	27.359	27.414
2446	26.945	27.37
2447	26.555	27.336
2448	26.196	27.307
2449	25.857	27.313
2450	25.493	27.23
2451	25.222	27.32
2452	24.919	27.3
2453	24.633	27.29
2454	24.367	27.265
2455	24.125	27.298
2456	23.906	27.338
2457	23.705	27.328
2458	23.519	27.312
2459	23.357	27.334
2460	23.226	27.37
2461	23.104	27.423
2462	23.009	27.455
2463	22.901	27.396
2464	22.827	27.406
2465	22.777	27.416
2466	22.755	27.465
2467	22.733	27.478
2468	22.736	27.466
2469	22.765	27.458
2470	22.817	27.474
2471	22.896	27.474
2472	23.013	27.511
2473	23.123	27.482
2474	23.27	27.459
2475	23.453	27.469
2476	23.633	27.412
2477	23.863	27.42
2478	24.121	27.446
2479	24.394	27.404
2480	24.692	27.353
2481	25.001	27.292
2482	25.34	27.232
2483	25.693	27.16
2484	26.089	27.147
2485	26.479	27.074
2486	26.921	27.05
2487	27.34	26.976
2488	27.829	26.982
2489	28.327	26.954
2490	28.834	26.907
2491	29.366	26.878
2492	29.92	26.85
2493	30.465	26.835
2494	31.008	26.829
2495	31.582	26.853
2496	32.124	26.839
2497	32.637	26.793
2498	33.198	26.843
2499	33.707	26.809
2500	34.221	26.84
2501	34.7	26.829
2502	35.157	26.814
2503	35.589	26.787
2504	35.997	26.764
2505	36.395	26.777
2506	36.763	26.799
2507	37.13	26.853
2508	37.485	26.919
2509	37.747	26.913
2510	37.988	26.918
2511	38.169	26.916
2512	38.332	26.915
2513	38.449	26.937
2514	38.567	26.989
2515	38.6	27.03
2516	38.571	27.035
2517	38.532	27.08
2518	38.446	27.099
2519	38.35	27.127
2520	38.194	27.123
2521	38.014	27.116
2522	37.835	27.181
2523	37.547	27.137
2524	37.248	27.168
2525	36.91	27.131
2526	36.608	27.141
2527	36.278	27.222
2528	35.93	27.298
2529	35.554	27.408
2530	35.121	27.436
2531	34.654	27.423
2532	34.192	27.46
2533	33.676	27.435
2534	33.185	27.455
2535	32.711	27.53
2536	32.206	27.536
2537	31.714	27.587
2538	31.193	27.564
2539	30.657	27.565
2540	30.185	27.603
2541	29.668	27.582
2542	29.389	27.6
2543	28.909	27.584
2544	28.429	27.577
2545	27.975	27.591
2546	27.524	27.615
2547	27.097	27.627
2548	26.707	27.654
2549	26.311	27.635
2550	25.933	27.634
2551	25.557	27.675
2552	25.199	27.617
2553	24.844	27.565
2554	24.522	27.502
2555	24.238	27.496
2556	23.992	27.531
2557	23.748	27.51
2558	23.543	27.538
2559	23.359	27.547
2560	23.164	27.508
2561	23.01	27.524
2562	22.878	27.498
2563	22.793	27.565
2564	22.707	27.529
2565	22.617	27.467
2566	22.58	27.445
2567	22.405	27.405
2568	22.409	27.421
2569	22.436	27.388
2570	22.484	27.372
2571	22.561	27.355
2572	22.658	27.295
2573	22.763	27.236
2574	22.94	27.277
2575	23.127	27.274
2576	23.337	27.212
2577	23.576	27.184
2578	23.848	27.166
2579	24.144	27.152
2580	24.458	27.143
2581	24.778	27.067
2582	25.132	27.039
2583	25.513	27
2584	25.915	26.994
2585	26.347	26.939
2586	26.802	26.91
2587	27.272	26.892
2588	27.753	26.869
2589	28.244	26.826
2590	28.774	26.836
2591	29.301	26.843
2592	29.856	26.881
2593	30.399	26.862
2594	30.953	26.905
2595	31.477	26.865
2596	32.03	26.906
2597	32.555	26.928
2598	33.056	26.905
2599	33.554	26.915
2600	34.042	26.919
2601	34.499	26.951
2602	34.934	26.951
2603	35.337	26.949
2604	35.734	26.954
2605	36.08	26.905
2606	36.423	26.964
2607	36.735	26.973
2608	37.002	27.012
2609	37.244	27.014
2610	37.459	27.054
2611	37.636	27.064
2612	37.781	27.086
2613	37.888	27.067
2614	37.991	27.141
2615	38.024	27.158
2616	38.025	27.146
2617	37.969	27.102
2618	37.901	27.108
2619	37.796	27.082
2620	37.738	27.176
2621	37.567	27.153
2622	37.382	27.17
2623	37.208	27.238
2624	36.948	27.222
2625	36.687	27.263
2626	36.396	27.269
2627	36.069	27.295
2628	35.741	27.314
2629	35.364	27.329
2630	34.977	27.374
2631	34.567	27.357
2632	34.121	27.375
2633	33.668	27.365
2634	33.193	27.346
2635	32.694	27.32
2636	32.215	27.354
2637	31.716	27.339
2638	31.222	27.352
2639	30.731	27.334
2640	30.272	27.389
2641	29.788	27.394
2642	29.31	27.424
2643	28.851	27.447
2644	28.405	27.487
2645	27.928	27.449
2646	27.499	27.458
2647	27.075	27.437
2648	26.669	27.431
2649	26.296	27.456
2650	25.903	27.405
2651	25.552	27.413
2652	25.203	27.396
2653	24.89	27.418
2654	24.595	27.417
2655	24.323	27.418
2656	24.065	27.439
2657	23.817	27.403
2658	23.619	27.45
2659	23.428	27.487
2660	23.266	27.523
2661	23.097	27.441
2662	22.967	27.46
2663	22.841	27.43
2664	22.745	27.398
2665	22.657	27.359
2666	22.609	27.379
2667	22.586	27.356
2668	22.58	27.35
2669	22.598	27.314
2670	22.641	27.28
2671	22.71	27.243
2672	22.816	27.265
2673	22.941	27.261
2674	23.083	27.22
2675	23.273	27.249
2676	23.453	27.189
2677	23.676	27.149
2678	23.92	27.112
2679	24.21	27.097
2680	24.512	27.092
2681	24.843	27.07
2682	25.212	27.11
2683	25.578	27.053
2684	25.979	27.01
2685	26.422	27.025
2686	26.907	27.124
2687	27.378	27.149
2688	27.894	27.162
2689	28.397	27.178
2690	28.906	27.139
2691	29.445	27.13
2692	29.98	27.138
2693	30.523	27.109
2694	31.062	27.108
2695	31.611	27.117
2696	32.145	27.128
2697	32.664	27.115
2698	33.162	27.108
2699	33.662	27.107
2700	34.118	27.071
2701	34.6	27.086
2702	35.062	27.1
2703	35.482	27.09
2704	35.817	27.048
2705	36.184	27.053
2706	36.531	27.284
2707	36.825	27.23
2708	37.071	27.199
2709	37.309	27.205
2710	37.451	27.125
2711	37.59	27.086
2712	37.736	27.055
2713	37.793	27.034
2714	37.876	27.05
2715	37.885	27.018
2716	37.927	27.072
2717	37.891	27.043
2718	37.824	27.057
2719	37.792	27.126
2720	37.663	27.12
2721	37.512	27.124
2722	37.355	27.14
2723	37.149	27.132
2724	36.9	27.135
2725	36.676	27.18
2726	36.404	27.24
2727	36.088	27.249
2728	35.753	27.257
2729	35.419	27.306
2730	35.045	27.34
2731	34.62	27.109
2732	34.185	27.106
2733	33.758	27.133
2734	33.313	27.154
2735	32.86	27.188
2736	32.382	27.181
2737	31.89	27.183
2738	31.421	27.224
2739	30.927	27.212
2740	30.491	27.349
2741	29.962	27.283
2742	29.485	27.335
2743	29.021	27.361
2744	28.528	27.327
2745	28.078	27.343
2746	27.642	27.379
2747	27.203	27.38
2748	26.8	27.417
2749	26.397	27.412
2750	26.035	27.466
2751	25.651	27.445
2752	25.311	28.395
2753	24.987	28.425
2754	24.681	28.453
2755	24.37	28.374
2756	24.087	28.351
2757	23.853	28.413
2758	23.626	28.419
2759	23.418	28.432
2760	23.244	28.448
2761	23.06	28.425
2762	22.918	28.435
2763	22.776	28.394
2764	22.66	28.348
2765	22.568	28.298
2766	22.52	28.294
2767	22.498	28.282
2768	22.496	28.266
2769	22.508	28.208
2770	22.566	28.225
2771	22.621	28.157
2772	22.727	28.129
2773	22.85	28.106
2774	23.009	28.101
2775	23.177	28.067
2776	23.396	28.057
2777	23.62	27.116
2778	23.88	27.107
2779	24.17	27.086
2780	24.486	27.109
2781	24.845	27.121
2782	25.203	27.095
2783	25.586	27.063
2784	25.992	27.042
2785	26.441	27.063
2786	26.938	27.123
2787	27.396	27.068
2788	27.899	27.038
2789	28.433	27.075
2790	28.936	27.022
2791	29.479	27.034
2792	29.999	26.997
2793	30.529	26.967
2794	31.08	27.011
2795	31.606	26.998
2796	32.167	27.024
2797	32.652	27.002
2798	33.156	26.999
2799	33.682	27.074
2800	34.122	26.995
2801	34.576	26.969
2802	35.03	27.009
2803	35.429	26.984
2804	35.797	26.952
2805	36.202	27.034
2806	36.535	27.052
2807	36.837	27.048
2808	37.108	27.077
2809	37.347	27.066
2810	37.521	27.053
2811	37.659	27.023
2812	37.804	27.023
2813	37.925	27.08
2814	37.967	27.039
2815	38.039	27.104
2816	38.036	27.106
2817	38.004	27.135
2818	37.949	27.168
2819	37.855	27.171
2820	37.723	27.163
2821	37.559	27.168
2822	37.42	27.212
2823	37.212	27.227
2824	36.941	27.164
2825	36.706	27.218
2826	36.412	27.256
2827	36.092	27.252
2828	35.732	27.262
2829	35.384	27.342
2830	34.935	27.238
2831	34.517	27.23
2832	34.09	27.223
2833	33.639	27.201
2834	33.17	27.22
2835	32.73	27.287
2836	32.242	27.286
2837	31.781	27.324
2838	31.288	27.311
2839	30.813	27.359
2840	30.323	27.332
2841	29.848	27.338
2842	29.413	27.402
2843	28.94	27.376
2844	28.481	27.389
2845	28.067	27.45
2846	27.635	27.46
2847	27.234	27.535
2848	26.839	27.556
2849	26.444	27.574
2850	26.089	27.647
2851	25.743	27.695
2852	25.397	27.707
2853	25.064	27.679
2854	24.754	27.634
2855	24.486	27.672
2856	24.208	27.65
2857	23.951	27.659
2858	23.725	27.672
2859	23.524	27.673
2860	23.311	27.61
2861	23.156	27.603
2862	23.026	27.625
2863	22.903	27.639
2864	22.817	27.681
2865	22.738	27.663
2866	22.67	27.487
2867	22.608	27.376
2868	22.61	27.407
2869	22.65	27.452
2870	22.67	27.372
2871	22.739	27.36
2872	22.817	27.293
2873	22.926	27.26
2874	23.073	27.232
2875	23.243	27.195
2876	23.421	27.1
2877	23.649	27.061
2878	23.904	27.056
2879	24.178	27.024
2880	24.474	26.992
2881	24.821	26.997
2882	25.188	26.984
2883	25.572	26.97
2884	25.985	26.955
2885	26.426	26.939
2886	26.877	26.931
2887	27.31	26.873
2888	27.8	26.846
2889	28.294	26.783
2890	28.816	26.781
2891	29.356	26.957
2892	29.905	26.974
2893	30.448	26.992
2894	30.955	26.91
2895	31.523	26.987
2896	32.045	26.944
2897	32.569	26.95
2898	33.054	26.911
2899	33.55	26.917
2900	33.993	26.876
2901	34.467	26.914
2902	34.87	26.882
2903	35.32	26.93
2904	35.715	26.944
2905	36.094	27.007
2906	36.411	27.113
2907	36.749	27.191
2908	37.037	27.224
2909	37.31	27.001
2910	37.501	26.978
2911	37.673	26.988
2912	37.83	26.992
2913	37.909	26.985
2914	37.976	26.992
2915	38.004	26.998
2916	38.005	26.974
2917	37.983	26.997
2918	37.94	27.018
2919	37.847	27.011
2920	37.666	26.917
2921	37.533	26.965
2922	37.356	26.944
2923	37.231	26.893
2924	37.009	26.912
2925	36.749	26.932
2926	36.459	26.924
2927	36.21	27.033
2928	35.86	27.032
2929	35.499	27.044
2930	35.103	27.015
2931	34.711	26.957
2932	34.233	26.897
2933	33.792	26.909
2934	33.3	27.153
2935	32.872	27.24
2936	32.384	27.242
2937	31.898	27.28
2938	31.425	27.314
2939	30.917	27.304
2940	30.406	27.266
2941	29.918	27.301
2942	29.467	27.375
2943	28.977	27.34
2944	28.499	27.338
2945	28.068	27.396
2946	27.601	27.356
2947	27.171	27.376
2948	26.732	27.463
2949	26.346	27.497
2950	25.976	27.529
2951	25.614	27.562
2952	25.018	27.499
2953	24.683	27.494
2954	24.376	27.504
2955	24.095	27.507
2956	23.827	27.486
2957	23.602	27.507
2958	23.38	27.5
2959	23.183	27.489
2960	22.984	27.437
2961	22.823	27.405
2962	22.695	27.413
2963	22.571	27.367
2964	22.493	27.385
2965	22.433	27.386
2966	22.393	27.359
2967	22.355	27.277
2968	22.353	27.229
2969	22.394	27.22
2970	22.452	27.227
2971	22.557	27.259
2972	22.672	27.256
2973	22.792	27.212
2974	22.947	27.181
2975	23.126	27.116
2976	23.335	27.063
2977	23.778	27.023
2978	24.074	27.03
2979	24.36	26.997
2980	24.683	26.979
2981	25.015	26.938
2982	25.383	26.937
2983	25.771	26.925
2984	26.186	26.922
2985	26.62	26.899
2986	27.085	26.919
2987	27.566	26.905
2988	28.077	26.91
2989	28.612	26.97
2990	29.144	26.997
2991	29.678	27.012
2992	30.207	26.996
2993	30.749	27.01
2994	31.316	27.063
2995	31.834	27.043
2996	32.327	27.029
2997	32.857	27.07
2998	33.379	27.148
2999	33.85	27.126
3000	34.341	27.189
3001	34.799	27.202
3002	35.241	27.243
3003	35.644	27.287
3004	36.024	27.26
3005	36.377	27.274
3006	36.706	27.275
3007	36.996	27.251
3008	37.259	27.267
3009	37.47	27.258
3010	37.673	27.303
3011	37.829	27.31
3012	37.947	27.316
3013	38.042	27.312
3014	38.062	27.248
3015	38.072	27.215
3016	38.053	27.198
3017	38.02	27.238
3018	37.964	27.274
3019	37.829	27.253
3020	37.736	27.317
3021	37.628	27.342
3022	37.404	27.3
3023	37.188	27.256
3024	36.931	27.241
3025	36.65	27.211
3026	36.355	27.245
3027	36.044	27.274
3028	35.684	27.24
3029	35.324	27.291
3030	34.915	27.276
3031	34.516	27.333
3032	34.085	27.34
3033	33.627	27.313
3034	33.175	27.325
3035	32.705	27.289
3036	32.236	27.293
3037	31.754	27.306
3038	31.261	27.335
3039	30.776	27.386
3040	30.321	27.469
3041	29.822	27.455
3042	29.363	27.468
3043	28.893	27.46
3044	28.424	27.455
3045	27.968	27.443
3046	27.524	27.458
3047	27.108	27.45
3048	26.705	27.486
3049	26.317	27.489
3050	25.934	27.491
3051	25.554	27.45
3052	25.211	27.414
3053	24.883	27.398
3054	24.578	27.412
3055	24.306	27.426
3056	24.033	27.408
3057	23.785	27.42
3058	23.571	27.452
3059	23.373	27.454
3060	23.189	27.453
3061	23.041	27.477
3062	22.906	27.476
3063	22.777	27.455
3064	22.687	27.426
3065	22.61	27.386
3066	22.575	27.401
3067	22.527	27.346
3068	22.525	27.328
3069	22.564	27.353
3070	22.622	27.343
3071	22.68	27.279
3072	22.774	27.262
3073	22.92	27.291
3074	23.079	27.298
3075	23.26	27.255
3076	23.482	27.27
3077	23.717	27.286
3078	23.976	27.284
3079	24.277	27.319
3080	24.59	27.32
3081	24.936	27.311
3082	25.29	27.267
3083	25.668	27.225
3084	26.092	27.253
3085	26.514	27.214
3086	26.952	27.195
3087	27.412	27.136
3088	27.905	27.108
3089	28.426	27.148
3090	28.935	27.133
3091	29.468	27.122
3092	30.02	27.12
3093	30.566	27.114
3094	31.093	27.05
3095	31.585	26.975
3096	32.14	27.017
3097	32.694	27.052
3098	33.194	27.031
3099	33.7	27.042
3100	34.203	27.081
3101	34.659	27.068
3102	35.071	27.002
3103	35.515	27.058
3104	35.876	26.987
3105	36.223	26.979
3106	36.568	26.972
3107	36.866	26.977
3108	37.153	26.976
3109	37.364	26.952
3110	37.592	26.983
3111	37.752	26.98
3112	37.902	27.045
3113	38.019	27.085
3114	38.045	27.025
3115	38.084	27.03
3116	38.075	27.028
3117	38.028	27.032
3118	38.003	27.098
3119	37.922	27.1
3120	37.841	27.156
3121	37.667	27.134
3122	37.449	27.082
3123	37.208	27.076
3124	36.954	27.068
3125	36.669	27.057
3126	36.378	27.074
3127	36.071	27.162
3128	35.678	27.088
3129	35.307	27.113
3130	34.919	27.116
3131	34.5	27.151
3132	34.078	27.161
3133	33.635	27.216
3134	33.177	27.213
3135	32.703	27.217
3136	32.217	27.207
3137	31.713	27.154
3138	31.212	27.162
3139	30.731	27.165
3140	30.245	27.17
3141	29.771	27.185
3142	29.303	27.204
3143	28.8	27.141
3144	28.35	27.195
3145	27.89	27.188
3146	27.47	27.211
3147	27.04	27.214
3148	26.641	27.23
3149	26.251	27.248
3150	25.868	27.255
3151	25.51	27.265
3152	25.173	27.257
3153	24.864	27.297
3154	24.541	27.288
3155	24.26	27.312
3156	23.989	27.279
3157	23.737	27.282
3158	23.514	27.271
3159	23.313	27.302
3160	23.116	27.27
3161	22.963	27.271
3162	22.847	27.325
3163	22.734	27.284
3164	22.64	27.272
3165	22.568	27.271
3166	22.524	27.295
3167	22.505	27.259
3168	22.513	27.267
3169	22.54	27.285
3170	22.615	27.314
3171	22.709	27.351
3172	22.823	27.407
3173	22.944	27.363
3174	23.118	27.408
3175	23.304	27.389
3176	23.509	27.356
3177	23.746	27.325
3178	23.998	27.299
3179	24.323	27.32
3180	24.654	27.354
3181	24.99	27.346
3182	25.371	27.356
3183	25.77	27.382
3184	26.175	27.35
3185	26.613	27.339
3186	27.062	27.3
3187	27.526	27.259
3188	28.012	27.256
3189	28.519	27.273
3190	29.038	27.248
3191	29.542	27.185
3192	30.057	27.187
3193	30.577	27.17
3194	31.1	27.091
3195	31.605	27.03
3196	32.106	26.978
3197	32.618	26.939
3198	33.126	26.921
3199	33.59	26.885
3200	34.087	26.953
3201	34.555	26.979
3202	34.975	26.972
3203	35.408	27.015
3204	35.773	26.993
3205	36.106	26.951
3206	36.479	26.994
3207	36.769	26.976
3208	37.011	26.923
3209	37.257	26.929
3210	37.476	26.936
3211	37.67	26.964
3212	37.807	26.974
3213	37.969	27.046
3214	38.059	27.052
3215	38.077	27.046
3216	38.107	27.131
3217	38.112	27.184
3218	38.077	27.235
3219	37.966	27.052
3220	37.848	27.098
3221	37.674	27.074
3222	37.479	27.093
3223	37.266	27.107
3224	37.021	27.093
3225	36.691	27.025
3226	36.402	27.049
3227	36.089	27.05
3228	35.745	27.088
3229	35.37	27.071
3230	34.978	27.093
3231	34.55	27.083
3232	34.161	27.165
3233	33.725	27.207
3234	33.26	27.191
3235	32.799	27.246
3236	32.316	27.276
3237	31.832	27.287
3238	31.308	27.247
3239	30.819	27.305
3240	30.347	27.37
3241	29.845	27.339
3242	29.359	27.309
3243	28.88	27.288
3244	28.428	27.518
3245	27.962	27.52
3246	27.535	27.563
3247	27.093	27.59
3248	26.681	27.612
3249	26.269	27.616
3250	25.894	27.61
3251	25.528	27.598
3252	25.191	27.602
3253	24.854	27.517
3254	24.55	27.554
3255	24.262	27.532
3256	24.013	27.581
3257	23.739	27.501
3258	23.513	27.486
3259	23.315	27.475
3260	23.136	27.469
3261	22.978	27.466
3262	22.835	27.488
3263	22.723	27.458
3264	22.598	27.332
3265	22.534	27.319
3266	22.519	27.371
3267	22.489	27.35
3268	22.496	27.369
3269	22.522	27.34
3270	22.593	27.365
3271	22.663	27.325
3272	22.787	27.288
3273	22.931	27.296
3274	23.089	27.309
3275	23.29	27.338
3276	23.498	27.299
3277	23.728	27.288
3278	23.987	27.246
3279	24.275	27.204
3280	24.595	27.238
3281	24.929	27.206
3282	25.297	27.201
3283	25.682	27.19
3284	26.088	27.198
3285	26.515	27.168
3286	26.965	27.127
3287	27.445	27.079
3288	27.946	27.105
3289	28.479	27.185
3290	28.994	27.148
3291	29.473	27.04
3292	30.021	27.051
3293	30.553	26.99
3294	31.091	27.006
3295	31.597	26.921
3296	32.123	26.919
3297	32.637	26.914
3298	33.121	26.896
3299	33.61	26.834
3300	34.05	26.783
3301	34.506	26.809
3302	34.936	26.878
3303	35.332	26.88
3304	35.713	26.88
3305	36.045	26.793
3306	36.34	26.761
3307	36.649	26.794
3308	36.92	26.803
3309	37.158	26.783
3310	37.39	26.85
3311	37.532	26.829
3312	37.679	26.841
3313	37.745	26.81
3314	37.823	26.809
3315	37.847	26.803
3316	37.894	26.843
3317	37.865	26.866
3318	37.813	26.888
3319	37.714	26.867
3320	37.615	26.906
3321	37.487	26.917
3322	37.322	26.936
3323	37.145	26.994
3324	36.925	27.023
3325	36.701	27.059
3326	36.427	27.088
3327	36.122	27.042
3328	35.799	27.08
3329	35.445	27.107
3330	35.066	27.137
3331	34.668	27.149
3332	34.249	27.159
3333	33.806	27.138
3334	33.347	27.152
3335	32.861	27.127
3336	32.401	27.199
3337	31.912	27.216
3338	31.456	27.299
3339	30.962	27.302
3340	30.459	27.327
3341	29.97	27.366
3342	29.506	27.416
3343	29.031	27.45
3344	28.585	27.515
3345	28.131	27.498
3346	27.686	27.545
3347	27.242	27.551
3348	26.818	27.506
3349	26.426	27.551
3350	26.045	27.577
3351	25.673	27.574
3352	25.313	27.572
3353	24.988	27.586
3354	24.675	27.585
3355	24.391	27.627
3356	24.116	27.609
3357	23.857	27.596
3358	23.63	27.632
3359	23.427	27.667
3360	23.236	27.637
3361	23.059	27.591
3362	22.915	27.608
3363	22.811	27.647
3364	22.701	27.611
3365	22.621	27.565
3366	23.322	27.553
3367	23.269	27.464
3368	23.264	27.46
3369	23.278	27.431
3370	23.298	27.409
3371	23.382	27.385
3372	23.486	27.39
3373	23.595	27.373
3374	23.732	27.312
3375	23.89	27.254
3376	24.07	27.19
3377	24.297	27.176
3378	24.528	27.148
3379	24.795	27.135
3380	25.08	27.072
3381	25.392	27.04
3382	25.731	27.022
3383	26.088	26.976
3384	26.465	26.929
3385	26.871	26.902
3386	27.317	26.891
3387	27.771	26.854
3388	28.22	26.78
3389	28.727	26.772
3390	29.239	26.76
3391	28.756	26.739
3392	29.265	26.77
3393	29.79	26.793
3394	30.336	26.814
3395	30.871	26.82
3396	31.367	26.829
3397	31.855	26.75
3398	32.376	26.751
3399	32.883	26.748
3400	33.398	26.8
3401	33.888	26.828
3402	34.352	26.839
3403	34.808	26.847
3404	35.232	26.87
3405	35.613	26.872
3406	36.004	26.916
3407	36.337	26.869
3408	36.662	26.862
3409	36.966	26.881
3410	37.217	26.869
3411	37.462	26.899
3412	37.618	26.873
3413	37.758	26.857
3414	37.874	26.867
3415	38.008	26.94
3416	38.091	27.015
3417	38.109	27.022
3418	38.093	27.026
3419	38.003	27.03
3420	37.929	27.064
3421	37.803	27.065
3422	37.638	27.092
3423	37.434	27.1
3424	37.198	27.159
3425	36.925	27.177
3426	36.639	27.191
3427	36.31	27.18
3428	35.969	27.201
3429	35.591	27.217
3430	35.24	27.258
3431	34.817	27.272
3432	34.392	27.342
3433	33.936	27.402
3434	33.465	27.418
3435	32.998	27.496
3436	32.486	27.48
3437	32.009	27.532
3438	31.5	27.531
3439	31.017	27.614
3440	30.511	27.651
3441	29.954	27.571
3442	29.462	27.57
3443	28.968	27.567
3444	28.461	27.51
3445	27.981	27.498
3446	27.54	27.526
3447	27.107	27.54
3448	26.683	27.524
3449	26.267	27.462
3450	25.871	27.423
3451	25.487	27.388
3452	25.135	27.388
3453	24.816	27.404
3454	24.509	27.357
3455	24.203	27.353
3456	23.939	27.348
3457	23.696	27.358
3458	23.471	27.325
3459	23.26	27.31
3460	23.082	27.289
3461	22.924	27.295
3462	22.788	27.286
3463	22.686	27.314
3464	22.578	27.268
3465	22.495	27.211
3466	22.457	27.206
3467	22.453	27.253
3468	22.44	27.176
3469	22.472	27.168
3470	22.536	27.173
3471	22.608	27.163
3472	22.723	27.155
3473	22.856	27.142
3474	23.03	27.188
3475	23.223	27.191
3476	23.431	27.169
3477	23.67	27.157
3478	23.942	27.182
3479	24.219	27.155
3480	24.539	27.131
3481	24.875	27.12
3482	25.236	27.067
3483	25.607	27.021
3484	26.028	27.041
3485	26.449	27
3486	26.913	27.017
3487	27.365	26.956
3488	27.838	26.911
3489	28.337	26.861
3490	28.849	26.833
3491	29.373	26.807
3492	29.865	26.721
3493	30.399	26.748
3494	30.945	26.791
3495	31.465	26.779
3496	32.002	26.792
3497	32.511	26.826
3498	32.991	26.804
3499	33.485	26.844
3500	33.943	26.843
3501	34.391	26.846
3502	34.82	26.842
3503	35.186	26.807
3504	35.577	26.858
3505	35.889	26.827
3506	36.202	26.807
3507	36.486	26.819
3508	36.76	26.831
3509	36.979	26.813
3510	37.165	26.806
3511	37.326	26.805
3512	37.472	26.843
3513	37.595	26.892
3514	38.493	26.968
3515	38.542	27.005
3516	38.595	27.065
3517	38.591	27.091
3518	38.547	27.111
3519	38.51	27.171
3520	38.401	27.19
3521	38.223	27.132
3522	38.049	27.118
3523	37.885	27.224
3524	37.589	27.157
3525	37.304	27.146
3526	37.055	27.267
3527	36.691	27.271
3528	36.335	27.265
3529	35.933	27.245
3530	35.556	27.322
3531	35.121	27.328
3532	34.677	27.389
3533	34.204	27.418
3534	33.722	27.456
3535	33.226	27.471
3536	32.681	27.476
3537	32.181	27.503
3538	31.654	27.5
3539	30.521	27.424
3540	30.024	27.473
3541	29.506	27.436
3542	29.019	27.45
3543	28.52	27.442
3544	28.04	27.46
3545	27.582	27.455
3546	27.157	27.525
3547	26.731	27.531
3548	26.308	27.485
3549	25.932	27.489
3550	25.565	27.534
3551	25.199	27.479
3552	24.879	27.487
3553	24.548	27.461
3554	24.272	27.501
3555	23.984	27.461
3556	23.735	27.462
3557	23.495	27.392
3558	23.3	27.399
3559	23.12	27.364
3560	22.97	27.394
3561	22.87	27.376
3562	22.754	27.373
3563	22.661	28.052
3564	22.595	28.063
3565	22.539	28.028
3566	22.508	28.03
3567	22.494	28.009
3568	22.521	27.999
3569	22.548	27.906
3570	22.597	27.85
3571	22.676	27.806
3572	22.778	27.768
3573	22.897	27.689
3574	23.06	27.714
3575	23.241	27.651
3576	23.447	27.616
3577	23.68	27.593
3578	23.96	27.604
3579	24.228	27.535
3580	24.555	27.536
3581	24.892	27.527
3582	25.263	27.52
3583	25.645	27.521
3584	26.047	27.525
3585	26.462	27.483
3586	26.879	27.461
3587	27.318	27.409
3588	27.802	26.745
3589	28.3	26.764
3590	28.803	26.743
3591	29.322	26.758
3592	29.851	26.793
3593	30.375	26.808
3594	30.891	26.797
3595	31.432	26.848
3596	31.931	26.816
3597	32.442	26.833
3598	32.975	26.909
3599	33.445	26.894
3600	33.909	26.923
3601	34.357	26.955
3602	34.79	26.998
3603	35.176	27.007
3604	35.56	27.038
3605	35.904	27.047
3606	36.221	27.058
3607	36.511	27.073
3608	36.767	27.059
3609	36.999	27.071
3610	37.176	27.075
3611	37.354	27.112
3612	37.511	27.131
3613	37.612	27.135
3614	37.644	26.922
3615	37.684	26.919
3616	37.698	26.937
3617	37.67	26.898
3618	37.666	26.935
3619	37.619	26.987
3620	37.504	26.986
3621	37.384	27.023
3622	37.217	27.028
3623	37.01	27.007
3624	36.849	27.1
3625	36.624	27.129
3626	36.358	27.109