1	38.062	27.087
2	37.883	27.098
3	37.688	27.11
4	37.449	27.143
5	37.169	27.151
6	36.884	27.188
7	36.551	27.195
8	36.184	27.195
9	35.824	27.259
10	35.385	27.265
11	34.962	27.272
12	34.531	27.287
13	34.097	27.342
14	33.621	27.354
15	33.133	27.344
16	32.621	27.354
17	32.109	27.345
18	31.595	27.351
19	31.088	27.37
20	30.594	27.389
21	30.119	27.436
22	29.633	27.455
23	29.153	27.481
24	28.667	27.482
25	28.22	27.52
26	27.777	27.531
27	27.349	27.53
28	26.926	27.548
29	26.554	27.586
30	26.174	27.593
31	25.79	27.572
32	25.437	27.597
33	25.109	27.601
34	24.813	27.628
35	24.523	27.6
36	24.241	27.621
37	23.979	27.633
38	23.732	28.222
39	23.52	28.216
40	23.347	28.313
41	23.187	28.347
42	23.013	28.296
43	22.877	28.291
44	22.759	28.277
45	22.678	28.337
46	22.608	28.324
47	22.571	28.33
48	22.544	28.324
49	22.542	28.358
50	22.543	28.297
51	22.591	28.322
52	22.661	28.338
53	22.751	28.291
54	22.841	28.214
55	22.982	28.222
56	23.154	28.203
57	23.355	28.17
58	23.577	28.165
59	23.821	28.157
60	24.101	28.151
61	24.401	28.163
62	24.725	28.147
63	25.08	27.556
64	25.45	27.551
65	25.834	27.494
66	26.251	27.464
67	26.692	27.438
68	27.169	27.451
69	27.659	27.432
70	28.129	27.324
71	28.648	27.34
72	29.162	27.29
73	29.7	27.267
74	30.257	27.243
75	30.817	27.251
76	31.345	27.198
77	31.889	27.173
78	32.436	27.19
79	32.979	27.18
80	33.516	27.178
81	34.005	27.166
82	34.462	27.14
83	34.938	27.155
84	35.336	27.099
85	35.736	27.076
86	36.129	27.03
87	36.493	27.024
88	36.816	26.979
89	37.119	26.97
90	37.394	26.968
91	37.628	27.002
92	37.835	27.023
93	37.971	27
94	38.08	26.991
95	38.187	27.027
96	38.243	27.059
97	38.253	27.107
98	38.21	27.115
99	38.135	27.105
100	38.054	27.139
101	37.957	27.192
102	37.836	27.268
103	37.648	27.267
104	37.419	27.322
105	37.16	27.331
106	36.9	27.362
107	36.633	27.423
108	36.291	27.445
109	35.938	27.472
110	35.552	27.493
111	35.15	27.513
112	34.708	27.525
113	34.266	27.575
114	33.788	27.576
115	33.288	27.562
116	32.801	27.578
117	32.308	27.595
118	31.813	27.594
119	31.316	27.629
120	30.827	27.671
121	30.314	27.631
122	29.81	27.609
123	29.327	27.621
124	28.858	27.624
125	28.399	27.627
126	27.924	27.62
127	27.453	27.567
128	27.005	27.551
129	26.6	27.532
130	26.19	27.497
131	25.809	27.499
132	25.424	27.456
133	25.084	27.432
134	24.789	27.418
135	24.483	27.442
136	24.093	27.448
137	23.839	27.45
138	23.597	27.42
139	23.392	27.473
140	23.202	27.478
141	23.03	27.478
142	22.875	27.481
143	22.752	27.504
144	22.646	27.518
145	22.547	27.475
146	22.482	27.469
147	22.446	27.478
148	22.43	27.478
149	22.432	27.468
150	22.458	27.472
151	22.523	27.469
152	22.609	27.466
153	22.727	27.487
154	22.852	27.49
155	23.023	27.533
156	23.2	27.496
157	23.439	27.591
158	23.672	27.612
159	23.902	27.581
160	24.196	27.56
161	24.603	27.537
162	24.933	27.526
163	25.292	27.536
164	25.683	27.54
165	26.087	27.515
166	26.505	27.475
167	26.949	27.471
168	27.41	27.453
169	27.891	27.443
170	28.42	27.48
171	28.917	27.418
172	29.445	27.417
173	29.981	27.411
174	30.535	27.431
175	31.106	27.466
176	31.676	27.48
177	32.183	27.434
178	32.72	27.465
179	33.251	27.464
180	33.756	27.439
181	34.298	27.514
182	34.738	27.421
183	35.188	27.4
184	35.619	27.386
185	36.017	27.379
186	36.415	27.394
187	36.765	27.364
188	37.101	27.36
189	37.394	27.357
190	37.631	27.356
191	37.87	27.382
192	38.098	27.408
193	38.265	27.436
194	38.374	27.427
195	38.443	27.437
196	38.504	27.502
197	38.497	27.492
198	38.171	27.565
199	38.065	27.584
200	37.912	27.53
201	37.396	27.52
202	37.257	27.557
203	37.062	27.548
204	36.605	27.489
205	36.368	27.539
206	36.046	27.499
207	35.748	27.508
208	35.424	27.508
209	35.088	27.55
210	34.712	27.545
211	34.32	27.554
212	33.954	27.665
213	33.562	27.731
214	33.108	27.687
215	32.7	27.749
216	32.222	27.712
217	31.736	27.694
218	31.274	27.707
219	30.82	27.741
220	30.327	27.696
221	29.858	27.67
222	29.408	27.691
223	29.148	27.614
224	28.724	27.622
225	28.302	27.645
226	28.108	27.643
227	27.699	27.661
228	27.289	27.655
229	27.04	27.707
230	26.658	27.682
231	26.302	27.696
232	25.941	27.696
233	25.601	27.705
234	25.267	27.733
235	24.959	27.754
236	24.662	27.719
237	24.399	27.639
238	24.135	27.615
239	23.897	27.607
240	23.678	27.588
241	23.491	27.598
242	23.315	27.585
243	23.163	27.578
244	23.024	27.56
245	22.929	27.566
246	22.842	27.574
247	22.756	27.537
248	22.697	27.517
249	22.665	27.489
250	22.662	27.491
251	22.683	27.478
252	22.743	27.498
253	22.806	27.446
254	22.903	27.413
255	23.02	27.361
256	23.172	27.337
257	23.373	27.344
258	23.597	27.376
259	23.848	27.33
260	24.127	27.29
261	24.43	27.322
262	24.722	27.294
263	25.056	27.253
264	25.434	27.262
265	25.834	27.258
266	26.257	27.268
267	26.694	27.23
268	27.149	27.198
269	27.638	27.17
270	28.123	27.147
271	28.648	27.129
272	29.211	27.13
273	29.816	27.204
274	30.393	27.24
275	30.954	27.195
276	31.526	27.189
277	32.056	27.121
278	32.62	27.119
279	33.179	27.136
280	33.701	27.129
281	34.22	27.113
282	34.718	27.107
283	35.221	27.113
284	35.689	27.129
285	36.123	27.143
286	36.536	27.121
287	36.925	27.153
288	37.287	27.161
289	37.579	27.128
290	37.853	27.117
291	38.106	27.108
292	38.339	27.176
293	38.477	27.191
294	38.59	27.207
295	38.645	27.201
296	38.69	27.227
297	38.657	27.221
298	38.578	27.23
299	38.474	27.189
300	38.353	27.086
301	38.181	27.143
302	38.003	27.186
303	37.798	27.244
304	37.535	27.291
305	37.289	27.34
306	36.968	27.365
307	36.625	27.385
308	36.192	27.308
309	35.796	27.315
310	35.341	27.287
311	34.934	27.347
312	34.477	27.359
313	34.004	27.38
314	33.545	27.449
315	33.082	27.543
316	32.61	27.621
317	32.103	27.595
318	31.644	27.633
319	31.167	27.664
320	30.684	27.679
321	30.188	27.694
322	29.711	27.733
323	29.216	27.672
324	28.75	27.678
325	28.293	27.838
326	27.855	27.808
327	27.43	27.864
328	27.016	27.873
329	26.617	27.843
330	26.227	27.863
331	25.865	27.87
332	25.512	27.868
333	25.191	27.916
334	24.871	27.929
335	24.604	27.969
336	24.314	27.937
337	24.059	27.935
338	23.826	27.933
339	23.632	27.983
340	23.423	27.916
341	23.23	27.87
342	23.067	27.88
343	22.916	27.839
344	22.78	27.786
345	22.691	27.801
346	22.614	27.777
347	22.566	27.773
348	22.535	27.748
349	22.53	27.753
350	22.541	27.717
351	22.586	27.709
352	22.639	27.644
353	22.726	27.6
354	22.866	27.653
355	22.997	27.602
356	23.166	27.586
357	23.353	27.521
358	23.59	27.521
359	23.823	27.466
360	24.091	27.451
361	24.39	27.427
362	24.715	27.401
363	25.067	27.395
364	25.417	27.3
365	25.81	27.269
366	26.254	27.294
367	26.704	27.229
368	27.148	27.202
369	27.647	27.196
370	28.164	27.227
371	28.707	27.277
372	29.243	27.26
373	29.802	27.28
374	30.339	27.237
375	30.921	27.24
376	31.446	27.199
377	32.009	27.205
378	32.562	27.217
379	33.063	27.143
380	33.591	27.146
381	34.072	27.107
382	34.572	27.147
383	35.024	27.111
384	35.468	27.096
385	35.871	27.087
386	36.253	27.082
387	36.618	27.087
388	36.949	27.084
389	37.246	27.088
390	37.504	27.078
391	37.701	27.05
392	37.884	27.067
393	37.926	27.084
394	38.04	27.109
395	38.1	27.084
396	38.139	27.116
397	38.186	27.184
398	38.142	27.195
399	38.141	27.24
400	38.013	27.261
401	38.456	27.343
402	38.289	27.359
403	38.083	27.374
404	37.845	27.41
405	37.582	27.423
406	37.33	27.531
407	37.017	27.571
408	36.663	27.613
409	36.337	27.688
410	35.979	27.774
411	35.557	27.816
412	35.132	27.902
413	34.647	27.887
414	34.143	27.878
415	33.634	27.892
416	33.12	27.898
417	32.616	27.948
418	32.213	27.998
419	31.687	28.001
420	31.157	28.006
421	30.629	27.934
422	30.077	27.878
423	29.601	27.951
424	29.083	28.001
425	28.606	28.071
426	27.78	28.011
427	27.323	28.017
428	26.881	28.01
429	26.461	27.995
430	26.052	27.985
431	25.656	27.928
432	25.292	27.918
433	24.942	27.899
434	24.606	27.89
435	24.281	27.831
436	24.014	27.869
437	23.743	27.802
438	23.514	27.81
439	23.316	27.825
440	23.138	27.835
441	22.967	27.841
442	22.822	27.824
443	22.712	27.856
444	22.61	27.852
445	22.536	27.847
446	22.471	27.851
447	22.443	27.869
448	22.42	27.801
449	22.407	27.728
450	22.43	27.63
451	22.497	27.627
452	22.609	27.661
453	22.708	27.608
454	22.848	27.587
455	23.023	27.607
456	23.209	27.593
457	23.43	27.641
458	23.674	27.628
459	23.925	27.57
460	24.204	27.53
461	24.499	27.451
462	24.825	27.443
463	25.168	27.399
464	25.532	27.356
465	25.92	27.351
466	26.333	27.292
467	26.764	27.271
468	27.205	27.178
469	27.688	27.173
470	28.183	27.151
471	28.693	27.134
472	29.199	27.079
473	29.71	27.06
474	30.25	27.029
475	30.803	27.053
476	31.327	27.05
477	31.816	26.975
478	32.347	27.002
479	32.86	26.993
480	33.36	26.991
481	33.831	26.968
482	34.279	26.911
483	34.713	26.91
484	35.142	26.948
485	35.549	26.968
486	35.926	26.979
487	36.268	26.958
488	36.63	27.033
489	36.932	27.047
490	37.189	27.033
491	37.429	27.065
492	37.638	27.085
493	37.785	27.09
494	37.888	27.08
495	37.973	27.085
496	38.005	27.078
497	38.018	27.086
498	38.021	27.126
499	37.993	27.152
500	37.897	27.171
501	37.83	27.244
502	37.698	27.262
503	37.537	27.285
504	37.296	27.271
505	37.064	27.29
506	36.819	27.332
507	36.511	27.312
508	36.244	27.385
509	35.912	27.395
510	35.555	27.417
511	35.16	27.433
512	34.763	27.482
513	34.308	27.455
514	33.862	27.491
515	33.421	27.546
516	32.952	27.564
517	32.464	27.568
518	31.979	27.598
519	31.496	27.654
520	30.998	27.667
521	30.523	27.717
522	30.038	27.726
523	29.544	27.718
524	29.052	27.695
525	28.615	27.756
526	28.118	27.672
527	27.651	27.676
528	27.22	27.686
529	26.824	27.734
530	26.423	27.737
531	26.061	27.77
532	25.692	27.774
533	25.325	27.741
534	24.986	27.723
535	24.675	27.716
536	24.382	27.716
537	24.1	27.671
538	23.847	27.675
539	23.639	27.751
540	23.424	27.729
541	23.237	27.724
542	23.088	27.742
543	22.946	27.748
544	22.824	27.707
545	22.723	27.716
546	22.643	27.695
547	22.59	27.708
548	22.56	27.684
549	22.562	27.712
550	22.555	27.655
551	22.591	27.652
552	22.664	27.625
553	22.743	27.577
554	22.873	27.602
555	23.019	27.606
556	23.158	27.532
557	23.357	27.542
558	23.575	27.517
559	23.833	27.519
560	24.106	27.523
561	24.409	27.482
562	24.736	27.472
563	25.09	27.459
564	25.433	27.328
565	25.835	27.3
566	26.26	27.269
567	26.684	27.238
568	27.149	27.217
569	27.632	27.225
570	28.125	27.184
571	28.639	27.173
572	29.148	27.15
573	29.681	27.157
574	30.224	27.153
575	30.772	27.146
576	31.338	27.163
577	31.894	27.223
578	32.441	27.263
579	32.931	27.194
580	33.44	27.176
581	33.918	27.153
582	34.428	27.175
583	34.889	27.184
584	35.317	27.168
585	35.703	27.136
586	36.086	27.173
587	36.457	27.189
588	36.783	27.214
589	37.105	27.304
590	37.361	27.311
591	37.579	27.336
592	37.804	27.379
593	37.957	27.391
594	38.074	27.388
595	38.165	27.415
596	38.202	27.401
597	38.22	27.398
598	38.198	27.417
599	38.18	27.486
600	38.088	27.499
601	37.955	27.524
602	37.798	27.494
603	38.394	27.511
604	38.187	27.545
605	37.929	27.563
606	37.682	27.64
607	37.322	27.612
608	36.958	27.61
609	36.578	27.637
610	36.212	27.692
611	35.769	27.679
612	35.307	27.685
613	34.818	27.678
614	34.329	27.694
615	33.819	27.7
616	33.277	27.665
617	32.716	27.618
618	32.218	27.688
619	31.704	27.733
620	31.179	27.748
621	30.66	27.78
622	30.154	27.832
623	29.638	27.837
624	29.125	27.86
625	28.632	27.859
626	28.183	27.907
627	27.714	27.907
628	26.787	27.915
629	26.358	27.918
630	25.95	27.914
631	25.552	27.89
632	25.192	27.906
633	24.85	27.898
634	24.521	27.869
635	24.198	27.82
636	23.93	27.843
637	23.668	27.824
638	23.439	27.802
639	23.21	27.737
640	23.03	28.057
641	22.883	28.092
642	22.733	28.059
643	22.59	27.984
644	22.481	27.952
645	22.415	27.892
646	22.359	27.864
647	22.334	27.849
648	22.33	27.837
649	22.322	27.722
650	22.355	27.681
651	22.409	27.629
652	22.501	27.647
653	22.619	27.618
654	22.754	27.569
655	22.921	27.562
656	23.127	27.561
657	23.352	27.593
658	23.596	27.586
659	23.873	27.608
660	24.161	27.58
661	24.471	27.572
662	24.817	27.588
663	25.176	27.57
664	25.574	27.579
665	25.961	27.252
666	26.385	27.247
667	26.867	27.298
668	27.327	27.295
669	27.831	27.303
670	28.308	27.335
671	28.82	27.327
672	29.324	27.275
673	29.857	27.238
674	30.405	27.269
675	30.96	27.312
676	31.5	27.325
677	31.996	27.254
678	32.518	27.262
679	33.042	27.316
680	33.526	27.273
681	33.989	27.251
682	34.427	27.188
683	34.859	27.188
684	35.293	27.219
685	35.706	27.252
686	36.039	27.188
687	36.37	27.151
688	36.734	27.238
689	37.015	27.218
690	37.258	27.189
691	37.466	27.19
692	37.618	27.165
693	37.755	27.133
694	37.831	27.09
695	37.924	27.108
696	37.969	27.131
697	37.996	27.195
698	38.127	27.223
699	38.037	27.193
700	37.966	27.203
701	37.822	27.183
702	37.72	27.265
703	37.53	27.256
704	37.315	27.237
705	37.065	27.259
706	36.804	27.273
707	36.523	27.283
708	36.188	27.26
709	35.822	27.242
710	35.462	27.256
711	35.135	27.375
712	34.708	27.42
713	34.239	27.352
714	33.795	27.354
715	33.366	27.406
716	32.904	27.42
717	32.426	27.447
718	31.947	27.477
719	31.457	27.508
720	30.961	27.539
721	30.473	27.56
722	29.985	27.535
723	29.391	27.539
724	28.947	27.61
725	28.473	27.599
726	28.03	27.592
727	27.592	27.584
728	27.17	27.598
729	26.779	27.682
730	26.398	27.703
731	26.029	27.731
732	25.691	27.824
733	25.373	27.93
734	25.057	27.955
735	24.748	27.971
736	24.462	27.96
737	24.228	28.018
738	23.985	28.03
739	23.748	28.061
740	23.535	28.07
741	23.364	28.131
742	23.197	28.106
743	22.922	28.108
744	22.801	28.111
745	22.691	28.056
746	22.611	28.032
747	22.566	28.057
748	22.536	28.063
749	22.528	28.031
750	22.548	28.017
751	22.579	28.028
752	22.639	28.011
753	22.722	27.972
754	22.819	27.9
755	22.979	27.943
756	23.138	27.926
757	23.31	27.85
758	23.527	27.835
759	23.753	27.794
760	24.03	27.798
761	24.302	27.707
762	24.609	27.654
763	24.934	27.601
764	25.316	27.586
765	25.716	27.575
766	26.119	27.482
767	26.539	27.477
768	27.166	27.471
769	27.645	27.418
770	28.153	27.396
771	28.671	27.394
772	29.191	27.358
773	29.753	27.389
774	30.286	27.37
775	30.813	27.362
776	31.392	27.388
777	31.921	27.378
778	32.465	27.422
779	32.996	27.396
780	33.474	27.359
781	33.951	27.326
782	34.418	27.295
783	34.85	27.228
784	35.297	27.224
785	35.69	27.186
786	36.071	27.218
787	36.417	27.199
788	36.776	27.239
789	37.045	27.226
790	37.484	27.196
791	37.693	27.213
792	37.9	27.204
793	38.061	27.194
794	38.189	27.23
795	38.275	27.259
796	38.308	27.258
797	38.351	27.323
798	38.281	27.281
799	38.197	27.243
800	38.119	27.241
801	37.948	27.252
802	37.805	27.264
803	37.615	27.262
804	37.432	27.358
805	37.183	27.343
806	36.932	27.396
807	36.643	27.449
808	36.352	27.505
809	35.986	27.519
810	35.612	27.541
811	35.203	27.527
812	34.775	27.541
813	34.325	27.552
814	33.867	27.56
815	33.218	27.554
816	32.755	27.557
817	32.267	27.58
818	31.776	27.625
819	31.253	27.598
820	30.771	27.624
821	30.26	27.617
822	29.758	27.588
823	29.31	27.654
824	28.878	27.788
825	28.413	27.802
826	27.966	27.768
827	27.563	27.821
828	27.137	27.821
829	26.711	27.759
830	26.315	27.771
831	25.944	27.772
832	25.586	27.775
833	25.226	27.754
834	24.912	27.803
835	24.613	27.799
836	24.359	27.884
837	24.097	27.895
838	23.875	27.965
839	23.662	27.988
840	23.475	28.04
841	23.251	28.042
842	23.102	28.019
843	22.961	27.991
844	22.865	28.036
845	22.772	28.018
846	22.708	27.991
847	22.655	27.98
848	22.614	27.939
849	22.592	27.851
850	22.628	27.888
851	22.693	27.936
852	22.732	27.855
853	22.849	27.894
854	22.982	27.919
855	23.128	27.901
856	23.294	27.865
857	23.491	27.825
858	23.714	27.802
859	23.957	27.733
860	24.231	27.725
861	24.508	27.65
862	24.831	27.629
863	25.162	27.559
864	25.535	27.553
865	25.952	27.567
866	26.418	27.556
867	26.858	27.569
868	27.327	27.567
869	27.802	27.512
870	28.293	27.493
871	28.795	27.486
872	29.297	27.449
873	29.824	27.399
874	30.346	27.354
875	30.863	27.286
876	31.387	27.255
877	31.907	27.241
878	32.407	27.168
879	32.899	27.177
880	33.422	27.205
881	33.919	27.198
882	34.385	27.177
883	34.834	27.152
884	35.303	27.226
885	35.656	27.235
886	36.03	27.228
887	36.394	27.202
888	36.676	27.199
889	36.957	27.17
890	37.35	27.131
891	37.61	27.137
892	37.808	27.123
893	37.97	27.119
894	38.068	27.109
895	38.164	27.13
896	38.441	27.268
897	38.448	27.265
898	38.415	27.3
899	38.355	27.313
900	38.271	27.323
901	38.135	27.319
902	38.013	27.368
903	37.81	27.374
904	37.598	27.321
905	37.325	27.29
906	37.031	27.319
907	36.73	27.349
908	36.403	27.396
909	36.007	27.352
910	35.668	27.337
911	35.239	27.331
912	34.808	27.374
913	34.398	27.41
914	33.946	27.451
915	33.336	27.475
916	32.828	27.481
917	32.311	27.496
918	31.799	27.528
919	31.318	27.573
920	30.81	27.588
921	30.17	27.514
922	29.7	27.566
923	29.228	27.556
924	28.77	27.576
925	28.283	27.549
926	27.834	27.54
927	27.402	27.565
928	26.977	27.564
929	26.564	27.57
930	26.188	27.645
931	25.808	27.629
932	25.458	27.663
933	25.124	27.652
934	24.833	27.678
935	24.519	27.669
936	24.262	27.722
937	24.008	27.742
938	23.774	27.738
939	23.559	27.73
940	23.348	27.694
941	23.188	27.72
942	23.046	27.725
943	22.9	27.686
944	22.786	27.695
945	22.72	27.745
946	22.659	27.729
947	22.604	27.658
948	22.583	27.671
949	22.587	27.686
950	22.629	27.741
951	22.673	27.718
952	22.735	27.669
953	22.84	27.678
954	22.95	27.644
955	23.071	27.527
956	23.234	27.525
957	23.439	27.537
958	23.655	27.516
959	23.866	27.432
960	24.162	27.461
961	24.457	27.44
962	24.795	27.453
963	25.124	27.405
964	25.503	27.445
965	25.913	27.455
966	26.308	27.396
967	26.743	27.386
968	27.245	27.452
969	27.734	27.446
970	28.187	27.337
971	28.695	27.322
972	29.234	27.377
973	29.751	27.337
974	30.32	27.384
975	30.852	27.352
976	31.383	27.329
977	31.921	27.325
978	32.451	27.341
979	32.976	27.356
980	33.516	27.404
981	34.038	27.406
982	34.488	27.36
983	34.95	27.382
984	35.441	27.481
985	35.842	27.446
986	36.226	27.419
987	36.549	27.356
988	36.935	27.431
989	37.223	27.399
990	37.472	27.401
991	37.694	27.406
992	37.912	28.032
993	38.013	27.947
994	38.126	27.948
995	38.224	27.991
996	38.264	27.998
997	38.27	28.002
998	38.228	27.992
999	38.126	27.949
1000	38.027	27.98
1001	37.913	28.019
1002	37.743	28.031
1003	37.581	28.099
1004	37.346	28.103
1005	37.096	28.144
1006	36.823	28.164
1007	36.528	28.203
1008	36.192	28.184
1009	35.8	28.138
1010	35.426	28.178
1011	35.029	28.216
1012	34.612	28.231
1013	34.144	28.207
1014	33.662	28.154
1015	33.189	28.159
1016	32.707	28.157
1017	32.215	27.544
1018	31.741	27.603
1019	31.247	27.61
1020	30.775	27.612
1021	30.29	27.635
1022	29.807	27.645
1023	29.338	27.664
1024	28.867	27.664
1025	28.422	27.668
1026	27.978	27.675
1027	27.542	27.655
1028	27.102	27.584
1029	26.725	27.625
1030	26.331	27.604
1031	25.969	27.663
1032	25.591	27.544
1033	25.248	27.539
1034	24.938	27.548
1035	24.605	27.545
1036	24.322	27.546
1037	24.047	27.53
1038	23.819	27.56
1039	23.609	27.575
1040	23.421	27.578
1041	23.248	27.585
1042	23.087	27.603
1043	22.937	27.556
1044	22.831	27.602
1045	22.727	27.607
1046	22.656	27.6
1047	22.607	27.608
1048	22.586	27.627
1049	22.582	27.613
1050	22.591	27.586
1051	22.623	27.556
1052	22.701	27.577
1053	22.798	27.593
1054	22.911	27.566
1055	23.057	27.545
1056	23.213	27.503
1057	23.425	27.591
1058	23.653	27.582
1059	23.893	27.603
1060	24.189	27.587
1061	24.481	27.568
1062	24.829	27.596
1063	25.167	27.549
1064	25.545	27.581
1065	25.932	27.551
1066	26.357	27.557
1067	26.798	27.527
1068	27.299	27.599
1069	27.778	27.533
1070	28.284	27.536
1071	28.796	27.515
1072	29.305	27.456
1073	29.822	27.409
1074	30.37	27.412
1075	30.923	27.407
1076	31.468	27.397
1077	32.03	27.413
1078	32.556	27.382
1079	33.061	27.361
1080	33.576	27.349
1081	34.085	27.327
1082	34.575	27.337
1083	35.044	27.35
1084	35.46	27.278
1085	35.899	27.277
1086	36.296	27.271
1087	36.531	27.271
1088	36.868	27.252
1089	37.161	27.218
1090	37.468	27.274
1091	37.716	27.318
1092	37.917	27.357
1093	38.028	27.292
1094	38.143	27.311
1095	38.216	27.324
1096	38.256	27.32
1097	38.317	27.383
1098	38.34	27.474
1099	38.277	27.491
1100	38.163	27.482
1101	38.056	27.505
1102	37.88	27.51
1103	37.666	27.527
1104	37.443	27.525
1105	37.184	27.551
1106	36.88	27.537
1107	36.566	27.538
1108	36.214	27.521
1109	35.857	27.54
1110	35.465	27.552
1111	35.043	27.585
1112	34.708	27.593
1113	34.222	27.582
1114	33.78	27.668
1115	33.315	27.714
1116	32.822	27.701
1117	32.303	27.664
1118	31.822	27.696
1119	31.313	27.688
1120	30.791	27.634
1121	30.289	27.633
1122	29.811	27.687
1123	29.315	27.644
1124	28.861	27.718
1125	28.415	27.756
1126	27.959	27.762
1127	27.506	27.741
1128	27.1	27.758
1129	26.693	27.77
1130	26.295	27.753
1131	25.932	27.78
1132	25.589	27.83
1133	25.256	27.881
1134	24.942	27.901
1135	24.629	27.914
1136	24.354	27.889
1137	24.094	27.889
1138	23.889	27.981
1139	23.655	27.929
1140	23.452	27.881
1141	23.291	27.918
1142	23.148	27.932
1143	23.004	27.93
1144	22.873	27.897
1145	22.792	27.931
1146	22.716	27.916
1147	22.642	27.831
1148	22.596	27.807
1149	22.574	27.717
1150	22.584	27.686
1151	22.639	27.72
1152	22.709	27.728
1153	22.798	27.7
1154	22.935	27.717
1155	23.1	27.748
1156	23.272	27.769
1157	23.454	27.715
1158	23.674	27.68
1159	23.918	27.659
1160	24.193	27.613
1161	24.494	27.648
1162	24.814	27.624
1163	25.158	27.6
1164	25.53	27.583
1165	25.899	27.552
1166	26.287	27.489
1167	26.721	27.487
1168	27.181	27.45
1169	27.682	27.464
1170	28.182	27.437
1171	28.725	27.473
1172	29.252	27.482
1173	29.815	27.496
1174	30.362	27.503
1175	30.897	27.464
1176	31.422	27.423
1177	31.965	27.388
1178	32.506	27.391
1179	33.029	27.374
1180	33.49	27.292
1181	33.956	27.273
1182	34.444	27.299
1183	34.933	27.325
1184	35.377	27.344
1185	35.766	27.335
1186	36.177	27.348
1187	36.536	27.36
1188	36.848	27.314
1189	37.138	27.29
1190	37.406	27.302
1191	37.649	27.325
1192	37.848	27.319
1193	37.987	27.311
1194	38.099	27.302
1195	38.177	27.335
1196	38.206	27.344
1197	38.208	27.339
1198	38.185	27.343
1199	38.106	27.343
1200	38.058	27.41
1201	37.926	27.407
1202	37.748	27.429
1203	37.55	27.431
1204	37.298	27.43
1205	37.083	27.483
1206	36.832	27.49
1207	36.522	27.482
1208	36.161	27.465
1209	35.804	27.476
1210	35.455	27.524
1211	35.011	27.453
1212	34.6	27.456
1213	34.13	27.428
1214	33.68	27.469
1215	33.244	27.533
1216	32.785	27.555
1217	32.309	27.562
1218	31.81	27.583
1219	31.333	27.642
1220	30.851	27.638
1221	30.357	27.592
1222	29.867	27.578
1223	29.382	27.597
1224	28.934	27.617
1225	28.466	27.651
1226	28.023	27.68
1227	27.626	27.723
1228	27.205	27.747
1229	26.82	27.791
1230	26.424	27.79
1231	26.039	27.759
1232	25.652	27.709
1233	25.31	27.722
1234	24.984	27.724
1235	24.703	27.766
1236	24.435	27.846
1237	24.17	27.857
1238	23.937	27.911
1239	23.714	27.899
1240	23.495	27.856
1241	23.297	27.833
1242	23.128	27.833
1243	22.991	27.849
1244	22.867	27.821
1245	22.762	27.826
1246	22.683	27.868
1247	22.657	27.95
1248	22.625	27.945
1249	22.593	27.903
1250	22.623	27.914
1251	22.655	27.865
1252	22.69	27.815
1253	22.764	27.769
1254	22.867	27.718
1255	22.996	27.688
1256	23.16	27.677
1257	23.374	27.713
1258	23.59	27.691
1259	23.836	27.658
1260	24.082	27.607
1261	24.367	27.546
1262	24.701	27.579
1263	25.037	27.514
1264	25.402	27.489
1265	25.774	27.422
1266	26.191	27.398
1267	26.634	27.416
1268	27.106	27.377
1269	27.596	27.414
1270	28.09	27.375
1271	28.6	27.334
1272	29.101	27.264
1273	29.628	27.223
1274	30.209	27.263
1275	30.722	27.182
1276	31.271	27.196
1277	31.81	27.195
1278	32.371	27.222
1279	32.902	27.223
1280	33.429	27.252
1281	33.945	27.264
1282	34.422	27.254
1283	34.879	27.25
1284	35.353	27.319
1285	35.774	27.309
1286	36.164	27.306
1287	36.53	27.304
1288	36.863	27.317
1289	37.185	27.33
1290	37.449	27.352
1291	37.641	27.325
1292	37.822	27.297
1293	37.981	27.331
1294	38.077	27.28
1295	38.144	27.287
1296	38.179	27.321
1297	38.176	27.332
1298	38.199	27.414
1299	38.071	27.376
1300	37.984	27.409
1301	37.862	27.424
1302	37.72	27.438
1303	37.525	27.436
1304	37.306	27.467
1305	37.054	27.475
1306	36.735	27.467
1307	36.439	27.451
1308	36.118	27.459
1309	35.771	27.48
1310	35.413	27.547
1311	35.02	27.572
1312	34.563	27.518
1313	34.148	27.572
1314	33.679	27.571
1315	33.23	27.572
1316	32.795	27.632
1317	32.32	27.652
1318	31.823	27.648
1319	31.369	27.737
1320	30.9	27.789
1321	30.418	27.785
1322	29.939	27.785
1323	29.441	27.765
1324	28.992	27.786
1325	28.528	27.779
1326	28.06	27.761
1327	27.628	27.788
1328	27.211	27.805
1329	26.806	27.811
1330	26.41	27.796
1331	26.056	27.826
1332	25.691	27.858
1333	25.347	27.861
1334	25.001	27.794
1335	24.69	27.741
1336	24.396	27.716
1337	24.143	27.736
1338	23.892	27.705
1339	23.665	27.708
1340	23.447	27.68
1341	23.263	27.671
1342	23.12	27.723
1343	22.976	27.715
1344	22.853	27.699
1345	22.75	27.66
1346	22.669	27.672
1347	22.596	27.624
1348	22.569	27.61
1349	22.568	27.621
1350	22.586	27.608
1351	22.627	27.582
1352	22.689	27.557
1353	22.779	27.52
1354	22.896	27.501
1355	23.043	27.516
1356	23.22	27.51
1357	23.418	27.481
1358	23.635	27.474
1359	23.877	27.455
1360	24.144	27.446
1361	24.445	27.439
1362	24.76	27.421
1363	25.104	27.402
1364	25.485	27.394
1365	25.927	27.504
1366	26.321	27.448
1367	26.74	27.366
1368	27.216	27.381
1369	27.676	27.3
1370	28.18	27.31
1371	28.708	27.281
1372	29.258	27.304
1373	29.767	27.236
1374	30.309	27.242
1375	30.836	27.214
1376	31.399	27.234
1377	31.939	27.254
1378	32.461	27.238
1379	32.97	27.226
1380	33.482	27.22
1381	33.966	27.196
1382	34.431	27.183
1383	34.888	27.189
1384	35.312	27.161
1385	35.727	27.185
1386	36.115	27.2
1387	36.486	27.208
1388	36.79	27.193
1389	37.109	27.251
1390	37.356	27.199
1391	37.614	27.235
1392	37.772	27.213
1393	37.919	27.198
1394	38.021	27.232
1395	38.083	27.207
1396	38.162	27.268
1397	38.171	27.298
1398	38.171	27.349
1399	38.101	27.346
1400	37.997	27.343
1401	37.88	27.366
1402	37.765	27.402
1403	37.599	27.445
1404	37.386	27.444
1405	37.119	27.432
1406	36.847	27.452
1407	36.568	27.463
1408	36.219	27.461
1409	35.871	27.485
1410	35.483	27.442
1411	35.083	27.447
1412	34.653	27.442
1413	34.25	27.501
1414	33.794	27.478
1415	33.322	27.479
1416	32.842	27.48
1417	32.421	27.587
1418	31.926	27.588
1419	31.45	27.604
1420	30.969	27.64
1421	30.456	27.615
1422	29.952	27.596
1423	29.478	27.612
1424	29.001	27.579
1425	28.559	27.643
1426	28.109	27.648
1427	27.645	27.606
1428	27.206	27.586
1429	26.807	27.619
1430	26.423	27.635
1431	26.041	27.637
1432	25.683	27.67
1433	25.356	27.677
1434	25.029	27.69
1435	24.732	27.726
1436	24.447	27.723
1437	24.206	27.794
1438	23.946	27.761
1439	23.696	27.732
1440	23.476	27.711
1441	23.297	27.74
1442	23.116	27.706
1443	22.972	27.701
1444	22.846	27.684
1445	22.739	27.654
1446	22.659	27.644
1447	22.598	27.621
1448	22.566	27.611
1449	22.562	27.633
1450	22.575	27.634
1451	22.617	27.647
1452	22.679	27.628
1453	22.767	27.611
1454	22.887	27.605
1455	23.055	27.669
1456	23.246	27.715
1457	23.416	27.671
1458	23.618	27.622
1459	23.875	27.628
1460	24.147	27.6
1461	24.428	27.547
1462	24.746	27.544
1463	25.089	27.511
1464	25.472	27.499
1465	25.875	27.486
1466	26.297	27.472
1467	26.73	27.408
1468	27.198	27.404
1469	27.679	27.38
1470	28.188	27.401
1471	28.699	27.398
1472	29.247	27.415
1473	29.771	27.409
1474	30.306	27.398
1475	30.856	27.364
1476	31.36	27.302
1477	31.889	27.279
1478	32.432	27.292
1479	32.936	27.281
1480	33.387	27.183
1481	33.819	27.076
1482	34.309	27.081
1483	34.791	27.136
1484	35.195	27.118
1485	35.594	27.123
1486	35.998	27.155
1487	36.298	27.082
1488	36.643	27.116
1489	36.907	27.099
1490	37.183	27.136
1491	37.396	27.141
1492	37.584	27.17
1493	37.728	27.169
1494	37.868	27.204
1495	37.935	27.2
1496	37.95	27.148
1497	37.944	27.123
1498	37.94	27.149
1499	37.885	27.137
1500	37.795	27.141
1501	37.727	27.208
1502	37.62	27.275
1503	37.458	27.306
1504	37.257	27.316
1505	37.054	27.358
1506	36.802	27.416
1507	36.531	27.457
1508	36.225	27.455
1509	35.909	27.489
1510	35.587	27.567
1511	35.192	27.58
1512	34.808	27.626
1513	34.385	27.65
1514	33.972	27.721
1515	33.503	27.712
1516	33.028	27.694
1517	32.58	27.783
1518	32.077	27.796
1519	31.57	27.809
1520	31.081	27.838
1521	30.613	27.89
1522	30.143	27.954
1523	29.654	27.959
1524	29.184	28
1525	28.703	27.982
1526	28.233	27.97
1527	27.801	28.002
1528	27.368	28.019
1529	26.948	28.019
1530	26.554	28.048
1531	26.158	28.039
1532	25.779	28.035
1533	25.425	28.071
1534	25.089	28.072
1535	24.755	28.041
1536	24.466	28.065
1537	24.181	28.034
1538	23.911	28.025
1539	23.674	28.001
1540	23.463	28.029
1541	23.275	28.025
1542	23.079	27.935
1543	22.947	27.952
1544	22.812	27.914
1545	22.708	27.877
1546	22.631	27.867
1547	22.57	27.84
1548	22.535	27.81
1549	22.53	27.798
1550	22.538	27.787
1551	22.588	27.812
1552	22.635	27.72
1553	22.72	27.669
1554	22.832	27.629
1555	22.96	27.577
1556	23.145	27.568
1557	23.343	27.542
1558	23.542	27.448
1559	23.774	27.377
1560	24.066	27.387
1561	24.365	27.351
1562	24.719	27.398
1563	25.072	27.359
1564	25.448	27.343
1565	25.836	27.279
1566	26.249	27.237
1567	26.684	27.208
1568	27.13	27.159
1569	27.629	27.179
1570	28.133	27.168
1571	28.639	27.16
1572	29.172	27.18
1573	29.72	27.225
1574	30.247	27.198
1575	30.813	27.242
1576	31.322	27.185
1577	31.844	27.193
1578	32.348	27.167
1579	32.865	27.18
1580	33.373	27.196
1581	33.837	27.172
1582	34.301	27.183
1583	34.769	27.22
1584	35.209	27.249
1585	35.567	27.182
1586	35.947	27.184
1587	36.255	27.112
1588	36.584	27.131
1589	36.869	27.123
1590	37.121	27.124
1591	37.392	27.228
1592	37.612	27.247
1593	37.792	27.294
1594	37.915	27.284
1595	38.003	27.32
1596	38.092	27.403
1597	38.095	27.373
1598	38.06	27.315
1599	38.022	27.341
1600	37.934	27.312
1601	37.855	27.338
1602	37.719	27.36
1603	37.575	27.432
1604	37.369	27.43
1605	37.125	27.422
1606	36.89	27.485
1607	36.61	27.492
1608	36.3	27.483
1609	35.966	27.497
1610	35.609	27.526
1611	35.232	27.56
1612	34.827	27.585
1613	34.387	27.59
1614	33.942	27.614
1615	33.499	27.652
1616	33.007	27.62
1617	32.543	27.692
1618	32.062	27.721
1619	31.553	27.713
1620	31.065	27.717
1621	30.544	27.641
1622	30.055	27.663
1623	29.545	27.652
1624	29.07	27.675
1625	28.609	27.71
1626	28.16	27.73
1627	27.723	27.711
1628	27.296	27.704
1629	26.891	27.759
1630	26.52	27.832
1631	26.142	27.826
1632	25.757	27.783
1633	25.428	27.833
1634	25.101	27.862
1635	24.784	27.87
1636	24.486	27.862
1637	24.213	27.868
1638	23.97	27.877
1639	23.743	27.91
1640	23.53	27.907
1641	23.335	27.882
1642	23.153	27.852
1643	23.005	27.825
1644	22.88	27.795
1645	22.769	27.788
1646	22.693	27.811
1647	22.634	27.767
1648	22.621	27.788
1649	22.631	27.806
1650	22.647	27.784
1651	22.674	27.742
1652	22.736	27.743
1653	22.832	27.762
1654	22.948	27.736
1655	23.072	27.667
1656	23.256	27.715
1657	23.456	27.719
1658	23.658	27.686
1659	23.905	27.658
1660	24.174	27.633
1661	24.467	27.614
1662	24.788	27.591
1663	25.131	27.596
1664	25.502	27.546
1665	25.898	27.539
1666	26.324	27.531
1667	26.764	27.485
1668	27.222	27.482
1669	27.714	27.509
1670	28.2	27.467
1671	28.711	27.425
1672	29.238	27.452
1673	29.785	27.469
1674	30.315	27.438
1675	30.854	27.437
1676	31.428	27.525
1677	31.969	27.525
1678	32.478	27.474
1679	32.982	27.469
1680	33.483	27.455
1681	33.938	27.386
1682	34.452	27.438
1683	34.944	27.502
1684	35.341	27.476
1685	35.747	27.486
1686	36.108	27.468
1687	36.428	27.453
1688	36.732	27.39
1689	37.01	27.403
1690	37.26	27.4
1691	37.458	27.376
1692	37.645	27.424
1693	37.808	27.459
1694	37.922	27.467
1695	38.006	27.469
1696	38.087	27.548
1697	38.091	27.54
1698	38.043	27.518
1699	37.959	27.499
1700	37.872	27.522
1701	37.7	27.432
1702	37.557	27.492
1703	37.388	27.52
1704	37.231	27.563
1705	37.008	27.601
1706	36.748	27.61
1707	36.434	27.619
1708	36.071	27.593
1709	35.778	27.672
1710	35.423	27.689
1711	35.052	27.689
1712	34.676	27.722
1713	34.272	27.768
1714	33.835	27.769
1715	33.382	27.784
1716	32.931	27.846
1717	32.455	27.832
1718	31.972	27.832
1719	31.52	27.905
1720	31.034	27.966
1721	30.53	27.922
1722	30.059	27.958
1723	29.602	28.03
1724	29.128	28.045
1725	28.662	28.035
1726	28.232	28.075
1727	27.772	27.988
1728	27.35	27.998
1729	26.913	27.973
1730	26.531	28.011
1731	26.15	28.011
1732	25.776	28.002
1733	25.432	27.953
1734	25.08	27.897
1735	24.762	27.871
1736	24.471	27.878
1737	24.199	27.883
1738	23.94	27.911
1739	23.71	27.921
1740	23.492	27.883
1741	23.306	27.889
1742	23.138	27.903
1743	22.993	27.889
1744	22.841	27.8
1745	22.737	27.756
1746	22.654	27.747
1747	22.595	27.717
1748	22.541	27.619
1749	22.523	27.575
1750	22.535	27.562
1751	22.561	27.516
1752	22.624	27.534
1753	22.722	27.509
1754	22.825	27.474
1755	22.963	27.428
1756	23.126	27.416
1757	23.323	27.397
1758	23.547	27.409
1759	23.81	27.401
1760	24.088	27.389
1761	24.384	27.369
1762	24.71	27.371
1763	25.047	27.325
1764	25.426	27.293
1765	25.846	27.277
1766	26.267	27.243
1767	26.715	27.205
1768	27.198	27.219
1769	27.675	27.185
1770	28.197	27.22
1771	28.708	27.229
1772	29.233	27.224
1773	29.776	27.244
1774	30.326	27.267
1775	30.871	27.258
1776	31.404	27.26
1777	31.959	27.272
1778	32.472	27.279
1779	33.011	27.28
1780	33.507	27.275
1781	34	27.245
1782	34.455	27.241
1783	34.934	27.304
1784	35.37	27.311
1785	35.779	27.317
1786	36.173	27.365
1787	36.562	27.409
1788	36.92	27.43
1789	37.207	27.472
1790	37.445	27.526
1791	37.64	27.486
1792	37.815	27.494
1793	37.92	27.472
1794	38.045	27.534
1795	38.085	27.492
1796	38.122	27.482
1797	38.164	27.533
1798	38.124	27.529
1799	38.035	27.525
1800	37.947	27.558
1801	37.861	27.608
1802	37.717	27.628
1803	37.533	27.615
1804	37.333	27.657
1805	37.116	27.72
1806	36.872	27.801
1807	36.586	27.8
1808	36.235	27.752
1809	35.875	27.751
1810	35.499	27.786
1811	35.104	27.798
1812	34.652	27.737
1813	34.208	27.75
1814	33.75	27.71
1815	33.28	27.719
1816	32.824	27.779
1817	32.329	27.753
1818	31.847	27.741
1819	31.349	27.704
1820	30.872	27.737
1821	30.398	27.749
1822	29.915	27.778
1823	29.449	27.802
1824	29.012	27.874
1825	28.56	27.881
1826	28.12	27.895
1827	27.675	27.87
1828	27.249	27.883
1829	26.818	27.831
1830	26.401	27.778
1831	26.034	27.822
1832	25.703	27.904
1833	25.353	27.879
1834	25.053	27.97
1835	24.768	28.043
1836	24.486	28.035
1837	24.2	28.013
1838	23.959	28.024
1839	23.741	28.036
1840	23.558	28.093
1841	23.365	28.059
1842	23.202	28.049
1843	23.058	28.049
1844	22.942	28.076
1845	22.847	28.076
1846	22.778	28.087
1847	22.697	27.994
1848	22.644	27.946
1849	22.624	27.871
1850	22.622	27.805
1851	22.649	27.772
1852	22.708	27.744
1853	22.8	27.769
1854	22.92	27.764
1855	23.07	27.801
1856	23.201	27.669
1857	23.371	27.576
1858	23.615	27.639
1859	23.827	27.498
1860	24.086	27.413
1861	24.38	27.385
1862	24.71	27.378
1863	25.076	27.412
1864	25.446	27.42
1865	25.806	27.327
1866	26.239	27.358
1867	26.688	27.377
1868	27.157	27.376
1869	27.64	27.346
1870	28.14	27.335
1871	28.626	27.289
1872	29.164	27.338
1873	29.716	27.328
1874	30.268	27.32
1875	30.805	27.294
1876	31.345	27.264
1877	31.89	27.267
1878	32.426	27.233
1879	32.949	27.232
1880	33.446	27.183
1881	33.966	27.218
1882	34.442	27.218
1883	34.856	27.148
1884	35.334	27.215
1885	35.729	27.191
1886	36.112	27.205
1887	36.483	27.223
1888	36.804	27.216
1889	37.085	27.184
1890	37.367	27.194
1891	37.551	27.142
1892	37.747	27.16
1893	37.933	27.213
1894	38.085	27.265
1895	38.136	27.241
1896	38.187	27.262
1897	38.188	27.248
1898	38.204	27.327
1899	38.146	27.334
1900	38.087	27.419
1901	37.974	27.455
1902	37.827	27.474
1903	37.6	27.434
1904	37.4	27.483
1905	37.138	27.46
1906	36.863	27.459
1907	36.562	27.454
1908	36.26	27.49
1909	35.882	27.487
1910	35.49	27.506
1911	35.097	27.531
1912	34.684	27.543
1913	34.249	27.58
1914	33.81	27.624
1915	33.318	27.606
1916	32.857	27.672
1917	32.386	27.697
1918	31.902	27.723
1919	31.397	27.751
1920	30.894	27.755
1921	30.413	27.758
1922	29.924	27.751
1923	29.422	27.735
1924	28.937	27.73
1925	28.465	27.709
1926	28.001	27.701
1927	27.571	27.747
1928	27.173	27.819
1929	26.784	27.878
1930	26.41	27.916
1931	26.057	27.994
1932	25.696	28.003
1933	25.347	27.997
1934	25.021	28.029
1935	24.726	28.055
1936	24.427	28.005
1937	24.181	28.097
1938	23.91	28
1939	23.685	27.98
1940	23.498	27.998
1941	23.323	27.967
1942	23.148	27.925
1943	22.985	27.869
1944	22.85	27.811
1945	22.771	27.83
1946	22.696	27.846
1947	22.646	27.852
1948	22.622	27.857
1949	22.615	27.924
1950	22.621	27.879
1951	22.665	27.884
1952	22.718	27.835
1953	22.805	27.804
1954	22.907	27.742
1955	23.061	27.798
1956	23.21	27.718
1957	23.403	27.701
1958	23.637	27.721
1959	23.876	27.658
1960	24.125	27.595
1961	24.431	27.622
1962	24.729	27.538
1963	25.081	27.545
1964	25.448	27.532
1965	25.829	27.504
1966	26.245	27.497
1967	26.687	27.509
1968	27.151	27.482
1969	27.627	27.461
1970	28.15	27.485
1971	28.642	27.422
1972	29.176	27.423
1973	29.702	27.385
1974	30.25	27.329
1975	30.822	27.384
1976	31.377	27.384
1977	31.925	27.409
1978	32.438	27.408
1979	32.93	27.352
1980	33.402	27.25
1981	33.885	27.244
1982	34.363	27.255
1983	34.8	27.228
1984	35.24	27.264
1985	35.661	27.295
1986	36.044	27.292
1987	36.407	27.294
1988	36.726	27.288
1989	37.006	27.26
1990	37.259	27.244
1991	37.455	27.21
1992	37.647	27.198
1993	37.786	27.175
1994	37.937	27.236
1995	37.955	27.195
1996	38.009	27.213
1997	38.01	27.208
1998	37.979	27.207
1999	37.922	27.206
2000	37.831	27.201
2001	37.709	27.186
2002	37.573	27.198
2003	37.425	27.223
2004	37.247	27.255
2005	37.029	27.306
2006	36.744	27.305
2007	36.446	27.297
2008	36.143	27.365
2009	35.817	27.375
2010	35.482	27.409
2011	35.097	27.429
2012	34.68	27.442
2013	34.262	27.44
2014	33.834	27.495
2015	33.411	27.579
2016	32.974	27.643
2017	32.495	27.658
2018	32.024	27.706
2019	31.51	27.651
2020	31.043	27.702
2021	30.566	27.737
2022	30.1	27.812
2023	29.629	27.842
2024	29.187	27.924
2025	28.722	27.934
2026	28.274	27.948
2027	27.848	28.005
2028	27.438	28.024
2029	26.998	28.008
2030	26.59	27.98
2031	26.246	28.088
2032	25.882	28.089
2033	25.51	28.041
2034	25.174	28.028
2035	24.856	28.043
2036	24.559	28.021
2037	24.267	27.986
2038	24.017	28.042
2039	23.774	28.05
2040	23.557	28.049
2041	23.363	28.055
2042	23.184	28.049
2043	23.029	28.039
2044	22.909	28.064
2045	22.82	28.097
2046	22.732	28.043
2047	22.639	27.942
2048	22.603	27.937
2049	22.574	27.944
2050	22.578	27.917
2051	22.632	27.968
2052	22.692	27.946
2053	22.749	27.901
2054	22.886	27.952
2055	23.028	27.968
2056	23.155	27.838
2057	23.354	27.861
2058	23.57	27.813
2059	23.794	27.771
2060	24.063	27.735
2061	24.361	27.731
2062	24.705	27.756
2063	25.051	27.716
2064	25.429	27.687
2065	25.811	27.631
2066	26.226	27.584
2067	26.696	27.62
2068	27.166	27.622
2069	27.63	27.566
2070	28.108	27.5
2071	28.625	27.558
2072	29.169	27.571
2073	29.693	27.538
2074	30.227	27.457
2075	30.779	27.48
2076	31.288	27.437
2077	31.799	27.365
2078	32.352	27.414
2079	32.895	27.431
2080	33.377	27.386
2081	33.888	27.411
2082	34.356	27.429
2083	34.817	27.461
2084	35.28	27.499
2085	35.681	27.468
2086	36.053	27.448
2087	36.4	27.438
2088	36.721	27.481
2089	37.043	27.48
2090	37.288	27.462
2091	37.528	27.488
2092	37.686	27.452
2093	37.829	27.434
2094	37.984	27.487
2095	38.056	27.459
2096	38.136	27.477
2097	38.152	27.478
2098	38.147	27.51
2099	38.093	27.512
2100	38.001	27.493
2101	37.866	27.445
2102	37.706	27.467
2103	37.518	27.43
2104	37.268	27.382
2105	37.061	27.42
2106	36.784	27.404
2107	36.522	27.414
2108	36.196	27.388
2109	35.869	27.473
2110	35.527	27.536
2111	35.169	27.64
2112	34.76	27.675
2113	34.304	27.626
2114	33.832	27.638
2115	33.402	27.708
2116	32.915	27.733
2117	32.433	27.755
2118	31.921	27.74
2119	31.426	27.732
2120	30.944	27.791
2121	30.442	27.766
2122	29.952	27.763
2123	29.472	27.75
2124	29.014	27.78
2125	28.559	27.801
2126	28.106	27.813
2127	27.675	27.844
2128	27.257	27.874
2129	26.875	27.946
2130	26.477	27.976
2131	26.116	28.032
2132	25.715	27.975
2133	25.376	28.018
2134	25.04	27.947
2135	24.722	27.91
2136	24.407	27.804
2137	24.128	27.754
2138	23.877	27.744
2139	23.649	27.727
2140	23.435	27.69
2141	23.257	27.671
2142	23.096	27.653
2143	22.95	27.634
2144	22.833	27.636
2145	22.734	27.616
2146	22.647	27.603
2147	22.596	27.617
2148	22.562	27.627
2149	22.543	27.58
2150	22.558	27.566
2151	22.615	27.608
2152	22.679	27.555
2153	22.758	27.489
2154	22.845	27.382
2155	22.99	27.374
2156	23.179	27.423
2157	23.393	27.476
2158	23.599	27.393
2159	23.844	27.394
2160	24.108	27.37
2161	24.416	27.398
2162	24.748	27.424
2163	25.098	27.392
2164	25.465	27.367
2165	25.849	27.349
2166	26.242	27.291
2167	26.671	27.24
2168	27.148	27.241
2169	27.632	27.221
2170	28.14	27.221
2171	28.653	27.189
2172	29.199	27.204
2173	29.729	27.189
2174	30.27	27.223
2175	30.838	27.273
2176	31.375	27.239
2177	31.911	27.267
2178	32.451	27.281
2179	32.963	27.28
2180	33.472	27.26
2181	33.94	27.224
2182	34.398	27.214
2183	34.875	27.283
2184	35.303	27.273
2185	35.734	27.285
2186	36.117	27.277
2187	36.471	27.261
2188	36.826	27.317
2189	37.147	27.373
2190	37.467	27.432
2191	37.73	27.469
2192	37.94	27.529
2193	38.072	27.512
2194	38.175	27.518
2195	38.225	27.5
2196	38.265	27.532
2197	38.276	27.554
2198	38.217	27.536
2199	38.147	27.524
2200	38.009	27.49
2201	37.874	27.517
2202	37.713	27.511
2203	37.567	27.574
2204	37.365	27.603
2205	37.109	27.598
2206	36.819	27.567
2207	36.517	27.556
2208	36.186	27.545
2209	35.807	27.522
2210	35.426	27.544
2211	35.027	27.547
2212	34.609	27.574
2213	34.173	27.602
2214	33.725	27.634
2215	33.24	27.612
2216	32.748	27.606
2217	32.25	27.615
2218	31.776	27.673
2219	31.292	27.714
2220	30.829	27.796
2221	30.35	27.832
2222	29.85	27.822
2223	29.429	27.929
2224	28.983	27.995
2225	28.523	28.005
2226	28.076	28.003
2227	27.632	27.987
2228	27.186	27.919
2229	26.769	27.924
2230	26.375	27.921
2231	26.008	27.945
2232	25.645	27.939
2233	25.307	27.938
2234	25.003	27.972
2235	24.687	27.943
2236	24.395	27.948
2237	24.117	27.896
2238	23.857	27.844
2239	23.63	27.809
2240	23.439	27.865
2241	23.281	27.908
2242	23.131	27.905
2243	22.991	27.879
2244	22.871	27.862
2245	22.764	27.809
2246	22.684	27.78
2247	22.627	27.761
2248	22.574	27.677
2249	22.556	27.621
2250	22.575	27.588
2251	22.61	27.55
2252	22.683	27.522
2253	22.774	27.531
2254	22.908	27.555
2255	23.052	27.556
2256	23.195	27.487
2257	23.4	27.488
2258	23.608	27.461
2259	23.852	27.447
2260	24.112	27.423
2261	24.415	27.412
2262	24.744	27.413
2263	25.091	27.389
2264	25.449	27.385
2265	25.827	27.298
2266	26.225	27.231
2267	26.657	27.195
2268	27.31	27.238
2269	27.795	27.222
2270	28.274	27.144
2271	28.804	27.138
2272	29.33	27.113
2273	29.871	27.108
2274	30.414	27.097
2275	30.959	27.091
2276	31.503	27.11
2277	32.047	27.149
2278	32.582	27.141
2279	33.128	27.15
2280	33.64	27.132
2281	34.156	27.138
2282	34.624	27.127
2283	35.074	27.091
2284	35.519	27.077
2285	35.964	27.091
2286	36.354	27.093
2287	36.706	27.067
2288	37.097	27.17
2289	37.405	27.163
2290	37.675	27.166
2291	37.907	27.197
2292	38.065	27.168
2293	37.914	27.155
2294	38.025	27.16
2295	38.111	27.188
2296	38.123	27.173
2297	38.116	27.179
2298	38.088	27.193
2299	38.004	27.18
2300	37.907	27.215
2301	37.801	27.251
2302	37.638	27.276
2303	37.415	27.285
2304	37.178	27.319
2305	36.926	27.331
2306	36.646	27.365
2307	36.348	27.372
2308	36.056	27.44
2309	35.698	27.462
2310	35.289	27.45
2311	34.868	27.423
2312	34.508	27.555
2313	34.048	27.509
2314	33.591	27.499
2315	33.125	27.513
2316	32.652	27.506
2317	32.217	27.609
2318	31.735	27.601
2319	31.246	27.593
2320	30.792	27.664
2321	30.321	27.685
2322	29.849	27.681
2323	29.378	27.692
2324	28.911	27.686
2325	28.458	27.693
2326	28.014	27.68
2327	27.605	27.734
2328	27.211	27.738
2329	26.796	27.685
2330	26.411	27.72
2331	26.049	27.755
2332	25.695	27.762
2333	25.342	27.739
2334	25.029	27.763
2335	24.748	27.806
2336	24.502	27.902
2337	24.208	27.809
2338	23.977	27.846
2339	23.767	27.905
2340	23.553	27.884
2341	23.373	27.893
2342	23.192	27.808
2343	23.071	27.856
2344	22.948	27.867
2345	22.829	27.822
2346	22.746	27.812
2347	22.69	27.853
2348	22.644	27.817
2349	22.642	27.847
2350	22.659	27.827
2351	22.702	27.818
2352	22.745	27.733
2353	22.824	27.712
2354	22.936	27.692
2355	23.063	27.631
2356	23.234	27.67
2357	23.428	27.678
2358	23.632	27.649
2359	23.854	27.574
2360	24.121	27.545
2361	24.38	27.443
2362	24.703	27.437
2363	25.012	27.335
2364	25.346	27.247
2365	25.77	27.332
2366	26.194	27.342
2367	26.639	27.33
2368	27.056	27.237
2369	27.518	27.197
2370	28.013	27.177
2371	28.532	27.175
2372	29.084	27.177
2373	29.63	27.189
2374	30.171	27.161
2375	30.678	27.113
2376	31.209	27.09
2377	31.747	27.077
2378	32.291	27.126
2379	32.814	27.111
2380	33.315	27.097
2381	33.77	26.975
2382	34.215	26.918
2383	34.703	26.957
2384	35.162	26.997
2385	35.554	26.976
2386	35.97	27.014
2387	36.332	27.016
2388	36.69	27.06
2389	37.026	27.094
2390	37.261	27.047
2391	37.456	27.011
2392	37.658	27.072
2393	37.849	27.104
2394	38	27.144
2395	38.097	27.168
2396	38.128	27.136
2397	38.102	27.108
2398	38.061	27.118
2399	38.011	27.128
2400	37.963	27.175
2401	37.846	27.207
2402	37.686	27.206
2403	37.481	27.156
2404	37.316	27.253
2405	37.119	27.319
2406	36.887	27.366
2407	36.637	27.447
2408	36.313	27.439
2409	35.947	27.426
2410	35.597	27.488
2411	35.2	27.513
2412	34.78	27.547
2413	34.374	27.626
2414	33.926	27.624
2415	33.488	27.689
2416	33.014	27.715
2417	32.525	27.693
2418	32.032	27.729
2419	31.527	27.708
2420	31.027	27.735
2421	30.529	27.794
2422	30.033	27.802
2423	29.563	27.836
2424	29.077	27.841
2425	28.596	27.814
2426	28.131	27.822
2427	27.696	27.839
2428	27.271	27.902
2429	26.812	27.813
2430	26.399	27.781
2431	26.012	27.806
2432	25.64	27.772
2433	25.294	27.785
2434	24.977	27.827
2435	24.667	27.817
2436	24.36	27.775
2437	24.091	27.749
2438	23.814	27.665
2439	23.588	27.677
2440	23.37	27.626
2441	23.194	27.636
2442	23.035	27.661
2443	22.887	27.629
2444	22.77	27.617
2445	22.693	27.666
2446	22.648	27.71
2447	22.597	27.694
2448	22.561	27.642
2449	22.563	27.663
2450	22.588	27.668
2451	22.63	27.621
2452	22.701	27.629
2453	22.801	27.592
2454	22.935	27.595
2455	23.107	27.654
2456	23.286	27.666
2457	23.463	27.606
2458	23.671	27.551
2459	23.917	27.523
2460	24.194	27.508
2461	24.506	27.514
2462	24.824	27.482
2463	25.19	27.518
2464	25.562	27.499
2465	25.954	27.467
2466	26.359	27.422
2467	26.797	27.401
2468	27.264	27.418
2469	27.777	27.491
2470	28.237	27.373
2471	28.729	27.341
2472	29.229	27.284
2473	29.76	27.276
2474	30.285	27.225
2475	30.855	27.296
2476	31.402	27.292
2477	31.931	27.277
2478	32.453	27.273
2479	32.971	27.295
2480	33.446	27.262
2481	33.916	27.206
2482	34.421	27.269
2483	34.89	27.288
2484	35.302	27.252
2485	35.688	27.227
2486	36.05	27.214
2487	36.416	27.256
2488	36.735	27.232
2489	37.011	27.226
2490	37.285	27.238
2491	37.576	27.34
2492	37.765	27.348
2493	37.933	27.349
2494	38.015	27.327
2495	38.106	27.345
2496	38.142	27.335
2497	38.178	27.389
2498	38.168	27.42
2499	38.125	27.478
2500	38.022	27.473
2501	37.906	27.515
2502	37.763	27.538
2503	37.586	27.558
2504	37.37	27.558
2505	37.118	27.523
2506	36.852	27.544
2507	36.55	27.524
2508	36.24	27.577
2509	35.947	27.686
2510	35.587	27.719
2511	35.207	27.771
2512	34.775	27.749
2513	34.315	27.755
2514	33.906	27.831
2515	33.428	27.895
2516	32.915	27.866
2517	32.436	27.862
2518	31.938	27.855
2519	31.468	27.905
2520	30.985	27.96
2521	30.486	27.946
2522	30.004	27.966
2523	29.517	27.968
2524	29.038	27.953
2525	28.559	27.922
2526	28.084	27.884
2527	27.655	27.921
2528	27.237	27.965
2529	26.809	27.965
2530	26.418	28.012
2531	26.062	28.087
2532	25.694	28.08
2533	25.333	28.028
2534	24.986	27.993
2535	24.66	27.96
2536	24.362	27.911
2537	24.108	27.968
2538	23.861	27.972
2539	23.602	27.878
2540	23.39	27.8
2541	23.202	27.758
2542	23.037	27.777
2543	22.9	27.769
2544	22.758	27.673
2545	22.663	27.668
2546	22.59	27.663
2547	22.541	27.639
2548	22.512	27.629
2549	22.51	27.601
2550	22.525	27.591
2551	22.565	27.576
2552	22.613	27.494
2553	22.697	27.431
2554	22.846	27.478
2555	22.98	27.424
2556	23.138	27.359
2557	23.334	27.35
2558	23.577	27.393
2559	23.81	27.343
2560	24.096	27.34
2561	24.409	27.368
2562	24.716	27.283
2563	25.063	27.217
2564	25.454	27.228
2565	25.851	27.177
2566	26.296	27.22
2567	26.743	27.19
2568	27.235	27.266
2569	27.73	27.282
2570	28.218	27.276
2571	28.707	27.227
2572	29.225	27.219
2573	29.763	27.186
2574	30.274	27.16
2575	30.832	27.164
2576	31.373	27.172
2577	31.886	27.131
2578	32.406	27.146
2579	32.894	27.1
2580	33.454	27.196
2581	33.938	27.227
2582	34.396	27.184
2583	34.808	27.147
2584	35.236	27.165
2585	35.616	27.195
2586	35.955	27.16
2587	36.306	27.223
2588	36.633	27.262
2589	36.887	27.276
2590	37.149	27.305
2591	37.33	27.297
2592	37.494	27.269
2593	37.565	27.146
2594	37.655	27.147
2595	37.73	27.114
2596	37.865	27.226
2597	37.883	27.227
2598	37.88	27.251
2599	37.877	27.307
2600	37.747	27.231
2601	37.691	27.278
2602	37.578	27.346
2603	37.432	27.361
2604	37.227	27.38
2605	36.948	27.306
2606	36.682	27.263
2607	36.432	27.372
2608	36.175	27.442
2609	35.846	27.415
2610	35.545	27.474
2611	35.193	27.512
2612	34.844	27.589
2613	34.455	27.609
2614	34.038	27.631
2615	33.629	27.739
2616	33.194	27.769
2617	32.713	27.798
2618	32.256	27.87
2619	31.739	27.869
2620	31.238	27.871
2621	30.707	27.775
2622	30.217	27.78
2623	29.705	27.819
2624	29.228	27.839
2625	28.773	27.898
2626	28.308	27.897
2627	27.871	27.923
2628	27.426	27.932
2629	26.995	27.925
2630	26.614	28.03
2631	26.235	28.065
2632	25.846	28.01
2633	25.473	27.964
2634	25.158	28.035
2635	24.844	28.055
2636	24.54	28.051
2637	24.234	27.962
2638	23.954	27.974
2639	23.698	27.919
2640	23.45	27.826
2641	23.223	27.749
2642	23.046	27.731
2643	22.864	27.692
2644	22.761	27.683
2645	22.673	27.663
2646	22.58	27.666
2647	22.524	27.684
2648	22.491	27.641
2649	22.481	27.629
2650	22.5	27.603
2651	22.545	27.591
2652	22.614	27.579
2653	22.71	27.509
2654	22.833	27.454
2655	22.951	27.332
2656	23.116	27.31
2657	23.353	27.37
2658	23.592	27.37
2659	23.82	27.274
2660	24.071	27.168
2661	24.377	27.185
2662	24.719	27.201
2663	25.104	27.194
2664	25.508	27.239
2665	25.935	27.339
2666	26.392	27.391
2667	26.839	27.353
2668	27.345	27.39
2669	27.856	27.433
2670	28.37	27.479
2671	28.903	27.534
2672	29.43	27.493
2673	29.974	27.517
2674	30.495	27.476
2675	31.038	27.508
2676	31.549	27.505
2677	32.085	27.57
2678	32.569	27.62
2679	33.09	27.645
2680	33.58	27.655
2681	34.026	27.604
2682	34.432	27.594
2683	34.841	27.596
2684	35.292	27.635
2685	35.702	27.659
2686	36.059	27.611
2687	36.426	27.635
2688	36.71	27.614
2689	36.97	27.58
2690	37.183	27.457
2691	37.387	27.443
2692	37.609	27.512
2693	37.76	27.496
2694	37.829	27.406
2695	37.875	27.388
2696	37.975	27.437
2697	37.976	27.482
2698	37.961	27.478
2699	37.939	27.558
2700	37.844	27.544
2701	37.781	27.518
2702	37.606	27.435
2703	37.514	27.44
2704	37.331	27.46
2705	37.143	27.515
2706	36.916	27.568
2707	36.628	27.505
2708	36.318	27.462
2709	35.947	27.443
2710	35.571	27.455
2711	35.211	27.546
2712	34.759	27.537
2713	34.311	27.471
2714	33.907	27.567
2715	33.418	27.576
2716	32.944	27.575
2717	32.439	27.548
2718	31.941	27.556
2719	31.457	27.622
2720	30.97	27.667
2721	30.451	27.64
2722	30.004	27.72
2723	29.517	27.75
2724	29.048	27.73
2725	28.588	27.72
2726	28.126	27.74
2727	27.686	27.71
2728	27.244	27.738
2729	26.822	27.713
2730	26.401	27.628
2731	26.025	27.604
2732	25.679	27.601
2733	25.344	27.606
2734	25.019	27.632
2735	24.729	27.682
2736	24.434	27.637
2737	24.152	27.597
2738	23.918	27.674
2739	23.665	27.592
2740	23.484	27.653
2741	23.296	27.631
2742	23.138	27.64
2743	23.007	27.66
2744	22.899	27.657
2745	22.796	27.623
2746	22.712	27.585
2747	22.632	27.501
2748	22.593	27.465
2749	22.581	27.443
2750	22.595	27.433
2751	22.625	27.45
2752	22.693	27.492
2753	22.761	27.409
2754	22.876	27.413
2755	23.02	27.449
2756	23.19	27.478
2757	23.367	27.474
2758	23.573	27.472
2759	23.839	27.506
2760	24.079	27.407
2761	24.367	27.342
2762	24.7	27.355
2763	25.049	27.407
2764	25.417	27.404
2765	25.8	27.362
2766	26.232	27.384
2767	26.706	27.443
2768	27.167	27.499
2769	27.633	27.489
2770	28.124	27.421
2771	28.624	27.386
2772	29.162	27.387
2773	29.676	27.355
2774	30.2	27.32
2775	30.725	27.296
2776	31.239	27.216
2777	31.778	27.168
2778	32.322	27.181
2779	32.828	27.176
2780	33.331	27.157
2781	33.789	27.128
2782	34.281	27.169
2783	34.75	27.204
2784	35.148	27.135
2785	35.591	27.177
2786	35.967	27.188
2787	36.304	27.168
2788	36.596	27.09
2789	36.899	27.089
2790	37.179	27.109
2791	37.388	27.074
2792	37.479	26.977
2793	37.611	26.92
2794	37.707	26.925
2795	37.817	26.989
2796	37.912	27.045
2797	37.932	27.007
2798	37.971	27.006
2799	37.985	27.037
2800	37.951	27.125
2801	37.884	27.215
2802	37.758	27.243
2803	37.585	27.263
2804	37.427	27.31
2805	37.218	27.349
2806	36.99	27.387
2807	36.686	27.365
2808	36.343	27.35
2809	36.003	27.373
2810	35.592	27.378
2811	35.232	27.43
2812	34.869	27.459
2813	34.441	27.496
2814	33.987	27.516
2815	33.489	27.457
2816	33.015	27.457
2817	32.57	27.527
2818	32.096	27.506
2819	31.608	27.468
2820	31.107	27.479
2821	30.598	27.444
2822	30.098	27.509
2823	29.605	27.549
2824	29.058	27.51
2825	28.585	27.484
2826	28.11	27.457
2827	27.669	27.501
2828	27.24	27.516
2829	26.799	27.471
2830	26.394	27.552
2831	26.017	27.538
2832	25.647	27.599
2833	25.35	27.611
2834	25.022	27.624
2835	24.732	27.656
2836	24.427	27.631
2837	24.169	27.657
2838	23.961	27.752
2839	23.736	27.751
2840	23.545	27.832
2841	23.38	27.895
2842	23.232	27.944
2843	23.082	27.966
2844	22.959	27.965
2845	22.851	27.965
2846	22.741	27.911
2847	22.698	27.902
2848	22.659	27.894
2849	22.668	27.902
2850	22.676	27.887
2851	22.729	27.887
2852	22.786	27.855
2853	22.88	27.877
2854	23.008	27.915
2855	23.122	27.787
2856	23.278	27.821
2857	23.472	27.744
2858	23.634	27.735
2859	23.879	27.744
2860	24.139	27.696
2861	24.432	27.679
2862	24.713	27.633
2863	25.043	27.565
2864	25.425	27.587
2865	25.816	27.588
2866	26.219	27.552
2867	26.631	27.465
2868	27.133	27.443
2869	27.609	27.532
2870	28.127	27.518
2871	28.672	27.565
2872	29.151	27.498
2873	29.712	27.519
2874	30.261	27.532
2875	30.808	27.549
2876	31.344	27.552
2877	31.877	27.566
2878	32.398	27.485
2879	32.913	27.457
2880	33.472	27.446
2881	33.962	27.381
2882	34.454	27.464
2883	34.936	27.454
2884	35.351	27.422
2885	35.758	27.4
2886	36.143	27.381
2887	36.535	27.37
2888	36.832	27.364
2889	37.072	27.291
2890	37.323	27.26
2891	37.518	27.282
2892	37.711	27.264
2893	37.781	27.253
2894	37.881	27.205
2895	37.917	27.15
2896	37.977	27.151
2897	37.993	27.22
2898	37.951	27.203
2899	37.935	27.227
2900	37.838	27.187
2901	37.74	27.215
2902	37.578	27.156
2903	37.453	27.223
2904	37.247	27.197
2905	37.053	27.31
2906	36.815	27.343
2907	36.526	27.303
2908	36.243	27.357
2909	35.909	27.361
2910	35.531	27.365
2911	35.148	27.42
2912	34.729	27.427
2913	34.31	27.443
2914	33.881	27.472
2915	33.421	27.477
2916	32.986	27.516
2917	32.52	27.574
2918	32.023	27.533
2919	31.571	27.551
2920	31.126	27.612
2921	30.627	27.661
2922	30.141	27.595
2923	29.649	27.628
2924	29.151	27.652
2925	28.681	27.676
2926	28.198	27.667
2927	27.784	27.783
2928	27.322	27.77
2929	26.914	27.839
2930	26.485	27.8
2931	26.094	27.8
2932	25.716	27.76
2933	25.348	27.703
2934	25.034	27.781
2935	24.757	27.901
2936	24.471	27.932
2937	24.188	27.942
2938	23.935	27.966
2939	23.715	28.039
2940	23.507	28.044
2941	23.294	28.019
2942	23.123	28.025
2943	22.985	28.068
2944	22.844	28.036
2945	22.726	28.055
2946	22.652	28.047
2947	22.616	28.133
2948	22.578	28.074
2949	22.558	27.988
2950	22.589	28.024
2951	22.646	27.957
2952	22.713	27.921
2953	22.83	27.971
2954	22.931	27.91
2955	23.074	27.863
2956	23.231	27.894
2957	23.419	27.883
2958	23.655	27.887
2959	23.893	27.847
2960	24.165	27.754
2961	24.468	27.735
2962	24.786	27.711
2963	25.108	27.597
2964	25.498	27.569
2965	25.867	27.489
2966	26.295	27.449
2967	26.734	27.443
2968	27.222	27.466
2969	27.716	27.475
2970	28.198	27.441
2971	28.68	27.364
2972	29.22	27.387
2973	29.773	27.461
2974	30.325	27.538
2975	30.838	27.47
2976	31.355	27.512
2977	31.87	27.474
2978	32.372	27.456
2979	32.938	27.549
2980	33.446	27.584
2981	33.984	27.602
2982	34.503	27.687
2983	34.97	27.722
2984	35.392	27.681
2985	35.811	27.752
2986	36.194	27.749
2987	36.561	27.789
2988	36.91	27.781
2989	37.174	27.75
2990	37.503	27.839
2991	37.723	27.819
2992	37.88	27.75
2993	38.001	27.713
2994	38.13	27.695
2995	38.24	27.681
2996	38.303	27.772
2997	38.292	27.704
2998	38.255	27.648
2999	38.187	27.603
3000	38.138	27.701
3001	38.053	27.673
3002	37.877	27.698
3003	37.654	27.688
3004	37.382	27.6
3005	37.145	27.655
3006	36.833	27.615
3007	36.469	27.591
3008	36.094	27.549
3009	35.747	27.581
3010	35.328	27.499
3011	34.918	27.503
3012	34.48	27.53
3013	34.042	27.572
3014	33.596	27.605
3015	33.11	27.613
3016	32.628	27.628
3017	32.184	27.685
3018	31.696	27.687
3019	31.185	27.721
3020	30.701	27.715
3021	30.253	27.72
3022	29.741	27.704
3023	29.261	27.702
3024	28.791	27.693
3025	28.317	27.62
3026	27.867	27.653
3027	27.464	27.68
3028	27.057	27.616
3029	26.66	27.634
3030	26.254	27.543
3031	25.902	27.567
3032	25.563	27.566
3033	25.244	27.597
3034	24.947	27.604
3035	24.643	27.579
3036	24.373	27.584
3037	24.148	27.504
3038	23.912	27.539
3039	23.684	27.456
3040	23.476	27.441
3041	23.299	27.411
3042	23.133	27.417
3043	23	27.412
3044	22.903	27.45
3045	22.81	27.512
3046	22.731	27.469
3047	22.683	27.461
3048	22.662	27.514
3049	22.672	27.562
3050	22.692	27.567
3051	22.715	27.533
3052	22.776	27.499
3053	22.883	27.538
3054	23	27.52
3055	23.153	27.541
3056	23.329	27.557
3057	23.524	27.522
3058	23.735	27.51
3059	23.986	27.517
3060	24.27	27.557
3061	24.546	27.5
3062	24.849	27.545
3063	25.186	27.503
3064	25.558	27.544
3065	25.966	27.528
3066	26.376	27.534
3067	26.814	27.5
3068	27.271	27.518
3069	27.737	27.437
3070	28.211	27.355
3071	28.719	27.365
3072	29.245	27.349
3073	29.768	27.306
3074	30.288	27.243
3075	30.861	27.284
3076	31.427	27.263
3077	31.962	27.245
3078	32.489	27.282
3079	33.032	27.306
3080	33.55	27.298
3081	34.002	27.224
3082	34.478	27.208
3083	34.936	27.182
3084	35.356	27.126
3085	35.789	27.145
3086	36.196	27.168
3087	36.564	27.154
3088	36.881	27.109
3089	37.179	27.114
3090	37.416	27.106
3091	37.68	27.133
3092	37.88	27.16
3093	38.066	27.188
3094	38.175	27.235
3095	38.275	27.252
3096	38.262	27.192
3097	38.291	27.264
3098	38.275	27.269
3099	38.254	27.351
3100	38.111	27.315
3101	37.983	27.393
3102	37.814	27.386
3103	37.647	27.342
3104	37.405	27.325
3105	37.161	27.401
3106	36.914	27.435
3107	36.597	27.445
3108	36.264	27.49
3109	35.905	27.544
3110	35.515	27.573
3111	35.143	27.58
3112	34.723	27.63
3113	34.336	27.733
3114	33.872	27.696
3115	33.435	27.743
3116	32.946	27.754
3117	32.444	27.775
3118	31.917	27.781
3119	31.435	27.81
3120	30.962	27.876
3121	30.521	28.015
3122	30.029	28.005
3123	29.513	27.968
3124	29.021	27.953
3125	28.555	27.964
3126	28.1	27.911
3127	27.653	27.928
3128	27.193	27.947
3129	26.77	27.939
3130	26.367	27.894
3131	25.979	27.884
3132	25.627	27.916
3133	25.291	27.894
3134	24.954	27.892
3135	24.647	27.913
3136	24.349	27.942
3137	24.066	27.89
3138	23.807	27.903
3139	23.585	27.932
3140	23.376	27.893
3141	23.182	27.878
3142	23.021	27.834
3143	22.904	27.871
3144	22.771	27.815
3145	22.658	27.79
3146	22.554	27.67
3147	22.524	27.655
3148	22.519	27.72
3149	22.511	27.653
3150	22.533	27.624
3151	22.572	27.631
3152	22.652	27.602
3153	22.746	27.555
3154	22.867	27.523
3155	23	27.485
3156	23.171	27.502
3157	23.384	27.539
3158	23.598	27.517
3159	23.849	27.441
3160	24.115	27.371
3161	24.401	27.313
3162	24.753	27.367
3163	25.102	27.279
3164	25.49	27.329
3165	25.874	27.309
3166	26.303	27.267
3167	26.752	27.268
3168	27.203	27.202
3169	27.681	27.201
3170	28.189	27.216
3171	28.739	27.214
3172	29.234	27.158
3173	29.772	27.047
3174	30.29	27.084
3175	30.799	27.099
3176	31.323	27.097
3177	31.845	27.152
3178	32.38	27.184
3179	32.915	27.263
3180	33.424	27.197
3181	33.929	27.24
3182	34.377	27.171
3183	34.838	27.22
3184	35.29	27.264
3185	35.709	27.273
3186	36.067	27.259
3187	36.415	27.23
3188	36.745	27.254
3189	37.007	27.176
3190	37.277	27.171
3191	37.535	27.239
3192	37.736	27.27
3193	37.871	27.249
3194	37.997	27.246
3195	38.072	27.25
3196	38.083	27.239
3197	38.109	27.336
3198	38.078	27.406
3199	38.076	27.435
3200	38.068	27.465
3201	37.951	27.475
3202	37.783	27.436
3203	37.58	27.437
3204	37.355	27.426
3205	37.1	27.515
3206	36.812	27.482
3207	36.513	27.489
3208	36.171	27.478
3209	35.83	27.554
3210	35.466	27.561
3211	35.138	27.645
3212	34.693	27.598
3213	34.246	27.616
3214	33.806	27.67
3215	33.354	27.695
3216	32.855	27.669
3217	32.364	27.652
3218	31.873	27.676
3219	31.397	27.708
3220	30.895	27.692
3221	30.409	27.733
3222	29.896	27.671
3223	29.413	27.683
3224	28.927	27.714
3225	28.466	27.733
3226	28.004	27.75
3227	27.598	27.795
3228	27.175	27.749
3229	26.77	27.731
3230	26.391	27.73
3231	26.013	27.726
3232	25.651	27.776
3233	25.323	27.77
3234	24.98	27.706
3235	24.685	27.754
3236	24.369	27.658
3237	24.094	27.675
3238	23.856	27.672
3239	23.635	27.689
3240	23.428	27.667
3241	23.227	27.684
3242	23.064	27.683
3243	22.934	27.689
3244	22.831	27.758
3245	22.749	27.78
3246	22.661	27.745
3247	22.623	27.802
3248	22.594	27.794
3249	22.567	27.718
3250	22.554	27.667
3251	22.624	27.691
3252	22.675	27.668
3253	22.779	27.705
3254	22.912	27.674
3255	23.039	27.647
3256	23.206	27.605
3257	23.397	27.58
3258	23.623	27.607
3259	23.886	27.63
3260	24.14	27.588
3261	24.448	27.643
3262	24.803	27.699
3263	25.142	27.703
3264	25.533	27.714
3265	25.915	27.708
3266	26.378	27.768
3267	26.821	27.729
3268	27.261	27.705
3269	27.72	27.631
3270	28.204	27.568
3271	28.733	27.576
3272	29.239	27.481
3273	29.806	27.552
3274	30.367	27.553
3275	30.934	27.581
3276	31.48	27.565
3277	32.015	27.526
3278	32.538	27.49
3279	33.041	27.527
3280	33.556	27.479
3281	34.072	27.472
3282	34.616	27.535
3283	35.052	27.466
3284	35.474	27.43
3285	35.86	27.404
3286	36.291	27.47
3287	36.644	27.467
3288	37.001	27.447
3289	37.297	27.42
3290	37.594	27.485
3291	37.805	27.43
3292	37.985	27.448
3293	38.137	27.466
3294	38.238	27.416
3295	38.283	27.436
3296	38.328	27.476
3297	38.345	27.51
3298	38.272	27.451
3299	38.251	27.514
3300	38.127	27.493
3301	37.957	27.469
3302	37.808	27.528
3303	37.668	27.634
3304	37.425	27.618
3305	37.228	27.691
3306	36.934	27.748
3307	36.569	27.659
3308	36.236	27.663
3309	35.868	27.647
3310	35.503	27.646
3311	35.048	27.605
3312	34.628	27.539
3313	34.169	27.582
3314	33.671	27.567
3315	33.18	27.499
3316	32.688	27.496
3317	32.196	27.517
3318	31.738	27.526
3319	31.245	27.588
3320	30.793	27.625
3321	30.297	27.604
3322	29.86	27.681
3323	29.385	27.686
3324	28.888	27.638
3325	28.45	27.678
3326	28.007	27.673
3327	27.57	27.634
3328	27.138	27.609
3329	26.76	27.661
3330	26.346	27.633
3331	25.966	27.597
3332	25.631	27.691
3333	25.297	27.727
3334	24.964	27.792
3335	24.672	27.834
3336	24.396	27.799
3337	24.108	27.816
3338	23.853	27.748
3339	23.648	27.803
3340	23.456	27.873
3341	23.279	27.892
3342	23.148	27.939
3343	23.016	27.965
3344	22.899	27.908
3345	22.806	27.914
3346	22.734	27.893
3347	22.664	27.872
3348	22.631	27.825
3349	22.633	27.85
3350	22.651	27.858
3351	22.704	27.872
3352	22.774	27.872
3353	22.866	27.846
3354	22.962	27.815
3355	23.096	27.807
3356	23.27	27.838
3357	23.428	27.755
3358	23.655	27.78
3359	23.927	27.81
3360	24.187	27.778
3361	24.477	27.771
3362	24.803	27.757
3363	25.168	27.851
3364	25.52	27.769
3365	25.91	27.705
3366	26.314	27.624
3367	26.742	27.574
3368	27.186	27.495
3369	27.679	27.572
3370	28.162	27.527
3371	28.66	27.516
3372	29.224	27.551
3373	29.773	27.58
3374	30.304	27.543
3375	30.837	27.438
3376	31.407	27.463
3377	31.973	27.493
3378	32.514	27.494
3379	33.058	27.475
3380	33.625	27.526
3381	34.076	27.441
3382	34.569	27.41
3383	35.022	27.363
3384	35.459	27.325
3385	35.873	27.308
3386	36.272	27.331
3387	36.675	27.398
3388	36.982	27.293
3389	37.321	27.339
3390	37.603	27.373
3391	37.863	27.434
3392	38.026	27.396
3393	38.162	27.396
3394	38.283	27.384
3395	38.35	27.403
3396	38.406	27.419
3397	38.365	27.405
3398	38.338	27.404
3399	38.272	27.411
3400	38.157	27.467
3401	37.975	27.429
3402	37.756	27.395
3403	37.546	27.384
3404	37.346	27.469
3405	37.034	27.44
3406	36.804	27.498
3407	36.498	27.541
3408	36.174	27.56
3409	35.773	27.599
3410	35.367	27.539
3411	34.955	27.553
3412	34.5	27.514
3413	34.02	27.505
3414	33.546	27.543
3415	33.061	27.546
3416	32.563	27.516
3417	32.094	27.582
3418	31.602	27.633
3419	31.143	27.68
3420	30.661	27.681
3421	30.18	27.711
3422	29.639	27.589
3423	29.165	27.649
3424	28.711	27.655
3425	28.282	27.689
3426	27.844	27.718
3427	27.43	27.756
3428	27.004	27.773
3429	26.584	27.718
3430	26.201	27.728
3431	25.819	27.772
3432	25.49	27.851
3433	25.163	27.908
3434	24.857	27.858
3435	24.586	27.95
3436	24.321	27.921
3437	24.08	27.954
3438	23.88	28.035
3439	23.656	27.953
3440	23.455	27.97
3441	23.343	28.074
3442	23.177	28
3443	23.061	28.015
3444	22.911	27.912
3445	22.817	27.884
3446	22.744	27.873
3447	22.725	27.95
3448	22.673	27.902
3449	22.657	27.855
3450	22.646	27.776
3451	22.689	27.795
3452	22.746	27.779
3453	22.836	27.738
3454	22.95	27.702
3455	23.094	27.69
3456	23.28	27.681
3457	23.473	27.625
3458	23.684	27.594
3459	23.908	27.62
3460	24.17	27.61
3461	24.448	27.615
3462	24.737	27.531
3463	25.087	27.544
3464	25.464	27.575
3465	25.863	27.545
3466	26.21	27.414
3467	26.663	27.466
3468	27.117	27.422
3469	27.597	27.39
3470	28.09	27.37
3471	28.599	27.354
3472	29.117	27.313
3473	29.67	27.325
3474	30.204	27.391
3475	30.739	27.461
3476	31.272	27.397
3477	31.829	27.36
3478	32.374	27.37
3479	32.895	27.366
3480	33.418	27.347
3481	33.899	27.324
3482	34.372	27.29
3483	34.8	27.197
3484	35.244	27.175
3485	35.641	27.199
3486	36.024	27.189
3487	36.433	27.252
3488	36.748	27.211
3489	37.066	27.229
3490	37.378	27.288
3491	37.647	27.366
3492	37.837	27.365
3493	38.006	27.386
3494	38.163	27.487
3495	38.287	27.555
3496	38.32	27.556
3497	38.33	27.557
3498	38.334	27.592
3499	38.279	27.559
3500	38.222	27.542
3501	38.088	27.558
3502	37.915	27.584
3503	37.699	27.605
3504	37.477	27.63
3505	37.186	27.665
3506	36.924	27.67
3507	36.589	27.655
3508	36.273	27.768
3509	35.938	27.761
3510	35.557	27.8
3511	35.2	27.827
3512	34.74	27.82
3513	34.297	27.846
3514	33.808	27.837
3515	33.317	27.83
3516	32.791	27.8
3517	32.284	27.797
3518	31.767	27.786
3519	31.24	27.718
3520	30.751	27.775
3521	30.295	27.844
3522	29.832	27.912
3523	29.309	27.806
3524	28.841	27.815
3525	28.391	27.86
3526	27.965	27.881
3527	27.554	27.951
3528	27.145	27.915
3529	26.754	28.02
3530	26.383	28.007
3531	25.977	27.969
3532	25.621	27.986
3533	25.308	28.001
3534	24.983	27.981
3535	24.713	27.955
3536	24.421	27.981
3537	24.174	27.996
3538	23.929	27.998
3539	23.72	27.991
3540	23.514	27.96
3541	23.335	27.949
3542	23.193	27.99
3543	23.057	28.006
3544	22.957	28.027
3545	22.839	27.897
3546	22.763	27.816
3547	22.698	27.816
3548	22.687	27.859
3549	22.68	27.839
3550	22.694	27.791
3551	22.723	27.824
3552	22.752	27.718
3553	22.824	27.717
3554	22.949	27.625
3555	23.072	27.606
3556	23.256	27.621
3557	23.448	27.612
3558	23.637	27.528
3559	23.877	27.516
3560	24.124	27.483
3561	24.405	27.429
3562	24.685	27.338
3563	25.007	27.296
3564	25.374	27.304
3565	25.782	27.355
3566	26.201	27.333
3567	26.618	27.277
3568	27.079	27.266
3569	27.553	27.266
3570	28.053	27.313
3571	28.524	27.289
3572	29.025	27.21
3573	29.553	27.188
3574	30.089	27.147
3575	30.623	27.116
3576	31.147	27.101
3577	31.709	27.133
3578	32.247	27.157
3579	32.708	27.071
3580	33.227	27.094
3581	33.751	27.239
3582	34.25	27.284
3583	34.732	27.362
3584	35.181	27.363
3585	35.624	27.357
3586	36.023	27.395
3587	36.447	27.468
3588	36.811	27.491
3589	37.122	27.522
3590	37.349	27.475
3591	37.572	27.506
3592	37.788	27.556
3593	37.955	27.564
3594	38.07	27.567
3595	38.145	27.53
3596	38.224	27.591
3597	38.221	27.649
3598	38.195	27.677
3599	38.143	27.715
3600	38.067	27.784
3601	37.967	27.779
3602	37.814	27.759
3603	37.653	27.771
3604	37.46	27.815
3605	37.231	27.83
3606	36.931	27.701
3607	36.62	27.719
3608	36.277	27.644
3609	35.978	27.746
3610	35.626	27.819
3611	35.178	27.766
3612	34.715	27.73
3613	34.272	27.746
3614	33.783	27.664
3615	33.328	27.659
3616	32.847	27.597
3617	32.349	27.631
3618	31.851	27.645
3619	31.357	27.688
3620	30.85	27.699
3621	30.36	27.745
3622	29.901	27.71
3623	29.432	27.761
3624	28.979	27.787
3625	28.52	27.723
3626	28.083	27.71
3627	27.652	27.76
3628	27.221	27.759
3629	26.815	27.785
3630	26.418	27.787
3631	26.036	27.764
3632	25.663	27.688
3633	25.313	27.683
3634	24.963	27.62
3635	24.641	27.547
3636	24.381	27.572
3637	24.153	27.66
3638	23.927	27.659
3639	23.713	27.681
3640	23.506	27.708
3641	23.336	27.779
3642	23.188	27.713
3643	23.062	27.706
3644	22.944	27.612
3645	22.858	27.621
3646	22.77	27.587
3647	22.72	27.59
3648	22.686	27.57
3649	22.679	27.599
3650	22.697	27.608
3651	22.73	27.575
3652	22.791	27.578
3653	22.884	27.558
3654	22.994	27.521
3655	23.123	27.482
3656	23.282	27.485
3657	23.485	27.537
3658	23.715	27.585
3659	23.94	27.549
3660	24.201	27.578
3661	24.492	27.609
3662	24.79	27.558
3663	25.116	27.56
3664	25.485	27.564
3665	25.877	27.534
3666	26.262	27.492
3667	26.679	27.462
3668	27.147	27.506
3669	27.612	27.51
3670	28.087	27.489
3671	28.631	27.501
3672	29.154	27.514
3673	29.681	27.467
3674	30.193	27.406
3675	30.721	27.375
3676	31.266	27.423
3677	31.806	27.375
3678	32.315	27.376
3679	32.809	27.407
3680	33.342	27.401
3681	33.837	27.36
3682	34.273	27.305
3683	34.723	27.24
3684	35.149	27.217
3685	35.564	27.206
3686	35.972	27.159
3687	36.332	27.164
3688	36.687	27.179
3689	36.989	27.195
3690	37.209	27.165
3691	37.525	27.191
3692	37.745	27.247
3693	37.866	27.17
3694	38.002	27.204
3695	38.1	27.22
3696	38.138	27.264
3697	38.149	27.28
3698	38.157	27.311
3699	38.144	27.37
3700	38.046	27.409
3701	37.929	27.404
3702	37.754	27.391
3703	37.571	27.394
3704	37.398	27.408
3705	37.162	27.465
3706	36.891	27.517
3707	36.628	27.541
3708	36.313	27.59
3709	35.993	27.631
3710	35.617	27.654
3711	35.208	27.727
3712	34.778	27.749
3713	34.342	27.775
3714	33.886	27.811
3715	33.485	27.898
3716	32.967	27.931
3717	32.491	27.941
3718	32.016	27.981
3719	31.558	28.072
3720	31.068	28.095
3721	30.593	28.059
3722	30.081	28.011
3723	29.568	27.994
3724	29.062	27.943
3725	28.612	27.949
3726	28.13	27.926
3727	27.705	27.94
3728	27.315	28.004
3729	26.913	28.048
3730	26.512	28.004
3731	26.136	27.975
3732	25.767	27.989
3733	25.408	28.003
3734	25.063	27.959
3735	24.757	27.993
3736	24.455	27.923
3737	24.192	27.871
3738	23.914	27.789
3739	23.671	27.725
3740	23.433	27.632
3741	23.252	27.602
3742	23.086	27.635
3743	22.928	27.632
3744	22.767	27.516
3745	22.662	27.523
3746	22.555	27.485
3747	22.515	27.521
3748	22.486	27.508
3749	22.478	27.513
3750	22.484	27.472
3751	22.544	27.522
3752	22.608	27.549
3753	22.667	27.502
3754	22.77	27.419
3755	22.926	27.481
3756	23.079	27.454
3757	23.279	27.415
3758	23.507	27.4
3759	23.75	27.408
3760	24.036	27.39
3761	24.341	27.409
3762	24.652	27.4
3763	25.022	27.375
3764	25.396	27.396
3765	25.79	27.444
3766	26.212	27.409
3767	26.648	27.357
3768	27.125	27.373
3769	27.626	27.373
3770	28.15	27.385
3771	28.689	27.416
3772	29.205	27.424
3773	29.747	27.424
3774	30.274	27.449
3775	30.827	27.499
3776	31.352	27.423
3777	31.877	27.437
3778	32.446	27.42
3779	32.947	27.422
3780	33.425	27.369
3781	33.916	27.43
3782	34.376	27.417
3783	34.814	27.411
3784	35.293	27.444
3785	35.636	27.412
3786	35.979	27.366
3787	36.338	27.38
3788	36.646	27.401
3789	36.952	27.43
3790	37.273	27.452
3791	37.494	27.471
3792	37.656	27.41
3793	37.827	27.385
3794	37.946	27.437
3795	38.02	27.392
3796	38.01	27.338
3797	38.036	27.307
3798	37.965	27.275
3799	37.956	27.287
3800	37.874	27.275
3801	37.735	27.292
3802	37.587	27.28
3803	37.366	27.263
3804	37.184	27.279
3805	36.95	27.275
3806	36.709	27.262
3807	36.438	27.313
3808	36.126	27.324
3809	35.773	27.331
3810	35.421	27.311
3811	35.064	27.393
3812	34.658	27.382
3813	34.262	27.468
3814	33.803	27.429
3815	33.326	27.439
3816	32.863	27.441
3817	32.417	27.498
3818	31.929	27.528
3819	31.442	27.492
3820	30.929	27.559
3821	30.472	27.626
3822	29.968	27.621
3823	29.529	27.684
3824	29.053	27.654
3825	28.584	27.687
3826	28.152	27.696
3827	27.734	27.698
3828	27.341	27.76
3829	26.94	27.805
3830	26.55	27.832
3831	26.165	27.829
3832	25.799	27.817
3833	25.465	27.853
3834	25.126	27.863
3835	24.824	27.879
3836	24.533	27.845
3837	24.252	27.834
3838	23.996	27.85
3839	23.783	27.881
3840	23.567	27.87
3841	23.384	27.881
3842	23.192	27.866
3843	23.028	27.858
3844	22.912	27.879
3845	22.813	27.833
3846	22.725	27.785
3847	22.688	27.826
3848	22.646	27.8
3849	22.624	27.786
3850	22.631	27.758
3851	22.653	27.743
3852	22.701	27.723
3853	22.76	27.684
3854	22.865	27.649
3855	23.007	27.623
3856	23.172	27.608
3857	23.35	27.573
3858	23.568	27.58
3859	23.834	27.627
3860	24.109	27.594
3861	24.42	27.597
3862	24.729	27.572
3863	25.053	27.426
3864	25.419	27.389
3865	25.82	27.351
3866	26.22	27.319
3867	26.676	27.291
3868	27.124	27.261
3869	27.585	27.232
3870	28.085	27.191
3871	28.588	27.151
3872	29.071	27.075
3873	29.613	27.11
3874	30.166	27.124
3875	30.705	27.088
3876	31.281	27.112
3877	31.814	27.142
3878	32.355	27.118
3879	32.806	27.104
3880	33.284	27.134
3881	33.748	27.129
3882	34.26	27.206
3883	34.712	27.182
3884	35.114	27.123
3885	35.53	27.161
3886	35.9	27.163
3887	36.329	27.297
3888	36.694	27.403
3889	36.982	27.402
3890	37.233	27.461
3891	37.438	27.488
3892	37.624	27.539
3893	37.841	27.591
3894	37.972	27.587
3895	38.063	27.67
3896	38.185	27.737
3897	38.254	27.8
3898	38.206	27.752
3899	38.149	27.774
3900	38.077	27.797
3901	37.934	27.773
3902	37.825	27.769
3903	37.66	27.828
3904	37.522	27.834
3905	37.281	27.792
3906	37.063	27.8