1	36.521	27.737
2	36.044	27.773
3	35.563	27.815
4	35.057	27.852
5	34.549	27.878
6	34.02	27.887
7	33.486	27.913
8	32.955	27.952
9	32.426	27.967
10	31.901	27.992
11	31.38	28.031
12	30.865	28.064
13	30.357	28.078
14	29.863	28.104
15	29.379	28.141
16	28.897	28.15
17	28.44	28.147
18	27.995	28.167
19	27.575	28.17
20	27.166	28.196
21	26.776	28.202
22	26.406	28.21
23	26.047	28.208
24	25.705	28.185
25	25.377	28.183
26	25.076	28.183
27	24.793	28.181
28	24.527	28.172
29	24.278	28.153
30	24.04	28.169
31	23.824	28.179
32	23.629	28.202
33	23.445	28.182
34	23.281	28.19
35	23.133	28.191
36	23.004	28.162
37	22.895	28.166
38	22.803	28.168
39	22.73	28.144
40	22.675	28.128
41	22.64	28.113
42	22.621	28.106
43	22.625	28.092
44	22.646	28.064
45	22.688	28.042
46	22.751	28.013
47	22.842	27.967
48	22.961	27.941
49	23.103	27.931
50	23.271	27.916
51	23.459	27.878
52	23.675	27.884
53	23.914	27.848
54	24.178	27.831
55	24.472	27.795
56	24.787	27.784
57	25.126	27.736
58	25.488	27.732
59	25.878	27.708
60	26.287	27.659
61	26.725	27.657
62	27.179	27.618
63	27.647	27.591
64	28.141	27.548
65	28.657	27.513
66	29.186	27.502
67	29.731	27.492
68	30.289	27.473
69	30.858	27.461
70	31.441	27.445
71	32.02	27.442
72	32.601	27.449
73	33.182	27.428
74	33.761	27.415
75	34.325	27.4
76	34.875	27.421
77	35.408	27.394
78	35.911	27.399
79	36.399	27.393
80	36.857	27.408
81	37.287	27.398
82	37.685	27.401
83	38.04	27.394
84	38.355	27.393
85	38.63	27.435
86	38.855	27.445
87	39.034	27.46
88	39.182	27.472
89	39.267	27.523
90	39.289	27.544
91	39.266	27.56
92	39.202	27.586
93	39.08	27.592
94	38.904	27.645
95	38.676	27.667
96	38.415	27.688
97	38.101	27.721
98	37.75	27.75
99	37.36	27.758
100	36.945	27.796
101	36.503	27.832
102	36.04	27.854
103	35.565	27.891
104	35.069	27.918
105	34.556	27.944
106	34.037	27.994
107	33.509	28.026
108	32.986	28.049
109	32.456	28.083
110	31.928	28.094
111	31.406	28.116
112	30.888	28.136
113	30.383	28.145
114	29.879	28.157
115	29.394	28.182
116	28.926	28.193
117	28.47	28.205
118	28.028	28.236
119	27.602	28.235
120	27.195	28.236
121	26.801	28.236
122	26.425	28.23
123	26.065	28.259
124	25.724	28.262
125	25.401	28.266
126	25.098	28.246
127	24.811	28.255
128	24.541	28.249
129	24.288	28.258
130	24.057	28.252
131	23.839	28.228
132	23.638	28.217
133	23.458	28.218
134	23.294	28.197
135	23.148	28.194
136	23.02	28.186
137	22.909	28.175
138	22.812	28.159
139	22.74	28.124
140	22.687	28.106
141	22.648	28.091
142	22.63	28.065
143	22.632	28.012
144	22.657	27.985
145	22.705	27.973
146	22.774	27.965
147	22.869	27.94
148	22.985	27.886
149	23.128	27.903
150	23.293	27.879
151	23.478	27.852
152	23.69	27.821
153	23.928	27.8
154	24.189	27.744
155	24.473	27.716
156	24.785	27.694
157	25.124	27.65
158	25.485	27.622
159	25.872	27.61
160	26.283	27.583
161	26.717	27.557
162	27.169	27.537
163	27.647	27.521
164	28.144	27.51
165	28.657	27.496
166	29.189	27.471
167	29.736	27.491
168	30.293	27.497
169	30.865	27.489
170	31.436	27.477
171	32.016	27.453
172	32.593	27.431
173	33.173	27.435
174	33.745	27.417
175	34.306	27.4
176	34.863	27.396
177	35.399	27.395
178	35.905	27.395
179	36.398	27.425
180	36.859	27.42
181	37.295	27.398
182	37.689	27.413
183	38.041	27.412
184	38.36	27.412
185	38.628	27.412
186	38.848	27.435
187	39.033	27.457
188	39.162	27.482
189	39.241	27.508
190	39.273	27.514
191	39.248	27.538
192	39.167	27.525
193	39.048	27.559
194	38.869	27.566
195	38.655	27.596
196	38.394	27.627
197	38.093	27.657
198	37.752	27.687
199	37.378	27.709
200	36.98	27.736
201	36.535	27.773
202	36.08	27.801
203	35.607	27.819
204	35.11	27.827
205	34.606	27.854
206	34.085	27.915
207	33.561	27.943
208	33.039	27.967
209	32.508	27.981
210	31.983	28.003
211	31.46	28.018
212	30.944	28.027
213	30.432	28.031
214	29.931	28.04
215	29.439	28.068
216	28.963	28.069
217	28.502	28.061
218	28.056	28.073
219	27.627	28.095
220	27.212	28.106
221	26.814	28.11
222	26.438	28.128
223	26.078	28.12
224	25.732	28.135
225	25.402	28.157
226	25.097	28.14
227	24.806	28.154
228	24.535	28.16
229	24.28	28.153
230	24.04	28.156
231	23.82	28.121
232	23.617	28.111
233	23.433	28.091
234	23.267	28.087
235	23.12	28.077
236	22.989	28.064
237	22.877	28.054
238	22.784	28.047
239	22.707	28.037
240	22.655	28.024
241	22.621	28.003
242	22.603	27.991
243	22.604	27.952
244	22.636	27.945
245	22.681	27.892
246	22.754	27.872
247	22.829	27.828
248	22.945	27.812
249	23.082	27.796
250	23.248	27.782
251	23.44	27.744
252	23.654	27.665
253	23.887	27.656
254	24.15	27.684
255	24.439	27.664
256	24.758	27.651
257	25.104	27.628
258	25.45	27.657
259	25.837	27.623
260	26.255	27.594
261	26.709	27.557
262	27.17	27.474
263	27.647	27.424
264	28.149	27.392
265	28.672	27.382
266	29.201	27.396
267	29.749	27.352
268	30.316	27.332
269	30.899	27.302
270	31.485	27.272
271	32.08	27.266
272	32.683	27.28
273	33.262	27.236
274	33.856	27.187
275	34.414	27.123
276	34.936	27.146
277	35.476	27.15
278	36.009	27.103
279	36.497	27.061
280	36.964	27.074
281	37.392	27.086
282	37.774	27.099
283	38.145	27.096
284	38.464	27.123
285	38.712	27.153
286	38.87	27.226
287	39.034	27.291
288	39.175	27.328
289	39.242	27.348
290	39.24	27.367
291	39.176	27.415
292	39.088	27.472
293	38.969	27.471
294	38.761	27.475
295	38.533	27.547
296	38.212	27.597
297	37.882	27.647
298	37.546	27.694
299	37.148	27.757
300	36.747	27.811
301	36.339	27.847
302	35.871	27.908
303	35.364	27.985
304	34.884	28.031
305	34.387	27.979
306	33.864	27.968
307	33.354	27.975
308	32.863	27.956
309	32.349	27.963
310	31.833	27.972
311	31.351	27.947
312	30.853	27.938
313	30.339	27.982
314	29.851	28.013
315	29.371	28.028
316	28.91	28.031
317	28.464	28.065
318	28.019	28.086
319	27.602	28.095
320	27.212	28.087
321	26.835	28.053
322	26.479	28.021
323	26.126	27.998
324	25.804	27.974
325	25.489	27.967
326	25.187	27.926
327	24.903	27.919
328	24.651	27.898
329	24.395	27.876
330	24.157	27.877
331	23.938	27.91
332	23.732	27.913
333	23.538	27.925
334	23.363	27.917
335	23.212	27.877
336	23.079	27.852
337	22.967	27.845
338	22.856	27.837
339	22.758	27.852
340	22.701	27.828
341	22.673	27.788
342	22.648	27.765
343	22.653	27.742
344	22.672	27.698
345	22.707	27.694
346	22.784	27.67
347	22.875	27.617
348	22.986	27.664
349	23.095	27.691
350	23.252	27.678
351	23.426	27.72
352	23.625	27.759
353	23.84	27.784
354	24.103	27.727
355	24.368	27.786
356	24.67	27.796
357	25.015	27.788
358	25.372	27.768
359	25.757	27.747
360	26.171	27.777
361	26.618	27.741
362	27.065	27.728
363	27.568	27.717
364	28.092	27.668
365	28.618	27.588
366	29.142	27.609
367	29.706	27.556
368	30.248	27.63
369	30.826	27.671
370	31.408	27.636
371	31.995	27.632
372	32.586	27.65
373	33.169	27.575
374	33.761	27.573
375	34.324	27.591
376	34.918	27.545
377	35.487	27.501
378	36.036	27.444
379	36.532	27.449
380	37.041	27.443
381	37.514	27.406
382	37.914	27.403
383	38.297	27.376
384	38.633	27.383
385	38.908	27.386
386	39.139	27.414
387	39.326	27.459
388	39.462	27.433
389	39.558	27.432
390	39.58	27.474
391	39.555	27.467
392	39.433	27.54
393	39.325	27.524
394	39.109	27.501
395	38.828	27.549
396	38.542	27.57
397	38.186	27.614
398	37.825	27.662
399	37.454	27.626
400	37.025	27.654
401	36.562	27.665
402	36.049	27.724
403	35.552	27.771
404	35.038	27.822
405	34.511	27.768
406	33.974	27.742
407	33.425	27.756
408	32.883	27.819
409	32.365	27.858
410	31.833	27.858
411	31.303	27.867
412	30.782	27.87
413	30.266	27.907
414	29.753	27.914
415	29.259	27.947
416	28.804	27.927
417	28.373	27.896
418	27.939	27.884
419	27.523	27.949
420	27.141	27.913
421	26.744	27.924
422	26.391	27.899
423	26.041	27.867
424	25.703	27.906
425	25.387	27.843
426	25.087	27.879
427	24.829	27.784
428	24.574	27.737
429	24.334	27.723
430	24.1	27.798
431	23.884	27.837
432	23.695	27.813
433	23.498	27.815
434	23.321	27.786
435	23.176	27.744
436	23.017	27.793
437	22.906	27.735
438	22.799	27.758
439	22.727	27.783
440	22.669	27.799
441	22.626	27.793
442	22.607	27.761
443	22.601	27.691
444	22.626	27.694
445	22.666	27.71
446	22.745	27.681
447	22.829	27.664
448	22.949	27.68
449	23.087	27.622
450	23.255	27.652
451	23.442	27.601
452	23.654	27.615
453	23.888	27.626
454	24.146	27.624
455	24.457	27.571
456	24.778	27.552
457	25.124	27.531
458	25.511	27.491
459	25.896	27.489
460	26.311	27.484
461	26.777	27.379
462	27.232	27.4
463	27.733	27.351
464	28.216	27.363
465	28.74	27.307
466	29.289	27.286
467	29.845	27.289
468	30.398	27.364
469	30.982	27.292
470	31.577	27.271
471	32.161	27.281
472	32.767	27.278
473	33.34	27.246
474	33.917	27.22
475	34.483	27.166
476	35.02	27.191
477	35.575	27.195
478	36.096	27.183
479	36.583	27.183
480	36.976	27.247
481	37.428	27.238
482	37.8	27.248
483	38.146	27.277
484	38.483	27.27
485	38.78	27.301
486	38.982	27.343
487	39.156	27.366
488	39.281	27.356
489	39.388	27.282
490	39.406	27.322
491	39.371	27.303
492	39.261	27.275
493	39.164	27.246
494	38.937	27.328
495	38.658	27.414
496	38.377	27.418
497	38.011	27.515
498	37.634	27.581
499	37.219	27.668
500	36.798	27.713
501	36.373	27.697
502	35.877	27.702
503	35.383	27.749
504	34.871	27.743
505	34.39	27.712
506	33.817	27.783
507	33.308	27.796
508	32.773	27.816
509	32.234	27.809
510	31.7	27.834
511	31.174	27.874
512	30.664	27.901
513	30.165	27.946
514	29.679	28.004
515	29.209	28.011
516	28.746	28.086
517	28.294	28.178
518	27.86	28.194
519	27.485	28.17
520	27.098	28.128
521	26.719	28.14
522	26.378	28.104
523	26.044	28.062
524	25.727	28.031
525	25.398	28.1
526	25.082	28.16
527	24.806	28.143
528	24.523	28.152
529	24.295	28.157
530	24.065	28.162
531	23.873	28.079
532	23.662	28.109
533	23.492	28.055
534	23.323	28.101
535	23.171	28.11
536	23.054	28.104
537	22.953	28.053
538	22.848	28.035
539	22.767	28.019
540	22.71	28.001
541	22.663	27.993
542	22.659	27.902
543	22.655	27.834
544	22.64	27.836
545	22.696	27.794
546	22.757	27.819
547	22.825	27.811
548	22.933	27.786
549	23.07	27.794
550	23.242	27.735
551	23.431	27.681
552	23.644	27.702
553	23.903	27.647
554	24.178	27.645
555	24.474	27.629
556	24.795	27.637
557	25.131	27.655
558	25.485	27.671
559	25.873	27.655
560	26.261	27.659
561	26.698	27.584
562	27.128	27.623
563	27.618	27.593
564	28.124	27.56
565	28.636	27.506
566	29.178	27.418
567	29.724	27.445
568	30.3	27.469
569	30.909	27.389
570	31.489	27.356
571	32.065	27.319
572	32.688	27.269
573	33.257	27.342
574	33.836	27.323
575	34.409	27.268
576	34.982	27.261
577	35.518	27.275
578	36.033	27.241
579	36.502	27.228
580	36.93	27.245
581	37.346	27.27
582	37.772	27.198
583	38.143	27.157
584	38.472	27.166
585	38.797	27.117
586	39.017	27.188
587	39.227	27.125
588	39.365	27.102
589	39.391	27.178
590	39.412	27.2
591	39.382	27.256
592	39.282	27.277
593	39.086	27.344
594	38.89	27.419
595	38.66	27.463
596	38.365	27.524
597	38.051	27.554
598	37.699	27.553
599	37.328	27.566
600	36.913	27.624
601	36.48	27.636
602	36.016	27.625
603	35.531	27.704
604	34.993	27.786
605	34.514	27.75
606	34.001	27.748
607	33.473	27.817
608	32.942	27.828
609	32.417	27.785
610	31.884	27.812
611	31.342	27.878
612	30.841	27.922
613	30.344	27.965
614	29.879	27.906
615	29.386	28.002
616	28.912	28.05
617	28.452	28.046
618	28.041	28.057
619	27.624	28.027
620	27.215	28.032
621	26.843	27.931
622	26.469	27.925
623	26.122	27.884
624	25.773	27.91
625	25.45	27.872
626	25.141	27.893
627	24.849	27.854
628	24.579	27.82
629	24.336	27.781
630	24.091	27.833
631	23.873	27.863
632	23.673	27.822
633	23.474	27.921
634	23.31	27.935
635	23.156	27.942
636	23.024	27.895
637	22.889	27.922
638	22.786	27.905
639	22.708	27.873
640	22.674	27.812
641	22.637	27.788
642	22.644	27.791
643	22.64	27.721
644	22.639	27.761
645	22.683	27.704
646	22.748	27.728
647	22.831	27.678
648	22.937	27.708
649	23.072	27.654
650	23.235	27.629
651	23.419	27.598
652	23.635	27.633
653	23.857	27.651
654	24.127	27.625
655	24.423	27.573
656	24.736	27.487
657	25.092	27.473
658	25.475	27.384
659	25.839	27.416
660	26.234	27.431
661	26.692	27.354
662	27.176	27.313
663	27.651	27.283
664	28.142	27.32
665	28.64	27.324
666	29.183	27.304
667	29.715	27.299
668	30.296	27.301
669	30.904	27.232
670	31.487	27.235
671	32.086	27.188
672	32.681	27.242
673	33.279	27.222
674	33.881	27.215
675	34.439	27.279
676	34.999	27.259
677	35.535	27.194
678	36.08	27.162
679	36.577	27.166
680	37.041	27.153
681	37.469	27.199
682	37.85	27.197
683	38.21	27.169
684	38.534	27.198
685	38.819	27.18
686	39.068	27.21
687	39.229	27.234
688	39.383	27.263
689	39.482	27.26
690	39.499	27.269
691	39.468	27.288
692	39.365	27.3
693	39.209	27.29
694	39.01	27.344
695	38.724	27.451
696	38.443	27.486
697	38.125	27.499
698	37.773	27.537
699	37.344	27.58
700	36.928	27.528
701	36.486	27.589
702	36.018	27.694
703	35.512	27.733
704	34.988	27.744
705	34.467	27.751
706	33.934	27.779
707	33.414	27.817
708	32.88	27.859
709	32.382	27.81
710	31.849	27.857
711	31.305	27.884
712	30.788	27.891
713	30.236	27.928
714	29.731	27.944
715	29.26	27.896
716	28.784	27.891
717	28.343	27.847
718	27.901	27.907
719	27.501	27.912
720	27.14	27.887
721	26.749	27.92
722	26.375	27.939
723	26.017	27.929
724	25.703	27.894
725	25.387	27.955
726	25.071	27.991
727	24.804	27.974
728	24.545	27.989
729	24.304	27.993
730	24.077	28.027
731	23.876	28.023
732	23.652	28.035
733	23.469	27.998
734	23.308	27.999
735	23.174	27.948
736	23.04	27.943
737	22.927	27.951
738	22.857	27.881
739	22.766	27.909
740	22.699	27.964
741	22.651	27.962
742	22.643	28
743	22.645	27.996
744	22.651	28.002
745	22.679	27.948
746	22.747	27.951
747	22.819	27.944
748	22.932	27.942
749	23.063	27.936
750	23.236	27.908
751	23.439	27.816
752	23.633	27.786
753	23.873	27.73
754	24.135	27.705
755	24.403	27.723
756	24.696	27.737
757	25.045	27.688
758	25.412	27.695
759	25.786	27.701
760	26.196	27.659
761	26.638	27.609
762	27.093	27.599
763	27.571	27.577
764	28.097	27.474
765	28.624	27.457
766	29.192	27.435
767	29.732	27.398
768	30.301	27.309
769	30.882	27.288
770	31.456	27.311
771	32.052	27.289
772	32.665	27.253
773	33.259	27.245
774	33.824	27.279
775	34.382	27.301
776	34.954	27.307
777	35.528	27.304
778	36.045	27.274
779	36.527	27.291
780	37.019	27.279
781	37.48	27.26
782	37.88	27.267
783	38.211	27.344
784	38.534	27.289
785	38.821	27.297
786	39.003	27.354
787	39.183	27.352
788	39.273	27.424
789	39.355	27.473
790	39.382	27.424
791	39.33	27.382
792	39.243	27.431
793	39.101	27.52
794	38.919	27.486
795	38.681	27.523
796	38.383	27.525
797	38.061	27.542
798	37.719	27.525
799	37.383	27.524
800	36.96	27.552
801	36.483	27.592
802	35.988	27.606
803	35.497	27.656
804	35.022	27.666
805	34.519	27.657
806	33.997	27.697
807	33.454	27.728
808	32.966	27.681
809	32.436	27.719
810	31.902	27.728
811	31.385	27.75
812	30.878	27.736
813	30.383	27.739
814	29.877	27.781
815	29.391	27.801
816	28.913	27.875
817	28.441	27.914
818	28	27.854
819	27.576	27.887
820	27.173	27.901
821	26.783	27.949
822	26.395	27.992
823	26.027	28.022
824	25.671	28.017
825	25.354	27.944
826	25.056	27.939
827	24.777	27.939
828	24.512	27.929
829	24.256	27.885
830	24.023	27.868
831	23.803	27.822
832	23.623	27.8
833	23.421	27.825
834	23.242	27.861
835	23.102	27.872
836	22.992	27.815
837	22.879	27.811
838	22.787	27.814
839	22.699	27.818
840	22.638	27.873
841	22.608	27.827
842	22.6	27.755
843	22.606	27.784
844	22.632	27.756
845	22.69	27.693
846	22.768	27.611
847	22.876	27.528
848	22.994	27.53
849	23.129	27.501
850	23.293	27.547
851	23.494	27.508
852	23.696	27.506
853	23.936	27.549
854	24.204	27.575
855	24.493	27.582
856	24.8	27.57
857	25.118	27.591
858	25.474	27.575
859	25.876	27.567
860	26.267	27.569
861	26.699	27.554
862	27.158	27.528
863	27.64	27.497
864	28.138	27.486
865	28.656	27.433
866	29.179	27.429
867	29.729	27.437
868	30.289	27.416
869	30.85	27.446
870	31.427	27.417
871	32.006	27.444
872	32.581	27.479
873	33.166	27.437
874	33.742	27.46
875	34.303	27.446
876	34.84	27.48
877	35.364	27.52
878	35.872	27.459
879	36.37	27.439
880	36.818	27.431
881	37.273	27.468
882	37.694	27.443
883	38.059	27.465
884	38.387	27.478
885	38.693	27.418
886	38.899	27.477
887	39.092	27.512
888	39.212	27.543
889	39.306	27.562
890	39.343	27.575
891	39.318	27.618
892	39.251	27.631
893	39.123	27.688
894	38.979	27.683
895	38.726	27.733
896	38.458	27.768
897	38.138	27.77
898	37.806	27.804
899	37.441	27.796
900	37.031	27.804
901	36.578	27.801
902	36.129	27.768
903	35.651	27.842
904	35.162	27.873
905	34.658	27.844
906	34.122	27.864
907	33.595	27.901
908	33.098	27.883
909	32.553	27.888
910	32.022	27.963
911	31.532	27.936
912	31.002	27.961
913	30.488	27.977
914	29.975	27.982
915	29.46	28.074
916	29.002	28.073
917	28.53	28.046
918	28.082	28.03
919	27.635	28.059
920	27.235	28.026
921	26.831	28.043
922	26.438	28.098
923	26.069	28.131
924	25.732	28.159
925	25.412	28.162
926	25.11	28.142
927	24.826	28.165
928	24.551	28.122
929	24.29	28.092
930	24.049	28.147
931	23.827	28.135
932	23.604	28.152
933	23.392	28.174
934	23.228	28.117
935	23.072	28.097
936	22.933	28.091
937	22.821	28.058
938	22.732	28.009
939	22.684	27.958
940	22.66	27.868
941	22.601	27.889
942	22.599	27.918
943	22.604	27.925
944	22.62	27.944
945	22.668	27.924
946	22.746	27.881
947	22.844	27.852
948	22.957	27.785
949	23.099	27.742
950	23.241	27.789
951	23.425	27.813
952	23.64	27.738
953	23.889	27.721
954	24.143	27.71
955	24.44	27.66
956	24.771	27.558
957	25.129	27.53
958	25.529	27.47
959	25.921	27.442
960	26.362	27.434
961	26.784	27.424
962	27.221	27.448
963	27.709	27.42
964	28.206	27.396
965	28.709	27.381
966	29.264	27.305
967	29.792	27.26
968	30.362	27.231
969	30.966	27.151
970	31.535	27.166
971	32.109	27.182
972	32.743	27.131
973	33.333	27.133
974	33.899	27.126
975	34.491	27.084
976	35.056	27.051
977	35.594	27.112
978	36.098	27.135
979	36.573	27.159
980	36.998	27.219
981	37.442	27.273
982	37.842	27.269
983	38.163	27.239
984	38.478	27.295
985	38.711	27.308
986	38.945	27.315
987	39.142	27.278
988	39.252	27.306
989	39.284	27.339
990	39.296	27.394
991	39.246	27.457
992	39.153	27.478
993	39.003	27.506
994	38.777	27.53
995	38.55	27.587
996	38.273	27.603
997	37.925	27.656
998	37.57	27.643
999	37.164	27.687
1000	36.758	27.672
1001	36.28	27.751
1002	35.812	27.735
1003	35.343	27.717
1004	34.847	27.751
1005	34.39	27.73
1006	33.848	27.783
1007	33.333	27.783
1008	32.821	27.849
1009	32.282	27.878
1010	31.742	27.916
1011	31.23	27.932
1012	30.725	28.002
1013	30.224	28.057
1014	29.747	28.102
1015	29.279	28.065
1016	28.824	28.062
1017	28.38	28.095
1018	27.956	28.085
1019	27.56	28.085
1020	27.17	28.069
1021	26.798	28.062
1022	26.452	28.033
1023	26.106	28.026
1024	25.769	28.036
1025	25.45	28.014
1026	25.172	27.944
1027	24.895	27.977
1028	24.627	27.991
1029	24.385	27.973
1030	24.134	27.997
1031	23.917	27.973
1032	23.712	27.961
1033	23.521	27.968
1034	23.361	27.919
1035	23.217	27.916
1036	23.079	27.932
1037	22.945	27.924
1038	22.853	27.892
1039	22.772	27.872
1040	22.704	27.84
1041	22.644	27.876
1042	22.614	27.874
1043	22.611	27.85
1044	22.636	27.852
1045	22.676	27.879
1046	22.724	27.889
1047	22.804	27.873
1048	22.907	27.926
1049	23.042	27.923
1050	23.186	27.993
1051	23.375	28.005
1052	23.576	27.949
1053	23.803	27.922
1054	24.05	27.954
1055	24.348	27.87
1056	24.665	27.795
1057	25.017	27.738
1058	25.377	27.68
1059	25.757	27.737
1060	26.18	27.638
1061	26.622	27.575
1062	27.111	27.503
1063	27.597	27.474
1064	28.097	27.421
1065	28.635	27.422
1066	29.199	27.317
1067	29.752	27.353
1068	30.314	27.34
1069	30.852	27.379
1070	31.407	27.379
1071	32.042	27.325
1072	32.621	27.296
1073	33.25	27.26
1074	33.866	27.223
1075	34.476	27.127
1076	35.038	27.069
1077	35.58	27.091
1078	36.121	27.104
1079	36.661	27.023
1080	37.125	27.074
1081	37.565	27.113
1082	37.945	27.166
1083	38.326	27.214
1084	38.661	27.143
1085	38.929	27.155
1086	39.144	27.213
1087	39.321	27.234
1088	39.44	27.2
1089	39.524	27.234
1090	39.549	27.268
1091	39.516	27.324
1092	39.45	27.312
1093	39.297	27.366
1094	39.134	27.338
1095	38.936	27.275
1096	38.603	27.305
1097	38.276	27.354
1098	37.857	27.417
1099	37.398	27.469
1100	36.965	27.517
1101	36.483	27.604
1102	35.987	27.687
1103	35.474	27.745
1104	34.952	27.794
1105	34.421	27.775
1106	33.893	27.793
1107	33.369	27.744
1108	32.824	27.754
1109	32.298	27.788
1110	31.741	27.907
1111	31.226	27.89
1112	30.706	27.909
1113	30.195	27.979
1114	29.697	27.985
1115	29.195	28.039
1116	28.717	28.094
1117	28.262	28.075
1118	27.842	28.089
1119	27.43	28.096
1120	27.032	28.137
1121	26.646	28.183
1122	26.286	28.18
1123	25.948	28.131
1124	25.634	28.075
1125	25.311	28.112
1126	25.021	28.101
1127	24.757	28.009
1128	24.505	27.997
1129	24.253	28.05
1130	24.038	28.069
1131	23.803	28.125
1132	23.611	28.18
1133	23.425	28.194
1134	23.272	28.21
1135	23.145	28.157
1136	23.021	28.129
1137	22.91	28.138
1138	22.824	28.145
1139	22.747	28.157
1140	22.694	28.055
1141	22.665	27.973
1142	22.642	27.981
1143	22.642	27.901
1144	22.661	27.905
1145	22.693	27.889
1146	22.77	27.861
1147	22.86	27.819
1148	22.963	27.813
1149	23.107	27.817
1150	23.28	27.787
1151	23.458	27.76
1152	23.655	27.803
1153	23.892	27.741
1154	24.162	27.648
1155	24.446	27.656
1156	24.783	27.593
1157	25.116	27.59
1158	25.489	27.575
1159	25.864	27.529
1160	26.274	27.476
1161	26.699	27.476
1162	27.142	27.473
1163	27.62	27.42
1164	28.113	27.405
1165	28.624	27.405
1166	29.166	27.385
1167	29.739	27.316
1168	30.297	27.36
1169	30.898	27.315
1170	31.489	27.265
1171	32.064	27.214
1172	32.642	27.251
1173	33.234	27.226
1174	33.786	27.261
1175	34.354	27.258
1176	34.932	27.221
1177	35.508	27.2
1178	36.023	27.19
1179	36.556	27.191
1180	37.013	27.178
1181	37.44	27.132
1182	37.848	27.094
1183	38.214	27.065
1184	38.548	27.091
1185	38.827	27.117
1186	39.087	27.146
1187	39.294	27.131
1188	39.443	27.151
1189	39.492	27.21
1190	39.512	27.264
1191	39.468	27.265
1192	39.369	27.329
1193	39.208	27.356
1194	38.974	27.382
1195	38.732	27.396
1196	38.445	27.445
1197	38.128	27.416
1198	37.775	27.457
1199	37.4	27.469
1200	36.973	27.482
1201	36.528	27.521
1202	36.048	27.527
1203	35.559	27.57
1204	34.993	27.658
1205	34.452	27.697
1206	33.944	27.766
1207	33.388	27.856
1208	32.84	27.863
1209	32.308	27.854
1210	31.751	27.933
1211	31.215	27.902
1212	30.693	27.954
1213	30.178	27.976
1214	29.709	27.883
1215	29.241	27.894
1216	28.779	27.935
1217	28.316	27.916
1218	27.906	27.864
1219	27.465	27.937
1220	27.059	27.966
1221	26.684	27.95
1222	26.32	27.939
1223	25.971	27.927
1224	25.644	27.872
1225	25.321	27.891
1226	25.023	27.865
1227	24.758	27.831
1228	24.49	27.867
1229	24.263	27.788
1230	24.048	27.745
1231	23.83	27.711
1232	23.644	27.691
1233	23.472	27.702
1234	23.313	27.678
1235	23.173	27.677
1236	23.054	27.699
1237	22.949	27.635
1238	22.846	27.636
1239	22.773	27.664
1240	22.713	27.638
1241	22.677	27.634
1242	22.684	27.63
1243	22.695	27.642
1244	22.742	27.558
1245	22.789	27.549
1246	22.85	27.506
1247	22.94	27.515
1248	23.054	27.479
1249	23.182	27.469
1250	23.34	27.416
1251	23.52	27.453
1252	23.712	27.478
1253	23.933	27.506
1254	24.183	27.527
1255	24.465	27.514
1256	24.788	27.507
1257	25.131	27.453
1258	25.492	27.437
1259	25.877	27.44
1260	26.301	27.315
1261	26.724	27.274
1262	27.165	27.306
1263	27.666	27.274
1264	28.143	27.274
1265	28.679	27.268
1266	29.208	27.239
1267	29.724	27.248
1268	30.235	27.314
1269	30.783	27.343
1270	31.366	27.333
1271	31.953	27.341
1272	32.493	27.417
1273	33.064	27.422
1274	33.651	27.444
1275	34.233	27.432
1276	34.788	27.418
1277	35.321	27.396
1278	35.871	27.307
1279	36.41	27.29
1280	36.897	27.307
1281	37.313	27.327
1282	37.713	27.346
1283	38.075	27.355
1284	38.396	27.386
1285	38.653	27.464
1286	38.853	27.548
1287	39.034	27.52
1288	39.128	27.505
1289	39.24	27.515
1290	39.21	27.529
1291	39.15	27.587
1292	39.096	27.542
1293	39.008	27.512
1294	38.86	27.498
1295	38.675	27.527
1296	38.448	27.57
1297	38.225	27.517
1298	37.876	27.583
1299	37.493	27.617
1300	37.055	27.672
1301	36.612	27.643
1302	36.159	27.627
1303	35.703	27.654
1304	35.176	27.653
1305	34.647	27.709
1306	34.121	27.7
1307	33.589	27.739
1308	33.049	27.736
1309	32.508	27.762
1310	31.991	27.772
1311	31.464	27.762
1312	30.967	27.787
1313	30.449	27.856
1314	29.948	27.843
1315	29.474	27.814
1316	29.008	27.825
1317	28.549	27.857
1318	28.106	27.799
1319	27.679	27.817
1320	27.247	27.822
1321	26.824	27.843
1322	26.417	27.822
1323	26.048	27.819
1324	25.705	27.772
1325	25.396	27.749
1326	25.092	27.814
1327	24.802	27.824
1328	24.508	27.8
1329	24.241	27.834
1330	24.01	27.819
1331	23.799	27.86
1332	23.6	27.843
1333	23.425	27.885
1334	23.272	27.845
1335	23.131	27.839
1336	23.02	27.814
1337	22.908	27.787
1338	22.824	27.731
1339	22.754	27.713
1340	22.694	27.718
1341	22.665	27.674
1342	22.641	27.705
1343	22.644	27.718
1344	22.663	27.649
1345	22.7	27.653
1346	22.77	27.58
1347	22.868	27.572
1348	22.993	27.573
1349	23.127	27.62
1350	23.281	27.596
1351	23.464	27.576
1352	23.667	27.599
1353	23.889	27.662
1354	24.187	27.624
1355	24.471	27.601
1356	24.778	27.554
1357	25.106	27.51
1358	25.469	27.475
1359	25.839	27.465
1360	26.241	27.423
1361	26.655	27.42
1362	27.083	27.451
1363	27.577	27.462
1364	28.066	27.454
1365	28.577	27.483
1366	29.115	27.466
1367	29.659	27.438
1368	30.24	27.43
1369	30.809	27.451
1370	31.399	27.372
1371	31.988	27.393
1372	32.575	27.39
1373	33.135	27.39
1374	33.711	27.374
1375	34.281	27.42
1376	34.844	27.389
1377	35.43	27.368
1378	35.97	27.299
1379	36.437	27.288
1380	36.883	27.308
1381	37.277	27.378
1382	37.676	27.403
1383	38.024	27.366
1384	38.35	27.367
1385	38.634	27.41
1386	38.903	27.396
1387	39.092	27.418
1388	39.192	27.444
1389	39.282	27.494
1390	39.328	27.452
1391	39.285	27.496
1392	39.217	27.487
1393	39.095	27.504
1394	38.912	27.549
1395	38.709	27.626
1396	38.426	27.662
1397	38.105	27.739
1398	37.788	27.724
1399	37.415	27.737
1400	36.986	27.722
1401	36.562	27.751
1402	36.065	27.781
1403	35.588	27.841
1404	35.059	27.884
1405	34.576	27.866
1406	34.071	27.86
1407	33.548	27.882
1408	33.029	27.944
1409	32.502	27.965
1410	31.972	27.994
1411	31.429	28.011
1412	30.909	28.029
1413	30.396	28.001
1414	29.898	27.975
1415	29.4	28.035
1416	28.928	28.052
1417	28.461	28.112
1418	27.99	28.166
1419	27.575	28.133
1420	27.148	28.106
1421	26.763	28.067
1422	26.386	28.038
1423	26.028	27.989
1424	25.688	27.962
1425	25.362	28.005
1426	25.043	28.018
1427	24.753	28.018
1428	24.49	27.983
1429	24.252	27.974
1430	24.019	27.98
1431	23.812	27.949
1432	23.618	27.894
1433	23.444	27.884
1434	23.278	27.915
1435	23.131	27.884
1436	23.006	27.884
1437	22.913	27.814
1438	22.82	27.844
1439	22.74	27.858
1440	22.691	27.853
1441	22.665	27.837
1442	22.65	27.801
1443	22.663	27.713
1444	22.684	27.719
1445	22.728	27.744
1446	22.798	27.756
1447	22.897	27.722
1448	23.012	27.743
1449	23.15	27.73
1450	23.345	27.676
1451	23.527	27.702
1452	23.722	27.736
1453	23.95	27.743
1454	24.209	27.708
1455	24.488	27.671
1456	24.803	27.638
1457	25.133	27.64
1458	25.465	27.649
1459	25.849	27.569
1460	26.266	27.549
1461	26.708	27.522
1462	27.159	27.515
1463	27.634	27.485
1464	28.134	27.491
1465	28.643	27.478
1466	29.137	27.484
1467	29.692	27.424
1468	30.235	27.481
1469	30.785	27.487
1470	31.361	27.441
1471	31.953	27.434
1472	32.551	27.425
1473	33.133	27.433
1474	33.684	27.452
1475	34.222	27.405
1476	34.789	27.326
1477	35.362	27.249
1478	35.892	27.324
1479	36.38	27.375
1480	36.823	27.415
1481	37.251	27.464
1482	37.649	27.502
1483	38.051	27.491
1484	38.362	27.551
1485	38.644	27.567
1486	38.849	27.569
1487	39.026	27.597
1488	39.143	27.604
1489	39.232	27.589
1490	39.241	27.613
1491	39.269	27.615
1492	39.177	27.686
1493	39.054	27.687
1494	38.902	27.728
1495	38.695	27.764
1496	38.412	27.762
1497	38.087	27.811
1498	37.747	27.781
1499	37.362	27.843
1500	36.957	27.924
1501	36.525	27.936
1502	36.069	27.967
1503	35.598	27.878
1504	35.09	27.865
1505	34.597	27.886
1506	34.071	27.855
1507	33.524	27.927
1508	32.983	27.93
1509	32.475	27.9
1510	31.93	27.916
1511	31.41	27.929
1512	30.869	28
1513	30.383	28.028
1514	29.883	28.019
1515	29.417	27.98
1516	28.944	27.927
1517	28.498	27.899
1518	28.063	27.909
1519	27.633	27.908
1520	27.21	27.947
1521	26.803	27.988
1522	26.417	27.956
1523	26.055	27.98
1524	25.733	27.887
1525	25.404	27.876
1526	25.098	27.91
1527	24.81	27.892
1528	24.536	27.881
1529	24.29	27.894
1530	24.08	27.857
1531	23.86	27.895
1532	23.675	27.834
1533	23.503	27.811
1534	23.314	27.878
1535	23.158	27.855
1536	23.023	27.861
1537	22.926	27.767
1538	22.823	27.745
1539	22.741	27.77
1540	22.676	27.819
1541	22.636	27.845
1542	22.618	27.824
1543	22.605	27.839
1544	22.621	27.771
1545	22.674	27.738
1546	22.753	27.747
1547	22.842	27.769
1548	22.942	27.802
1549	23.069	27.887
1550	23.24	27.851
1551	23.426	27.783
1552	23.624	27.799
1553	23.86	27.813
1554	24.125	27.79
1555	24.391	27.749
1556	24.7	27.723
1557	25.046	27.687
1558	25.399	27.697
1559	25.824	27.636
1560	26.244	27.605
1561	26.69	27.595
1562	27.131	27.641
1563	27.595	27.655
1564	28.077	27.673
1565	28.598	27.642
1566	29.11	27.691
1567	29.653	27.693
1568	30.239	27.591
1569	30.835	27.618
1570	31.426	27.585
1571	31.996	27.566
1572	32.591	27.54
1573	33.187	27.528
1574	33.766	27.468
1575	34.325	27.493
1576	34.876	27.552
1577	35.424	27.538
1578	35.934	27.491
1579	36.424	27.509
1580	36.917	27.51
1581	37.397	27.485
1582	37.78	27.472
1583	38.139	27.453
1584	38.454	27.457
1585	38.74	27.463
1586	38.973	27.461
1587	39.178	27.441
1588	39.344	27.425
1589	39.476	27.372
1590	39.531	27.364
1591	39.541	27.279
1592	39.449	27.295
1593	39.314	27.33
1594	39.127	27.29
1595	38.866	27.323
1596	38.611	27.321
1597	38.257	27.33
1598	37.918	27.333
1599	37.549	27.339
1600	37.135	27.348
1601	36.683	27.382
1602	36.218	27.394
1603	35.729	27.418
1604	35.217	27.43
1605	34.665	27.484
1606	34.107	27.498
1607	33.578	27.535
1608	33.043	27.528
1609	32.48	27.512
1610	31.918	27.564
1611	31.358	27.634
1612	30.843	27.6
1613	30.319	27.622
1614	29.804	27.622
1615	29.293	27.655
1616	28.803	27.714
1617	28.355	27.754
1618	27.905	27.782
1619	27.473	27.868
1620	27.079	27.882
1621	26.685	27.917
1622	26.326	27.966
1623	25.971	27.968
1624	25.637	27.95
1625	25.316	27.976
1626	25.001	27.996
1627	24.702	28.008
1628	24.435	27.984
1629	24.195	27.967
1630	23.99	27.951
1631	23.782	27.913
1632	23.593	27.887
1633	23.443	27.989
1634	23.28	28.034
1635	23.153	28.042
1636	23.049	27.984
1637	22.922	28.044
1638	22.82	28.087
1639	22.751	28.12
1640	22.699	28.105
1641	22.664	28.134
1642	22.65	28.104
1643	22.65	28.146
1644	22.673	28.128
1645	22.71	28.116
1646	22.778	28.084
1647	22.877	28.04
1648	22.986	28.02
1649	23.121	28.009
1650	23.264	28.01
1651	23.472	27.967
1652	23.699	27.957
1653	23.93	28.016
1654	24.21	27.971
1655	24.477	27.904
1656	24.784	27.93
1657	25.096	27.984
1658	25.446	27.884
1659	25.836	27.798
1660	26.248	27.702
1661	26.687	27.706
1662	27.169	27.626
1663	27.656	27.58
1664	28.147	27.555
1665	28.656	27.539
1666	29.191	27.488
1667	29.733	27.488
1668	30.306	27.388
1669	30.877	27.374
1670	31.462	27.313
1671	32.045	27.28
1672	32.62	27.254
1673	33.175	27.307
1674	33.733	27.351
1675	34.329	27.258
1676	34.864	27.21
1677	35.4	27.2
1678	35.894	27.234
1679	36.343	27.271
1680	36.793	27.337
1681	37.227	27.317
1682	37.617	27.339
1683	37.944	27.34
1684	38.256	27.377
1685	38.529	27.406
1686	38.725	27.375
1687	38.867	27.425
1688	38.989	27.433
1689	39.079	27.426
1690	39.12	27.396
1691	39.127	27.399
1692	39.058	27.413
1693	38.899	27.53
1694	38.712	27.55
1695	38.468	27.67
1696	38.209	27.726
1697	37.913	27.757
1698	37.608	27.758
1699	37.268	27.777
1700	36.857	27.829
1701	36.415	27.875
1702	35.957	27.886
1703	35.504	27.873
1704	35.036	27.862
1705	34.543	27.909
1706	34.036	27.962
1707	33.562	27.914
1708	33.02	27.987
1709	32.518	28.039
1710	31.97	28.119
1711	31.45	28.191
1712	30.927	28.236
1713	30.439	28.238
1714	29.938	28.273
1715	29.464	28.34
1716	28.983	28.386
1717	28.534	28.407
1718	28.136	28.364
1719	27.708	28.385
1720	27.316	28.296
1721	26.923	28.285
1722	26.549	28.293
1723	26.213	28.262
1724	25.876	28.242
1725	25.527	28.326
1726	25.226	28.275
1727	24.936	28.303
1728	24.687	28.28
1729	24.415	28.284
1730	24.173	28.256
1731	23.944	28.274
1732	23.74	28.261
1733	23.565	28.244
1734	23.397	28.22
1735	23.257	28.162
1736	23.135	28.091
1737	23.05	28.033
1738	22.949	28.027
1739	22.891	28
1740	22.809	27.997
1741	22.765	27.993
1742	22.738	27.979
1743	22.712	27.965
1744	22.749	27.901
1745	22.773	27.981
1746	22.832	27.972
1747	22.911	27.963
1748	22.996	27.973
1749	23.133	27.938
1750	23.316	27.839
1751	23.502	27.863
1752	23.724	27.795
1753	23.937	27.775
1754	24.191	27.777
1755	24.482	27.724
1756	24.796	27.643
1757	25.116	27.561
1758	25.454	27.585
1759	25.82	27.542
1760	26.226	27.51
1761	26.645	27.512
1762	27.089	27.479
1763	27.564	27.468
1764	28.025	27.481
1765	28.553	27.47
1766	29.092	27.404
1767	29.642	27.351
1768	30.214	27.3
1769	30.778	27.322
1770	31.373	27.258
1771	31.957	27.214
1772	32.528	27.246
1773	33.115	27.171
1774	33.699	27.177
1775	34.267	27.175
1776	34.817	27.19
1777	35.312	27.247
1778	35.835	27.266
1779	36.335	27.258
1780	36.779	27.323
1781	37.206	27.359
1782	37.607	27.478
1783	37.999	27.444
1784	38.32	27.501
1785	38.597	27.516
1786	38.848	27.524
1787	39.037	27.519
1788	39.178	27.53
1789	39.27	27.498
1790	39.307	27.434
1791	39.273	27.464
1792	39.186	27.51
1793	39.069	27.555
1794	38.907	27.534
1795	38.696	27.536
1796	38.433	27.562
1797	38.159	27.551
1798	37.819	27.627
1799	37.411	27.616
1800	36.985	27.669
1801	36.566	27.689
1802	36.13	27.659
1803	35.642	27.704
1804	35.159	27.73
1805	34.671	27.716
1806	34.19	27.738
1807	33.666	27.752
1808	33.136	27.763
1809	32.615	27.783
1810	32.081	27.844
1811	31.539	27.878
1812	31.013	27.92
1813	30.511	27.917
1814	30.006	27.943
1815	29.517	28.011
1816	29.04	27.975
1817	28.58	27.965
1818	28.128	27.991
1819	27.706	28.001
1820	27.293	28.009
1821	26.871	28.107
1822	26.489	28.096
1823	26.127	28.076
1824	25.775	28.063
1825	25.436	28.111
1826	25.139	28.109
1827	24.848	28.153
1828	24.572	28.13
1829	24.317	28.131
1830	24.065	28.11
1831	23.821	28.09
1832	23.612	28.042
1833	23.43	28.017
1834	23.26	27.988
1835	23.116	27.936
1836	22.993	27.914
1837	22.879	27.881
1838	22.781	27.864
1839	22.715	27.865
1840	22.668	27.853
1841	22.634	27.912
1842	22.616	27.87
1843	22.625	27.816
1844	22.637	27.774
1845	22.661	27.824
1846	22.756	27.759
1847	22.859	27.727
1848	22.97	27.692
1849	23.102	27.712
1850	23.282	27.655
1851	23.436	27.679
1852	23.653	27.629
1853	23.898	27.545
1854	24.158	27.531
1855	24.455	27.51
1856	24.774	27.479
1857	25.111	27.456
1858	25.482	27.416
1859	25.865	27.346
1860	26.267	27.355
1861	26.693	27.343
1862	27.165	27.348
1863	27.641	27.311
1864	28.124	27.294
1865	28.626	27.251
1866	29.183	27.215
1867	29.747	27.231
1868	30.302	27.236
1869	30.876	27.251
1870	31.486	27.143
1871	32.059	27.064
1872	32.617	27.078
1873	33.215	27.068
1874	33.794	27.077
1875	34.345	27.029
1876	34.933	26.962
1877	35.458	26.954
1878	35.982	26.979
1879	36.517	26.94
1880	36.964	27.03
1881	37.366	27.06
1882	37.777	27.021
1883	38.112	27.019
1884	38.422	27.109
1885	38.711	27.123
1886	38.944	27.092
1887	39.096	27.132
1888	39.218	27.169
1889	39.294	27.159
1890	39.31	27.211
1891	39.197	27.264
1892	39.073	27.302
1893	38.933	27.33
1894	38.748	27.322
1895	38.525	27.353
1896	38.247	27.42
1897	37.981	27.443
1898	37.614	27.508
1899	37.24	27.551
1900	36.861	27.58
1901	36.409	27.598
1902	35.932	27.658
1903	35.438	27.696
1904	34.909	27.734
1905	34.425	27.656
1906	33.927	27.703
1907	33.416	27.805
1908	32.903	27.857
1909	32.388	27.857
1910	31.852	27.926
1911	31.332	27.992
1912	30.831	27.997
1913	30.319	28
1914	29.841	28.015
1915	29.37	27.996
1916	28.919	28.006
1917	28.489	28.026
1918	28.064	28.046
1919	27.645	28.116
1920	27.236	28.144
1921	26.851	28.149
1922	26.462	28.13
1923	26.107	28.109
1924	25.763	28.119
1925	25.442	28.096
1926	25.146	28.076
1927	24.869	28.069
1928	24.62	28.094
1929	24.365	28.125
1930	24.125	28.138
1931	23.907	28.108
1932	23.702	28.075
1933	23.501	28.109
1934	23.341	28.073
1935	23.209	27.956
1936	23.08	27.966
1937	22.956	27.927
1938	22.873	27.89
1939	22.79	27.858
1940	22.73	27.848
1941	22.705	27.766
1942	22.672	27.71
1943	22.68	27.67
1944	22.686	27.675
1945	22.706	27.736
1946	22.776	27.691
1947	22.855	27.68
1948	22.971	27.687
1949	23.118	27.637
1950	23.289	27.66
1951	23.485	27.695
1952	23.691	27.703
1953	23.903	27.691
1954	24.161	27.64
1955	24.441	27.599
1956	24.768	27.556
1957	25.083	27.592
1958	25.459	27.535
1959	25.84	27.497
1960	26.248	27.505
1961	26.683	27.467
1962	27.122	27.503
1963	27.594	27.533
1964	28.091	27.514
1965	28.6	27.507
1966	29.126	27.549
1967	29.662	27.557
1968	30.203	27.497
1969	30.799	27.429
1970	31.415	27.329
1971	31.991	27.318
1972	32.583	27.275
1973	33.154	27.25
1974	33.707	27.27
1975	34.248	27.229
1976	34.81	27.219
1977	35.36	27.162
1978	35.888	27.091
1979	36.398	27.071
1980	36.881	27.121
1981	37.288	27.151
1982	37.731	27.055
1983	38.135	27.013
1984	38.441	27.052
1985	38.716	26.994
1986	38.948	27.019
1987	39.176	26.995
1988	39.304	26.994
1989	39.387	27.06
1990	39.411	27.06
1991	39.425	27.042
1992	39.361	27.073
1993	39.218	27.18
1994	39.034	27.192
1995	38.798	27.265
1996	38.528	27.278
1997	38.22	27.331
1998	37.843	27.415
1999	37.485	27.427
2000	37.07	27.475
2001	36.595	27.451
2002	36.121	27.464
2003	35.664	27.524
2004	35.155	27.56
2005	34.644	27.553
2006	34.101	27.598
2007	33.563	27.68
2008	32.99	27.739
2009	32.45	27.79
2010	31.919	27.915
2011	31.403	27.93
2012	30.871	27.989
2013	30.361	28.026
2014	29.854	28.026
2015	29.376	28.009
2016	28.881	28.046
2017	28.424	28.031
2018	27.968	28.046
2019	27.536	28.072
2020	27.129	28.028
2021	26.743	28.034
2022	26.364	28.069
2023	26.038	28.012
2024	25.68	28.059
2025	25.353	28.073
2026	25.043	28.108
2027	24.769	28.132
2028	24.487	28.152
2029	24.248	28.134
2030	24.018	28.074
2031	23.807	28.052
2032	23.619	28.016
2033	23.423	28.076
2034	23.277	28.023
2035	23.122	28.003
2036	22.985	27.967
2037	22.875	27.908
2038	22.801	27.882
2039	22.734	27.84
2040	22.693	27.87
2041	22.664	27.832
2042	22.65	27.846
2043	22.665	27.816
2044	22.698	27.77
2045	22.747	27.789
2046	22.812	27.805
2047	22.907	27.769
2048	23.016	27.75
2049	23.185	27.661
2050	23.351	27.657
2051	23.533	27.665
2052	23.739	27.608
2053	23.976	27.602
2054	24.223	27.623
2055	24.506	27.525
2056	24.83	27.453
2057	25.156	27.416
2058	25.535	27.35
2059	25.908	27.322
2060	26.326	27.275
2061	26.759	27.251
2062	27.213	27.251
2063	27.662	27.226
2064	28.147	27.178
2065	28.632	27.171
2066	29.144	27.164
2067	29.71	27.13
2068	30.247	27.133
2069	30.791	27.175
2070	31.373	27.159
2071	31.954	27.177
2072	32.499	27.212
2073	33.06	27.218
2074	33.591	27.262
2075	34.153	27.192
2076	34.696	27.214
2077	35.215	27.265
2078	35.737	27.219
2079	36.198	27.264
2080	36.65	27.423
2081	37.083	27.44
2082	37.475	27.453
2083	37.837	27.457
2084	38.176	27.51
2085	38.431	27.504
2086	38.678	27.529
2087	38.872	27.47
2088	39.044	27.476
2089	39.142	27.562
2090	39.182	27.562
2091	39.149	27.6
2092	39.057	27.63
2093	38.978	27.584
2094	38.851	27.557
2095	38.625	27.551
2096	38.387	27.542
2097	38.119	27.521
2098	37.807	27.546
2099	37.452	27.541
2100	37.048	27.632
2101	36.659	27.603
2102	36.211	27.629
2103	35.698	27.676
2104	35.236	27.665
2105	34.726	27.675
2106	34.168	27.795
2107	33.656	27.791
2108	33.149	27.8
2109	32.616	27.791
2110	32.104	27.786
2111	31.563	27.836
2112	31.054	27.882
2113	30.493	27.959
2114	29.999	27.951
2115	29.518	27.998
2116	29.061	28.012
2117	28.589	28.048
2118	28.144	28.094
2119	27.701	28.161
2120	27.28	28.215
2121	26.867	28.229
2122	26.487	28.255
2123	26.123	28.207
2124	25.766	28.217
2125	25.445	28.165
2126	25.12	28.183
2127	24.831	28.152
2128	24.562	28.154
2129	24.304	28.109
2130	24.094	28.066
2131	23.894	27.996
2132	23.694	28.06
2133	23.491	28.069
2134	23.314	28.096
2135	23.152	28.143
2136	23.005	28.16
2137	22.892	28.204
2138	22.812	28.134
2139	22.734	28.12
2140	22.659	28.13
2141	22.62	28.085
2142	22.623	28.031
2143	22.624	28.008
2144	22.644	27.975
2145	22.699	27.912
2146	22.774	27.914
2147	22.868	27.823
2148	22.972	27.85
2149	23.127	27.78
2150	23.282	27.782
2151	23.473	28.079
2152	23.67	28.12
2153	23.933	28.068
2154	24.194	28.089
2155	24.455	28.055
2156	24.763	28.019
2157	25.104	27.967
2158	25.477	27.902
2159	25.87	27.809
2160	26.296	27.789
2161	26.747	27.752
2162	27.193	27.676
2163	27.679	27.68
2164	28.176	27.7
2165	28.708	27.616
2166	29.235	27.611
2167	29.754	27.6
2168	30.291	27.642
2169	30.833	27.68
2170	31.393	27.689
2171	31.964	27.647
2172	32.539	27.676
2173	33.136	27.645
2174	33.69	27.669
2175	34.268	27.675
2176	34.796	27.334
2177	35.326	27.287
2178	35.779	27.289
2179	36.273	27.276
2180	36.747	27.323
2181	37.22	27.312
2182	37.594	27.338
2183	37.974	27.366
2184	38.25	27.466
2185	38.525	27.461
2186	38.72	27.481
2187	38.897	27.56
2188	39.023	27.562
2189	39.092	27.579
2190	39.101	27.639
2191	39.086	27.684
2192	39	27.707
2193	38.903	27.654
2194	38.779	27.641
2195	38.613	27.653
2196	38.368	27.695
2197	38.116	27.714
2198	37.783	27.697
2199	37.415	27.742
2200	37.01	27.756
2201	36.607	27.801
2202	36.211	27.808
2203	35.764	27.853
2204	35.265	27.885
2205	34.77	27.888
2206	34.224	27.949
2207	33.686	27.987
2208	33.127	28.025
2209	32.65	27.988
2210	32.118	28.001
2211	31.6	27.993
2212	31.086	28.024
2213	30.572	28.058
2214	30.074	28.029
2215	29.625	28.041
2216	29.154	28.047
2217	28.698	28.065
2218	28.248	28.119
2219	27.814	28.067
2220	27.367	28.108
2221	26.945	28.139
2222	26.531	28.129
2223	26.153	28.208
2224	25.808	28.147
2225	25.477	28.132
2226	25.159	28.068
2227	24.838	28.108
2228	24.556	28.079
2229	24.294	28.054
2230	24.031	28.05
2231	23.805	28.057
2232	23.617	28.036
2233	23.433	28.018
2234	23.256	28.01
2235	23.104	28.037
2236	22.99	27.965
2237	22.876	27.92
2238	22.774	27.918
2239	22.702	27.921
2240	22.644	27.885
2241	22.605	27.864
2242	22.595	27.852
2243	22.609	27.784
2244	22.635	27.758
2245	22.684	27.744
2246	22.752	27.754
2247	22.832	27.808
2248	22.958	27.79
2249	23.097	27.807
2250	23.264	27.824
2251	23.451	27.887
2252	23.673	27.846
2253	23.875	27.806
2254	24.149	27.773
2255	24.449	27.737
2256	24.763	27.691
2257	25.101	27.659
2258	25.456	27.646
2259	25.832	27.638
2260	26.251	27.591
2261	26.663	27.659
2262	27.11	27.61
2263	27.593	27.587
2264	28.102	27.566
2265	28.618	27.55
2266	29.149	27.503
2267	29.684	27.51
2268	30.238	27.506
2269	30.797	27.51
2270	31.379	27.488
2271	31.996	27.4
2272	32.601	27.333
2273	33.177	27.293
2274	33.758	27.22
2275	34.32	27.2
2276	34.886	27.144
2277	35.421	27.095
2278	36.009	27.145
2279	36.493	27.181
2280	36.958	27.189
2281	37.42	27.184
2282	37.773	27.27
2283	38.133	27.282
2284	38.459	27.263
2285	38.728	27.266
2286	38.975	27.263
2287	39.165	27.298
2288	39.305	27.258
2289	39.323	27.296
2290	39.298	27.338
2291	39.255	27.384
2292	39.195	27.334
2293	39.026	27.409
2294	38.847	27.434
2295	38.615	27.426
2296	38.35	27.468
2297	38.046	27.508
2298	37.727	27.53
2299	37.335	27.649
2300	36.927	27.679
2301	36.483	27.744
2302	36.017	27.828
2303	35.534	27.79
2304	35.046	27.779
2305	34.518	27.842
2306	33.983	27.873
2307	33.485	27.85
2308	32.947	27.887
2309	32.419	27.893
2310	31.892	27.915
2311	31.353	27.942
2312	30.821	27.971
2313	30.311	28.005
2314	29.827	28.043
2315	29.361	28.012
2316	28.892	28.024
2317	28.442	28.072
2318	28.023	28.081
2319	27.613	28.132
2320	27.186	28.191
2321	26.794	28.191
2322	26.426	28.201
2323	26.05	28.225
2324	25.716	28.218
2325	25.401	28.209
2326	25.099	28.164
2327	24.812	28.172
2328	24.548	28.233
2329	24.294	28.192
2330	24.064	28.19
2331	23.845	28.165
2332	23.667	28.115
2333	23.518	28.078
2334	23.352	28.121
2335	23.203	28.138
2336	23.084	28.082
2337	22.982	28.068
2338	22.882	28.076
2339	22.805	28.026
2340	22.742	28.014
2341	22.717	28.011
2342	22.688	27.999
2343	22.703	27.933
2344	22.727	27.887
2345	22.777	27.872
2346	22.831	27.87
2347	22.911	27.793
2348	23.029	27.741
2349	23.168	27.701
2350	23.316	27.698
2351	24.016	27.763
2352	24.235	27.704
2353	24.47	27.651
2354	24.727	27.709
2355	25.005	27.671
2356	25.296	27.653
2357	25.613	27.645
2358	25.953	27.596
2359	26.327	27.58
2360	26.728	27.515
2361	27.165	27.485
2362	27.612	27.46
2363	28.094	27.455
2364	28.59	27.407
2365	29.091	27.42
2366	29.608	27.382
2367	30.149	27.352
2368	30.678	27.326
2369	31.21	27.337
2370	31.784	27.294
2371	32.348	27.237
2372	32.898	27.315
2373	34.064	27.355
2374	34.586	27.407
2375	35.134	27.411
2376	34.796	27.368
2377	35.272	27.384
2378	35.751	27.411
2379	36.216	27.369
2380	36.674	27.382
2381	37.099	27.36
2382	37.475	27.345
2383	37.795	27.389
2384	38.068	27.441
2385	38.318	27.484
2386	38.513	27.534
2387	38.694	27.551
2388	38.806	27.554
2389	38.882	27.633
2390	38.919	27.664
2391	38.888	27.671
2392	38.794	27.738
2393	38.72	27.761
2394	38.574	27.79
2395	38.378	27.788
2396	38.137	27.841
2397	37.882	27.842
2398	36.843	27.869
2399	36.54	27.845
2400	36.148	27.892
2401	35.768	27.929
2402	35.347	27.987
2403	34.941	27.97
2404	34.506	27.959
2405	34.051	27.964
2406	33.591	28.047
2407	33.094	28.089
2408	32.627	28.098
2409	32.169	28.062
2410	31.695	28.03
2411	31.251	27.973
2412	30.78	28.01
2413	30.301	27.993
2414	29.842	27.961
2415	29.381	27.94
2416	28.947	27.96
2417	28.545	27.921
2418	28.11	27.959
2419	27.708	27.925
2420	27.312	27.967
2421	26.925	28.004
2422	26.555	27.992
2423	26.213	27.938
2424	25.885	27.926
2425	25.593	27.868
2426	25.298	27.831
2427	25.034	27.82
2428	24.741	27.846
2429	24.475	27.904
2430	24.229	27.895
2431	24.007	27.876
2432	23.821	27.885
2433	23.628	27.898
2434	23.461	27.867
2435	23.302	27.924
2436	23.129	27.992
2437	22.997	27.985
2438	22.89	28.007
2439	22.805	27.994
2440	22.724	28.033
2441	22.672	27.981
2442	22.619	27.984
2443	22.602	27.936
2444	22.613	27.944
2445	22.65	27.904
2446	22.718	27.845
2447	22.806	27.845
2448	22.91	27.87
2449	23.042	27.864
2450	23.191	27.891
2451	23.365	27.865
2452	23.574	27.782
2453	23.807	27.745
2454	24.065	27.726
2455	24.356	27.691
2456	24.662	27.678
2457	24.99	27.651
2458	25.35	27.561
2459	25.737	27.523
2460	26.154	27.445
2461	26.606	27.36
2462	27.088	27.309
2463	27.586	27.241
2464	28.089	27.27
2465	28.64	27.194
2466	29.161	27.239
2467	29.746	27.206
2468	30.317	27.171
2469	30.902	27.122
2470	31.462	27.145
2471	32.018	27.204
2472	32.601	27.172
2473	33.194	27.159
2474	33.763	27.098
2475	34.342	27.053
2476	34.927	27.062
2477	35.468	27.082
2478	36.006	27.051
2479	36.528	27.046
2480	36.986	27.111
2481	37.427	27.09
2482	37.817	27.096
2483	38.201	27.152
2484	38.489	27.243
2485	38.768	27.277
2486	38.958	27.367
2487	39.062	27.413
2488	39.168	27.475
2489	39.264	27.443
2490	39.244	27.472
2491	39.221	27.457
2492	39.126	27.482
2493	38.988	27.555
2494	38.778	27.611
2495	38.574	27.621
2496	38.341	27.597
2497	38.037	27.573
2498	37.692	27.549
2499	37.279	27.679
2500	36.854	27.707
2501	36.372	27.777
2502	35.917	27.759
2503	35.433	27.787
2504	34.935	27.807
2505	34.447	27.793
2506	33.938	27.807
2507	33.401	27.828
2508	32.866	27.864
2509	32.341	27.9
2510	31.815	27.921
2511	31.3	27.934
2512	30.836	27.92
2513	30.315	27.978
2514	29.81	28
2515	29.349	28.032
2516	28.901	28.125
2517	28.438	28.184
2518	27.993	28.202
2519	27.599	28.194
2520	27.202	28.173
2521	26.804	28.162
2522	26.433	28.184
2523	26.084	28.231
2524	25.781	28.159
2525	25.466	28.151
2526	25.17	28.13
2527	24.857	28.249
2528	24.584	28.292
2529	24.329	28.265
2530	24.091	28.222
2531	23.87	28.254
2532	23.692	28.24
2533	23.507	28.167
2534	23.355	28.064
2535	23.209	28.051
2536	23.094	27.997
2537	22.949	28.039
2538	22.873	28
2539	22.781	28.035
2540	22.707	28.075
2541	22.647	28.062
2542	22.629	27.992
2543	22.623	28.016
2544	22.636	28.009
2545	22.68	27.981
2546	22.753	27.981
2547	22.836	28.005
2548	22.938	28.005
2549	23.064	28.019
2550	23.233	28.007
2551	23.424	27.961
2552	23.661	27.853
2553	23.906	27.857
2554	24.156	27.892
2555	24.437	27.918
2556	24.759	27.878
2557	25.098	27.863
2558	25.457	27.881
2559	25.841	27.845
2560	26.249	27.821
2561	26.685	27.829
2562	27.168	27.792
2563	27.648	27.754
2564	28.161	27.682
2565	28.693	27.618
2566	29.243	27.533
2567	29.798	27.549
2568	30.402	27.479
2569	30.969	27.492
2570	31.541	27.444
2571	32.155	27.412
2572	32.738	27.415
2573	33.335	27.396
2574	33.888	27.417
2575	34.434	27.426
2576	34.981	27.406
2577	35.363	27.436
2578	35.824	27.466
2579	36.329	27.447
2580	36.766	27.461
2581	37.178	27.498
2582	37.553	27.525
2583	37.907	27.513
2584	38.224	27.524
2585	38.466	27.591
2586	38.719	27.568
2587	38.88	27.522
2588	39.002	27.553
2589	39.076	27.582
2590	39.118	27.582
2591	39.127	27.618
2592	39.037	27.661
2593	38.875	27.689
2594	38.701	27.69
2595	38.497	27.746
2596	38.205	27.726
2597	37.902	27.75
2598	37.551	27.785
2599	37.209	27.787
2600	36.828	27.812
2601	36.399	27.804
2602	36.155	27.785
2603	35.729	27.718
2604	35.25	27.715
2605	34.766	27.697
2606	34.265	27.681
2607	33.74	27.686
2608	33.218	27.741
2609	32.696	27.807
2610	32.154	27.828
2611	31.602	27.892
2612	31.083	27.929
2613	30.6	27.928
2614	30.1	27.897
2615	29.603	27.932
2616	29.103	27.974
2617	28.652	27.9
2618	28.188	27.952
2619	27.756	27.959
2620	27.355	27.99
2621	26.948	27.9
2622	26.574	27.91
2623	26.232	27.896
2624	25.893	27.877
2625	25.556	27.875
2626	25.25	27.911
2627	24.914	27.901
2628	24.637	27.939
2629	24.366	27.929
2630	24.121	27.962
2631	23.885	27.981
2632	23.668	27.977
2633	23.485	27.942
2634	23.295	27.997
2635	23.159	27.978
2636	23.036	27.925
2637	22.927	27.902
2638	22.805	27.926
2639	22.728	27.952
2640	22.667	27.914
2641	22.63	27.822
2642	22.616	27.81
2643	22.631	27.732
2644	22.662	27.713
2645	22.691	27.717
2646	22.76	28.451
2647	22.855	28.399
2648	22.94	28.449
2649	23.072	28.43
2650	23.225	28.397
2651	23.405	28.424
2652	23.627	28.43
2653	23.863	28.374
2654	24.133	28.361
2655	24.407	28.362
2656	24.714	28.33
2657	25.069	28.271
2658	25.424	28.258
2659	25.805	28.234
2660	26.214	28.218
2661	26.632	28.232
2662	27.091	28.25
2663	27.575	28.175
2664	28.064	28.147
2665	28.585	28.158
2666	29.115	28.164
2667	29.648	28.167
2668	30.206	28.182
2669	30.795	28.161
2670	31.355	28.127
2671	31.936	27.493
2672	32.52	27.48
2673	33.117	27.409
2674	33.688	27.415
2675	34.277	27.432
2676	34.841	27.384
2677	35.393	27.381
2678	35.901	27.368
2679	36.418	27.371
2680	36.919	27.335
2681	37.363	27.35
2682	37.775	27.326
2683	38.094	27.388
2684	38.437	27.335
2685	38.693	27.363
2686	38.89	27.397
2687	39.001	27.431
2688	39.143	27.417
2689	39.247	27.436
2690	39.282	27.437
2691	39.24	27.484
2692	39.207	27.526
2693	39.075	27.563
2694	38.828	27.641
2695	38.628	27.684
2696	38.358	27.705
2697	38.036	28.141
2698	37.691	28.192
2699	37.296	28.224
2700	36.893	28.217
2701	36.439	28.276
2702	35.926	28.351
2703	35.446	28.434
2704	34.908	28.489
2705	34.403	28.475
2706	33.897	28.497
2707	33.369	28.533
2708	32.866	28.536
2709	32.354	28.567
2710	31.86	28.495
2711	31.375	28.458
2712	30.91	28.459
2713	30.418	28.48
2714	29.918	28.523
2715	29.429	28.538
2716	28.971	28.519
2717	28.498	28.488
2718	28.064	28.437
2719	27.661	28.423
2720	27.25	28.425
2721	26.872	28.495
2722	26.507	28.088
2723	26.158	28.091
2724	25.832	28.069
2725	25.399	28.109
2726	25.114	28.08
2727	24.851	28.028
2728	24.586	28.028
2729	24.34	28.032
2730	24.103	28.027
2731	23.879	27.966
2732	23.679	27.995
2733	23.528	27.969
2734	23.363	27.978
2735	23.216	28.034
2736	23.081	28.07
2737	22.981	28.03
2738	22.875	28.022
2739	22.794	28.026
2740	22.748	27.986
2741	22.719	27.963
2742	22.695	27.964
2743	22.697	27.935
2744	22.72	27.907
2745	22.758	27.882
2746	22.818	27.821
2747	22.908	27.785
2748	23.015	27.742
2749	23.151	27.699
2750	23.416	27.655
2751	23.59	27.672
2752	23.795	27.67
2753	24.015	27.678
2754	24.279	27.642
2755	24.566	27.66
2756	24.882	27.677
2757	25.199	27.686
2758	25.524	27.656
2759	25.909	27.626
2760	26.316	27.584
2761	26.729	27.575
2762	27.153	27.592
2763	27.622	27.625
2764	28.119	27.602
2765	28.618	27.614
2766	29.127	27.641
2767	29.675	27.635
2768	30.228	27.66
2769	30.797	27.569
2770	31.383	27.588
2771	31.956	27.57
2772	32.52	27.583
2773	33.099	27.542
2774	33.655	27.584
2775	34.2	27.617
2776	34.752	27.614
2777	35.289	27.614
2778	35.792	27.625
2779	36.287	27.621
2780	36.748	27.609
2781	37.179	27.566
2782	37.603	27.55
2783	38.006	27.563
2784	38.319	27.564
2785	38.589	27.53
2786	38.844	27.493
2787	38.997	27.531
2788	39.103	27.597
2789	39.188	27.568
2790	39.224	27.558
2791	39.18	27.608
2792	39.125	27.653
2793	39.015	27.67
2794	38.876	27.754
2795	38.672	27.736
2796	38.43	27.767
2797	38.136	27.772
2798	37.786	27.8
2799	37.429	27.795
2800	37.022	27.801
2801	36.583	27.813
2802	36.157	27.815
2803	35.73	27.783
2804	35.234	27.796
2805	34.739	27.796
2806	34.216	27.881
2807	33.683	27.929
2808	33.133	27.939
2809	32.598	27.946
2810	32.052	28.073
2811	31.53	28.103
2812	31.035	28.024
2813	30.536	27.995
2814	30.026	28.065
2815	29.535	28.073
2816	29.093	28.047
2817	28.63	28.04
2818	28.167	28.056
2819	27.708	28.085
2820	27.293	28.062
2821	26.886	28.107
2822	26.506	28.087
2823	26.126	28.179
2824	25.787	28.196
2825	25.466	28.175
2826	25.16	28.162
2827	24.853	28.151
2828	24.571	28.161
2829	24.299	28.173
2830	24.05	28.231
2831	23.814	28.266
2832	23.613	28.242
2833	23.423	28.258
2834	23.256	28.272
2835	23.107	28.191
2836	22.982	28.125
2837	22.877	28.113
2838	22.782	28.071
2839	22.713	28.007
2840	22.653	28.014
2841	22.601	27.974
2842	22.563	28
2843	22.562	28.027
2844	22.596	28.005
2845	22.648	27.996
2846	22.723	27.911
2847	22.811	27.955
2848	22.936	27.87
2849	23.064	27.855
2850	23.235	27.837
2851	23.418	27.827
2852	23.628	27.847
2853	23.872	27.774
2854	24.157	27.769
2855	24.453	27.686
2856	24.786	27.579
2857	25.127	27.515
2858	25.507	27.476
2859	25.898	27.431
2860	26.324	27.413
2861	26.742	27.447
2862	27.193	27.481
2863	27.695	27.485
2864	28.188	27.466
2865	28.709	27.464
2866	29.26	27.438
2867	29.809	27.466
2868	30.382	27.423
2869	30.948	27.333
2870	31.526	27.333
2871	32.09	27.371
2872	32.698	27.342
2873	33.294	27.31
2874	33.87	27.267
2875	34.394	27.296
2876	34.951	27.271
2877	35.471	27.246
2878	35.955	27.316
2879	36.416	27.314
2880	36.859	27.336
2881	37.257	27.401
2882	37.64	27.421
2883	37.977	27.443
2884	38.262	27.506
2885	38.516	27.555
2886	38.766	27.522
2887	38.935	27.551
2888	39.014	27.573
2889	39.08	27.65
2890	39.1	27.623
2891	39.09	27.673
2892	39.04	27.64
2893	38.882	27.691
2894	38.689	27.744
2895	38.445	27.803
2896	38.18	27.832
2897	37.847	27.881
2898	37.519	27.942
2899	37.158	27.982
2900	36.762	28.008
2901	36.342	28.004
2902	35.903	28.022
2903	35.42	28.061
2904	34.967	28.072
2905	34.477	28.126
2906	33.973	28.18
2907	33.492	28.206
2908	32.981	28.24
2909	32.495	28.174
2910	31.976	28.145
2911	31.466	28.211
2912	30.949	28.231
2913	30.479	28.237
2914	29.999	28.173
2915	29.521	28.185
2916	29.03	28.214
2917	28.581	28.182
2918	28.165	28.092
2919	27.779	28.117
2920	27.361	28.118
2921	26.988	28.097
2922	26.611	28.096
2923	26.243	28.059
2924	25.905	28.037
2925	25.591	27.976
2926	25.272	27.95
2927	24.961	28.002
2928	24.7	27.947
2929	24.427	27.921
2930	24.185	27.894
2931	23.976	27.789
2932	23.746	27.794
2933	23.778	27.817
2934	23.587	27.859
2935	23.435	27.89
2936	23.283	27.883
2937	23.175	27.855
2938	23.07	27.809
2939	22.989	27.833
2940	22.918	27.868
2941	22.87	27.831
2942	22.834	27.831
2943	22.838	27.863
2944	22.829	27.875
2945	22.878	27.834
2946	22.915	27.836
2947	23.001	27.771
2948	23.099	27.769
2949	23.211	27.768
2950	23.365	27.75
2951	23.541	27.776
2952	23.777	27.699
2953	24.027	27.658
2954	24.275	27.644
2955	24.545	27.638
2956	24.823	27.711
2957	25.146	27.733
2958	25.274	27.636
2959	25.662	27.576
2960	26.071	27.501
2961	26.502	27.434
2962	26.948	27.436
2963	27.407	27.431
2964	27.884	27.417
2965	28.397	27.412
2966	28.919	27.407
2967	29.465	27.426
2968	30.006	27.438
2969	30.587	27.388
2970	31.169	27.395
2971	31.787	27.365
2972	32.362	27.382
2973	32.963	27.35
2974	33.553	27.375
2975	34.129	27.407
2976	34.72	27.405
2977	35.23	27.426
2978	35.736	27.405
2979	36.271	27.397
2980	36.769	27.36
2981	37.23	27.365
2982	37.641	27.389
2983	37.988	27.404
2984	38.314	27.471
2985	38.592	27.532
2986	38.833	27.54
2987	39.032	27.546
2988	39.169	27.575
2989	39.282	27.572
2990	39.331	27.536
2991	39.345	27.546
2992	39.277	27.518
2993	39.168	27.479
2994	38.983	27.526
2995	38.758	27.538
2996	38.484	27.545
2997	38.207	27.547
2998	37.853	27.611
2999	37.496	27.626
3000	37.078	27.654
3001	36.628	27.668
3002	36.182	27.661
3003	35.69	27.744
3004	35.167	27.75
3005	34.67	27.784
3006	34.169	27.737
3007	33.646	27.729
3008	33.114	27.764
3009	32.581	27.766
3010	32.044	27.784
3011	31.528	27.834
3012	30.978	27.861
3013	30.493	27.858
3014	29.987	27.884
3015	29.509	27.908
3016	29.037	27.902
3017	28.574	27.919
3018	28.124	27.996
3019	27.691	28.02
3020	27.251	27.996
3021	26.842	28.035
3022	26.455	28.014
3023	26.113	28.007
3024	25.763	27.974
3025	25.434	27.952
3026	25.13	27.968
3027	24.844	28.002
3028	24.576	27.994
3029	24.319	28.03
3030	24.075	28.023
3031	23.855	28.014
3032	23.661	27.968
3033	23.478	27.936
3034	23.322	27.909
3035	23.184	27.868
3036	23.047	27.888
3037	22.971	27.84
3038	22.858	27.838
3039	22.773	27.81
3040	22.706	27.815
3041	22.664	27.771
3042	22.666	27.759
3043	22.662	27.716
3044	22.691	27.656
3045	22.76	27.642
3046	22.831	27.598
3047	22.925	27.603
3048	23.022	27.595
3049	23.152	27.591
3050	23.303	27.625
3051	23.49	27.597
3052	23.675	27.609
3053	23.903	27.557
3054	24.17	27.519
3055	24.443	27.509
3056	24.76	27.492
3057	25.089	27.489
3058	25.441	27.529
3059	25.808	27.528
3060	26.183	27.563
3061	26.609	27.551
3062	27.057	27.553
3063	27.537	27.506
3064	28.034	27.491
3065	28.538	27.491
3066	29.062	27.534
3067	29.59	27.489
3068	30.149	27.359
3069	30.72	27.356
3070	31.293	27.33
3071	31.884	27.342
3072	32.455	27.333
3073	33.042	27.302
3074	33.613	27.302
3075	34.214	27.241
3076	34.765	27.232
3077	35.326	27.207
3078	35.855	27.211
3079	36.342	27.223
3080	36.84	27.223
3081	37.28	27.224
3082	37.701	27.235
3083	38.066	27.214
3084	38.418	27.196
3085	38.751	27.164
3086	38.976	27.337
3087	39.148	27.349
3088	39.244	27.442
3089	39.331	27.436
3090	39.349	27.451
3091	39.365	27.441
3092	39.279	27.507
3093	39.16	27.629
3094	38.947	27.734
3095	38.731	27.788
3096	38.468	27.795
3097	38.159	27.876
3098	37.807	27.884
3099	37.471	27.899
3100	37.035	27.911
3101	36.567	27.979
3102	36.121	27.941
3103	35.597	28.031
3104	35.099	28.027
3105	34.578	28.067
3106	34.015	28.17
3107	33.483	28.199
3108	32.954	28.206
3109	32.409	28.261
3110	31.87	28.28
3111	31.363	28.111
3112	30.825	28.133
3113	30.339	28.123
3114	29.846	28.148
3115	29.402	28.124
3116	28.898	28.079
3117	28.456	28.042
3118	28.002	28.044
3119	27.606	28.009
3120	27.19	28.03
3121	26.798	28.034
3122	26.506	28.053
3123	26.145	28.103
3124	25.817	28.121
3125	25.485	28.209
3126	25.173	28.242
3127	24.879	28.3
3128	24.635	28.23
3129	24.398	28.251
3130	24.161	28.234
3131	23.98	28.162
3132	23.788	28.139
3133	23.623	28.146
3134	23.448	28.153
3135	23.289	28.156
3136	23.17	28.134
3137	23.075	28.098
3138	22.989	28.068
3139	22.905	28.064
3140	22.815	28.078
3141	22.801	28.117
3142	22.767	28.124
3143	22.766	28.153
3144	22.758	28.148
3145	22.801	28.142
3146	22.862	28.135
3147	22.892	28.065
3148	22.993	28.047
3149	23.097	28.061
3150	23.268	27.941
3151	23.462	27.794
3152	23.675	27.748
3153	23.887	27.795
3154	24.141	27.763
3155	24.422	27.764
3156	24.701	27.757
3157	25.034	27.724
3158	25.375	27.719
3159	25.758	27.655
3160	26.182	27.608
3161	26.599	27.562
3162	27.033	27.485
3163	27.477	27.481
3164	27.972	27.445
3165	28.492	27.431
3166	28.974	27.482
3167	29.514	27.479
3168	30.079	27.357
3169	30.677	27.285
3170	31.234	27.313
3171	31.822	27.312
3172	32.386	27.321
3173	32.989	27.29
3174	33.575	27.2
3175	34.162	27.208
3176	34.709	27.291
3177	35.25	27.254
3178	35.84	27.207
3179	36.309	27.221
3180	36.79	27.233
3181	37.26	27.218
3182	37.635	27.286
3183	37.997	27.231
3184	38.342	27.264
3185	38.634	27.28
3186	38.875	27.312
3187	39.081	27.381
3188	39.237	27.371
3189	39.34	27.412
3190	39.348	27.461
3191	39.373	27.416
3192	39.315	27.399
3193	39.202	27.49
3194	39.021	27.555
3195	38.832	27.501
3196	38.555	27.55
3197	38.239	27.544
3198	37.895	27.572
3199	37.507	27.672
3200	37.086	27.709
3201	36.667	27.679
3202	36.176	27.74
3203	35.638	27.782
3204	35.155	27.789
3205	34.629	27.806
3206	34.094	27.857
3207	33.59	27.794
3208	33.056	27.848
3209	32.526	27.88
3210	31.947	27.965
3211	31.385	28.05
3212	30.845	28.085
3213	30.344	28.119
3214	29.836	28.193
3215	29.381	28.147
3216	28.905	28.146
3217	28.446	28.161
3218	28.001	28.167
3219	27.575	28.151
3220	27.163	28.142
3221	26.778	28.118
3222	26.423	28.144
3223	26.055	28.16
3224	25.738	28.149
3225	25.416	28.173
3226	25.102	28.242
3227	24.825	28.271
3228	24.57	28.247
3229	24.332	28.244
3230	24.103	28.258
3231	23.893	28.223
3232	23.69	28.26
3233	23.517	28.236
3234	23.358	28.179
3235	23.244	28.116
3236	23.129	28.045
3237	23.023	28.044
3238	22.932	28.014
3239	22.864	27.957
3240	22.783	28.012
3241	22.747	27.991
3242	22.729	27.977
3243	22.739	27.959
3244	22.765	27.938
3245	22.8	27.993
3246	22.867	27.968
3247	22.95	27.924
3248	23.069	27.872
3249	23.181	27.86
3250	23.335	27.777
3251	23.52	27.735
3252	23.741	27.675
3253	23.97	27.638
3254	24.213	27.642
3255	24.494	27.535
3256	24.793	27.505
3257	25.115	27.48
3258	25.484	27.499
3259	25.852	27.501
3260	26.248	27.495
3261	26.691	27.471
3262	27.151	27.421
3263	27.627	27.396
3264	28.102	27.393
3265	28.644	27.311
3266	29.17	27.304
3267	29.706	27.336
3268	30.235	27.362
3269	30.79	27.376
3270	31.361	27.312
3271	31.903	27.288
3272	32.458	27.308
3273	33.033	27.297
3274	33.615	27.253
3275	34.148	27.345
3276	34.701	27.339
3277	35.211	27.369
3278	35.73	27.359
3279	36.218	27.315
3280	36.692	27.321
3281	37.114	27.398
3282	37.531	27.357
3283	37.901	27.346
3284	38.241	27.339
3285	38.526	27.318
3286	38.758	27.3
3287	38.91	27.356
3288	39.049	27.37
3289	39.138	27.397
3290	39.149	27.433
3291	39.137	27.444
3292	39.089	27.411
3293	38.997	27.452
3294	38.865	27.454
3295	38.667	27.506
3296	38.45	27.51
3297	38.176	27.512
3298	37.845	27.558
3299	37.44	27.596
3300	37.061	27.598
3301	36.64	27.628
3302	36.208	27.604
3303	35.728	27.673
3304	35.231	27.724
3305	34.742	27.786
3306	34.249	27.704
3307	33.728	27.712
3308	33.141	27.778
3309	32.6	27.84
3310	32.06	27.879
3311	31.521	27.949
3312	31.019	27.925
3313	30.491	27.947
3314	30	27.973
3315	29.54	27.985
3316	29.05	28.003
3317	28.586	28.022
3318	28.143	27.981
3319	27.701	28.022
3320	27.29	28.008
3321	26.893	28.021
3322	26.484	28.088
3323	26.102	28.116
3324	25.754	28.142
3325	25.435	28.098
3326	25.122	28.085
3327	24.845	28.103
3328	24.548	28.136
3329	24.297	28.122
3330	24.045	28.099
3331	23.799	28.217
3332	23.587	28.26
3333	23.438	28.206
3334	23.285	28.156
3335	23.146	28.146
3336	23.002	28.17
3337	22.882	28.18
3338	22.793	28.162
3339	22.712	28.094
3340	22.629	28.105
3341	22.602	28.095
3342	22.585	28.079
3343	22.581	28.053
3344	22.604	28.03
3345	22.638	28.034
3346	22.705	28.076
3347	22.814	27.993
3348	22.937	27.986
3349	23.107	27.957
3350	23.289	27.943
3351	23.46	27.974
3352	23.65	27.996
3353	23.922	27.91
3354	24.173	27.933
3355	24.44	28.003
3356	24.781	27.898
3357	25.122	27.906
3358	25.472	27.885
3359	25.853	27.841
3360	26.248	27.841
3361	26.686	27.79
3362	27.146	27.745
3363	27.628	27.726
3364	28.114	27.766
3365	28.644	27.704
3366	29.167	27.727
3367	29.711	27.768
3368	30.283	27.755
3369	30.85	27.738
3370	31.436	27.723
3371	32.009	27.701
3372	32.595	27.671
3373	33.182	27.623
3374	33.716	27.6
3375	34.266	27.609
3376	34.868	27.553
3377	35.413	27.521
3378	35.868	27.6
3379	36.383	27.54
3380	36.864	27.5
3381	37.291	27.504
3382	37.662	27.529
3383	38.013	27.489
3384	38.309	27.566
3385	38.561	27.608
3386	38.818	27.57
3387	38.989	27.58
3388	39.113	27.588
3389	39.203	27.577
3390	39.245	27.627
3391	39.182	27.696
3392	39.106	27.725
3393	38.955	27.766
3394	38.81	27.773
3395	38.61	27.736
3396	38.347	27.743
3397	38.043	27.818
3398	37.699	27.852
3399	37.339	27.836
3400	36.906	27.813
3401	36.45	27.829
3402	35.975	27.877
3403	35.533	27.8
3404	35.066	27.857
3405	34.549	27.877
3406	34.031	27.904
3407	33.554	27.883
3408	32.996	28.017
3409	32.481	28.015
3410	31.978	28
3411	31.454	28.06
3412	30.924	28.152
3413	30.436	28.191
3414	29.951	28.208
3415	29.462	28.197
3416	29.011	28.148
3417	28.562	28.133
3418	28.116	28.124
3419	27.678	28.135
3420	27.24	28.268
3421	26.85	28.255
3422	26.473	28.242
3423	26.097	28.291
3424	25.743	28.338
3425	25.424	28.337
3426	25.119	28.373
3427	24.833	28.321
3428	24.543	28.43
3429	24.272	28.378
3430	24.038	28.388
3431	23.824	28.36
3432	23.617	28.355
3433	23.457	28.282
3434	23.293	28.253
3435	23.155	28.229
3436	23.031	28.208
3437	22.94	28.134
3438	22.828	28.128
3439	22.754	28.109
3440	22.699	28.111
3441	22.67	28.048
3442	22.641	28.012
3443	22.653	27.949
3444	22.668	27.96
3445	22.728	27.894
3446	22.811	27.899
3447	22.889	27.899
3448	23.019	27.832
3449	23.173	27.805
3450	23.342	27.815
3451	23.523	27.762
3452	23.741	27.781
3453	23.996	27.706
3454	24.256	27.723
3455	24.552	27.675
3456	24.862	27.623
3457	25.194	27.626
3458	25.539	27.647
3459	25.936	27.638
3460	26.318	27.675
3461	26.75	27.636
3462	27.191	27.602
3463	27.665	27.539
3464	28.136	27.54
3465	28.642	27.529
3466	29.15	27.561
3467	29.725	27.558
3468	30.274	27.591
3469	30.865	27.528
3470	31.45	27.472
3471	31.991	27.486
3472	32.582	27.46
3473	33.135	27.491
3474	33.707	27.465
3475	34.259	27.458
3476	34.789	27.523
3477	35.308	27.532
3478	35.817	27.502
3479	36.304	27.524
3480	36.763	27.535
3481	37.175	27.599
3482	37.602	27.554
3483	37.982	27.503
3484	38.253	27.542
3485	38.565	27.444
3486	38.807	27.474
3487	38.993	27.495
3488	39.165	27.571
3489	39.262	27.598
3490	39.286	27.64
3491	39.306	27.663
3492	39.201	27.681
3493	39.101	27.721
3494	38.911	27.754
3495	38.646	27.827
3496	38.383	27.834
3497	38.127	27.843
3498	37.814	27.818
3499	37.386	27.929
3500	36.982	27.961
3501	36.594	27.897
3502	36.127	27.894
3503	35.643	27.908
3504	35.133	27.929
3505	34.625	27.955
3506	34.15	27.973
3507	33.599	28.032
3508	33.059	28.068
3509	32.555	28.05
3510	31.994	28.169
3511	31.453	28.212
3512	30.93	28.268
3513	30.403	28.243
3514	29.897	28.257
3515	29.411	28.254
3516	28.927	28.272
3517	28.487	28.278
3518	28.032	28.261
3519	27.622	28.275
3520	27.232	28.275
3521	26.843	28.263
3522	26.439	28.251
3523	26.099	28.243
3524	25.799	28.244
3525	25.486	28.26
3526	25.167	28.295
3527	24.911	28.284
3528	24.657	28.303
3529	24.415	28.294
3530	24.183	28.257
3531	23.942	28.257
3532	23.735	28.243
3533	23.552	28.245
3534	23.386	28.231
3535	23.261	28.186
3536	23.125	28.1
3537	23.019	28.042
3538	22.924	28.002
3539	22.86	27.967
3540	22.796	27.966
3541	22.76	27.923
3542	22.72	27.887
3543	22.723	27.9
3544	22.744	27.879
3545	22.799	27.829
3546	22.87	27.802
3547	22.964	27.827
3548	23.045	27.835
3549	23.161	27.701
3550	23.302	27.669
3551	23.484	27.628
3552	23.671	27.591
3553	23.885	27.588
3554	24.12	27.603
3555	24.398	27.603
3556	24.696	27.624
3557	25.032	27.561
3558	25.382	27.556
3559	25.74	27.578
3560	26.145	27.504
3561	26.595	27.521
3562	27.037	27.539
3563	27.525	27.546
3564	28.012	27.507
3565	28.526	27.395
3566	29.049	27.405
3567	29.579	27.439
3568	30.133	27.427
3569	30.677	27.366
3570	31.246	27.343
3571	31.829	27.352
3572	32.401	27.335
3573	32.991	27.349
3574	33.572	27.376
3575	34.141	27.414
3576	34.716	27.434
3577	35.25	27.471
3578	35.757	27.474
3579	36.302	27.415
3580	36.779	27.431
3581	37.246	27.334
3582	37.673	27.388
3583	38.07	27.369
3584	38.423	27.344
3585	38.701	27.408
3586	38.874	27.492
3587	39.105	27.485
3588	39.216	27.505
3589	39.322	27.508
3590	39.369	27.541
3591	39.369	27.517
3592	39.335	27.51
3593	39.211	27.541
3594	39.065	27.609
3595	38.812	27.667
3596	38.533	27.67
3597	38.225	27.709
3598	37.86	27.74
3599	37.484	27.815
3600	37.05	27.831
3601	36.584	27.88
3602	36.128	27.846
3603	35.681	27.854
3604	35.164	27.889
3605	34.626	27.909
3606	34.106	27.977
3607	33.529	28.073
3608	32.985	28.024
3609	32.458	28.008
3610	31.914	28.027
3611	31.416	27.942
3612	30.891	27.96
3613	30.382	27.975
3614	29.872	27.996
3615	29.39	28.069
3616	28.907	28.128
3617	28.44	28.175
3618	27.976	28.21
3619	27.522	28.227
3620	27.131	28.213
3621	26.749	28.218
3622	26.39	28.195
3623	26.048	28.18
3624	25.7	28.153
3625	25.413	28.117
3626	25.123	28.077
3627	24.83	28.121
3628	24.555	28.159
3629	24.306	28.145
3630	24.091	28.11
3631	23.885	28.113
3632	23.703	28.041
3633	23.543	28.111
3634	23.405	28.138
3635	23.262	28.138
3636	23.151	28.173
3637	23.032	28.162
3638	22.942	28.149
3639	22.864	28.134
3640	22.785	28.16
3641	22.741	28.118
3642	22.725	28.104
3643	22.748	28.053
3644	22.789	28.034
3645	22.83	27.982
3646	22.887	27.968
3647	22.953	27.956
3648	23.068	27.883
3649	23.203	27.809
3650	23.329	27.812
3651	23.501	27.823
3652	23.715	27.772
3653	23.939	27.699
3654	24.194	27.636
3655	24.469	27.622
3656	24.758	27.595
3657	25.091	27.552
3658	25.417	27.565
3659	25.761	27.564
3660	26.177	27.512
3661	26.582	27.442
3662	27.036	27.4
3663	27.496	27.415
3664	28	27.397
3665	28.529	27.276
3666	29.065	27.255
3667	29.608	27.241
3668	30.157	27.201
3669	30.684	27.249
3670	31.265	27.287
3671	31.841	27.284
3672	32.448	27.279
3673	32.995	27.356
3674	33.569	27.435
3675	34.155	27.409
3676	34.74	27.382
3677	35.269	27.419
3678	35.813	27.403
3679	36.269	27.514
3680	36.769	27.536
3681	37.224	27.542
3682	37.637	27.511
3683	38.013	27.478
3684	38.352	27.482
3685	38.611	27.515
3686	38.825	27.584
3687	39.003	27.621
3688	39.186	27.612
3689	39.27	27.644
3690	39.309	27.691
3691	39.285	27.727
3692	39.193	27.734
3693	39.115	27.762
3694	38.986	27.736
3695	38.737	27.749
3696	38.499	27.725
3697	38.189	27.728
3698	37.887	27.66
3699	37.512	27.668
3700	37.104	27.651
3701	36.651	27.655
3702	36.19	27.656
3703	35.69	27.716
3704	35.232	27.635
3705	34.693	27.664
3706	34.165	27.648
3707	33.632	27.732
3708	33.1	27.726
3709	32.585	27.752
3710	32.062	27.757
3711	31.523	27.816
3712	31.004	27.862
3713	30.456	27.886
3714	29.947	27.931
3715	29.454	28.006
3716	28.987	28.017
3717	28.542	27.985
3718	28.081	27.98
3719	27.638	27.949
3720	27.244	27.927
3721	26.823	27.983
3722	26.445	27.987
3723	26.104	28.026
3724	25.764	27.991
3725	25.446	28.012
3726	25.133	28.022
3727	24.849	28.018
3728	24.571	28.031
3729	24.309	28.076
3730	24.076	28.063
3731	23.858	28.086
3732	23.657	28.023
3733	23.475	28.024
3734	23.293	28.007
3735	23.142	27.95
3736	23.03	27.851
3737	22.928	27.807
3738	22.834	27.747
3739	22.77	27.703
3740	22.731	27.637
3741	22.686	27.598
3742	22.666	27.577
3743	22.667	27.546
3744	22.679	27.606
3745	22.716	27.565
3746	22.792	27.525
3747	22.883	27.528
3748	22.966	27.519
3749	23.097	27.542
3750	23.25	27.571
3751	23.429	27.551
3752	23.634	27.554
3753	23.883	27.476
3754	24.168	27.466
3755	24.452	27.435
3756	24.779	27.432
3757	25.118	27.43
3758	25.469	27.443
3759	25.854	27.422
3760	26.257	27.457
3761	26.709	27.467
3762	27.145	27.448
3763	27.634	27.447
3764	28.122	27.412
3765	28.594	27.479
3766	29.132	27.464
3767	29.672	27.451
3768	30.239	27.438
3769	30.836	27.381
3770	31.413	27.436
3771	32.036	27.443
3772	32.615	27.427
3773	33.215	27.453
3774	33.784	27.412
3775	34.334	27.406
3776	34.879	27.43
3777	35.399	27.464
3778	35.904	27.522
3779	36.368	27.539
3780	36.836	27.563
3781	37.246	27.534
3782	37.636	27.548
3783	38.006	27.539
3784	38.34	27.551
3785	38.632	27.517
3786	38.841	27.538
3787	39.031	27.53
3788	39.144	27.588
3789	39.208	27.647
3790	39.27	27.564
3791	39.259	27.602
3792	39.177	27.693
3793	39.02	27.737
3794	38.853	27.759
3795	38.627	27.757
3796	38.298	27.828
3797	38.01	27.841
3798	37.672	27.855
3799	37.312	27.892
3800	36.936	27.896
3801	36.512	27.928
3802	36.083	27.919
3803	35.569	27.956
3804	35.099	27.968
3805	34.618	27.965
3806	34.087	28.028
3807	33.552	28.049
3808	33.01	28.143
3809	32.471	28.179
3810	31.958	28.223
3811	31.426	28.239
3812	30.913	28.268
3813	30.413	28.253
3814	29.921	28.222
3815	29.429	28.294
3816	28.954	28.305
3817	28.493	28.289
3818	28.036	28.365
3819	27.606	28.387
3820	27.18	28.472
3821	26.781	28.468
3822	26.399	28.498
3823	26.036	28.493
3824	25.701	28.483
3825	25.372	28.456
3826	25.063	28.443
3827	24.78	28.462
3828	24.529	28.411
3829	24.277	28.38
3830	24.017	28.357
3831	23.81	28.333
3832	23.626	28.365
3833	23.467	28.269
3834	23.31	28.24
3835	23.174	28.241
3836	23.051	28.247
3837	22.936	28.229
3838	22.844	28.221
3839	22.77	28.224
3840	22.718	28.166
3841	22.695	28.138
3842	22.693	28.11
3843	22.714	28.053
3844	22.74	27.978
3845	22.804	27.906
3846	22.87	27.916
3847	22.97	27.877
3848	23.074	27.873
3849	23.204	27.879
3850	23.366	27.887
3851	23.561	27.863
3852	23.764	27.823
3853	24.022	27.813
3854	24.26	27.821
3855	24.55	27.811
3856	24.847	27.804
3857	25.175	27.7
3858	25.525	27.668
3859	25.889	27.654
3860	26.272	27.608
3861	26.671	27.623
3862	27.101	27.669
3863	27.571	27.624
3864	28.046	27.608
3865	28.536	27.671
3866	29.027	27.67
3867	29.554	27.67
3868	30.095	27.639
3869	30.657	27.638
3870	31.241	27.589
3871	31.87	27.501
3872	32.436	27.516
3873	33.037	27.464
3874	33.627	27.46
3875	34.19	27.417
3876	34.705	27.461
3877	35.244	27.492
3878	35.733	27.466
3879	36.206	27.493
3880	36.654	27.516
3881	37.102	27.521
3882	37.509	27.58
3883	37.858	27.629
3884	38.223	27.592
3885	38.512	27.624
3886	38.75	27.648
3887	38.991	27.579
3888	39.131	27.588
3889	39.237	27.606
3890	39.308	27.57
3891	39.304	27.606
3892	39.24	27.639
3893	39.134	27.665
3894	38.954	27.716
3895	38.703	27.782
3896	38.422	27.807
3897	38.125	27.774
3898	37.768	27.837
3899	37.392	27.816
3900	36.986	27.899
3901	36.593	27.821
3902	36.141	27.762
3903	35.653	27.751
3904	35.209	27.712
3905	34.726	27.7
3906	34.206	27.741
3907	33.702	27.759
3908	33.188	27.776
3909	32.645	27.807
3910	32.1	27.851
3911	31.583	27.829
3912	31.041	27.863
3913	30.539	27.925
3914	30.034	27.958
3915	29.563	27.962
3916	29.083	27.943
3917	28.616	27.931