1	36.051	27.698
2	35.563	27.72
3	35.061	27.708
4	34.555	27.696
5	34.024	27.745
6	33.526	27.725
7	32.979	27.762
8	32.459	27.762
9	31.922	27.815
10	31.345	27.89
11	30.805	27.961
12	30.285	28.031
13	29.805	27.975
14	29.304	28.03
15	28.832	28.089
16	28.367	28.114
17	27.915	28.12
18	27.464	28.182
19	27.058	28.178
20	26.658	28.186
21	26.284	28.16
22	25.924	28.213
23	25.569	28.215
24	25.272	28.18
25	24.986	28.186
26	24.705	28.149
27	24.413	28.202
28	24.151	28.227
29	23.93	28.227
30	23.722	28.223
31	23.51	28.301
32	23.338	28.255
33	23.187	28.245
34	23.031	28.296
35	22.903	28.284
36	22.799	28.239
37	22.724	28.148
38	22.664	28.182
39	22.622	28.166
40	22.581	28.137
41	22.565	28.172
42	22.586	28.173
43	22.615	28.131
44	22.665	28.103
45	22.735	28.146
46	22.832	28.067
47	22.951	28.049
48	23.122	27.989
49	23.268	28.018
50	23.464	27.988
51	23.684	28.009
52	23.948	27.974
53	24.216	27.97
54	24.515	27.884
55	24.837	27.842
56	25.194	27.761
57	25.563	27.745
58	25.958	27.771
59	26.363	27.699
60	26.83	27.65
61	27.309	27.607
62	27.78	27.593
63	28.283	27.541
64	28.829	27.461
65	29.385	27.362
66	29.925	27.308
67	30.489	27.327
68	31.072	27.293
69	31.635	27.298
70	32.234	27.226
71	32.812	27.237
72	33.409	27.186
73	33.972	27.213
74	34.56	27.168
75	35.109	27.155
76	35.647	27.117
77	36.175	27.072
78	36.675	27.094
79	37.127	27.161
80	37.568	27.141
81	37.968	27.136
82	38.323	27.115
83	38.648	27.048
84	38.951	27.055
85	39.16	27.073
86	39.287	27.124
87	39.424	27.15
88	39.437	27.208
89	39.427	27.266
90	39.063	27.332
91	38.987	27.36
92	38.857	27.317
93	38.7	27.298
94	38.484	27.291
95	38.182	27.367
96	37.874	27.422
97	37.491	27.458
98	37.095	27.5
99	36.675	27.533
100	36.243	27.568
101	35.767	27.632
102	35.275	27.725
103	34.766	27.754
104	34.273	27.792
105	33.744	27.849
106	33.232	27.872
107	32.701	27.933
108	32.176	27.958
109	31.656	27.955
110	31.151	28.01
111	30.655	28.025
112	30.149	28.03
113	29.684	28.022
114	29.193	28.055
115	28.97	28.028
116	28.519	28.007
117	28.086	28.021
118	27.662	28.031
119	27.26	28.078
120	26.885	28.047
121	26.506	28.038
122	26.16	28.059
123	25.824	28.058
124	25.507	28.126
125	25.176	28.117
126	24.877	28.106
127	24.613	28.035
128	24.367	28.04
129	24.119	28.023
130	23.904	27.965
131	23.686	27.963
132	23.517	27.921
133	23.32	27.987
134	23.181	28
135	23.035	27.972
136	22.932	28.021
137	22.842	28.006
138	22.757	28.038
139	22.709	28.028
140	22.64	28.043
141	22.606	28.024
142	22.598	28.024
143	22.618	28.065
144	22.657	27.989
145	22.727	27.975
146	22.815	27.96
147	22.953	27.889
148	23.095	27.857
149	23.262	27.761
150	23.468	27.746
151	23.706	27.795
152	23.938	27.786
153	24.209	27.734
154	24.496	27.71
155	24.81	27.766
156	25.141	27.773
157	25.496	27.806
158	25.92	27.704
159	26.321	27.675
160	26.76	27.63
161	27.213	27.521
162	27.694	27.492
163	28.203	27.458
164	28.717	27.462
165	29.275	27.433
166	29.868	27.399
167	30.438	27.387
168	30.998	27.378
169	31.59	27.398
170	32.192	27.368
171	32.798	27.356
172	33.345	27.399
173	33.923	27.386
174	34.495	27.44
175	35.033	27.441
176	35.566	27.353
177	36.103	27.34
178	36.584	27.345
179	37.043	27.356
180	37.476	27.366
181	37.872	27.366
182	38.221	27.372
183	38.535	27.396
184	38.812	27.433
185	39.031	27.478
186	39.178	27.52
187	39.295	27.588
188	39.323	27.605
189	39.382	27.56
190	39.345	27.38
191	39.247	27.417
192	39.136	27.431
193	38.952	27.443
194	38.712	27.479
195	38.427	27.525
196	38.072	27.542
197	37.729	27.526
198	37.335	27.545
199	36.89	27.551
200	36.481	27.534
201	36.022	27.566
202	35.513	27.606
203	35.017	27.627
204	34.503	27.658
205	33.963	27.655
206	33.45	27.715
207	32.911	27.72
208	32.377	27.769
209	31.837	27.787
210	31.308	27.816
211	30.83	27.788
212	30.321	27.782
213	29.831	27.791
214	29.328	27.822
215	28.844	28.058
216	28.397	28.054
217	27.938	28.07
218	27.513	28.07
219	27.103	28.104
220	26.705	28.123
221	26.333	28.144
222	25.962	28.207
223	25.633	28.219
224	25.316	28.182
225	24.997	28.238
226	24.682	28.24
227	24.419	28.27
228	24.171	28.272
229	23.927	28.265
230	23.719	28.258
231	23.536	28.165
232	23.368	28.14
233	23.196	28.148
234	23.065	28.129
235	22.964	28.054
236	22.834	28.107
237	22.754	28.062
238	22.698	27.85
239	22.646	27.858
240	22.606	27.852
241	22.578	27.857
242	22.581	27.847
243	22.596	27.818
244	22.651	27.782
245	22.727	27.766
246	22.85	27.729
247	22.914	27.698
248	23.06	27.642
249	23.248	27.662
250	23.462	27.617
251	23.695	27.617
252	23.919	27.587
253	24.19	27.525
254	24.518	27.461
255	24.845	27.398
256	25.179	27.391
257	25.55	27.393
258	25.949	27.364
259	26.361	27.345
260	26.782	27.37
261	27.267	27.302
262	27.729	27.362
263	28.231	27.547
264	28.754	27.539
265	29.308	27.505
266	29.847	27.528
267	30.428	27.499
268	31.024	27.489
269	31.61	27.417
270	32.203	27.338
271	32.777	27.342
272	33.464	27.375
273	34.052	27.396
274	34.617	27.328
275	35.148	27.31
276	35.678	27.281
277	36.214	27.266
278	36.698	27.273
279	37.125	27.384
280	37.539	27.416
281	37.926	27.451
282	38.27	27.431
283	38.546	27.437
284	38.77	27.465
285	38.983	27.484
286	39.125	27.492
287	39.263	27.462
288	39.359	27.449
289	39.367	27.443
290	39.32	27.179
291	39.232	27.098
292	39.082	27.075
293	38.873	27.123
294	38.635	27.168
295	38.329	27.271
296	38.007	27.278
297	37.661	27.226
298	37.231	27.293
299	36.789	27.373
300	36.345	27.401
301	35.921	27.413
302	35.455	27.449
303	34.937	27.5
304	34.424	27.43
305	33.914	27.457
306	33.396	27.475
307	32.871	27.558
308	32.334	27.595
309	31.834	27.573
310	31.303	27.566
311	30.795	27.646
312	30.275	27.639
313	29.74	27.688
314	29.257	27.695
315	28.792	27.986
316	28.354	28.079
317	27.924	28.143
318	27.526	28.099
319	27.104	28.136
320	26.71	28.108
321	26.344	28.12
322	25.981	28.2
323	25.654	28.176
324	25.331	28.183
325	25.017	28.195
326	24.7	28.213
327	24.436	28.169
328	24.187	28.149
329	23.954	28.209
330	23.734	28.18
331	23.519	28.179
332	23.356	28.09
333	23.193	28.052
334	23.034	28.103
335	22.907	28.081
336	22.796	27.981
337	22.704	27.987
338	22.641	27.968
339	22.588	27.961
340	22.556	27.942
341	22.529	27.915
342	22.511	27.888
343	22.524	27.936
344	22.576	27.91
345	22.655	27.893
346	22.712	27.873
347	22.836	27.814
348	22.989	27.754
349	23.162	27.733
350	23.376	27.684
351	23.63	27.635
352	23.877	27.597
353	24.168	27.554
354	24.469	27.481
355	24.8	27.472
356	25.154	27.473
357	25.509	27.497
358	25.93	27.489
359	26.36	27.447
360	26.825	27.445
361	27.294	27.456
362	27.786	27.49
363	28.302	27.45
364	28.816	27.456
365	29.359	27.451
366	29.935	27.443
367	30.531	27.403
368	31.102	27.314
369	31.708	27.254
370	32.291	27.277
371	32.909	27.29
372	33.465	27.29
373	34.034	27.305
374	34.609	27.237
375	35.149	27.249
376	35.658	27.264
377	36.135	27.331
378	36.609	27.37
379	37.051	27.404
380	37.43	27.445
381	37.82	27.41
382	38.164	27.388
383	38.465	27.391
384	38.741	27.38
385	38.941	27.406
386	39.097	27.457
387	39.251	27.376
388	39.326	27.425
389	39.324	27.44
390	39.29	27.484
391	39.191	27.512
392	39.045	27.565
393	38.897	27.598
394	38.651	27.642
395	38.374	27.662
396	38.06	27.696
397	37.745	27.662
398	37.293	27.661
399	36.871	27.691
400	36.433	27.715
401	35.953	27.736
402	35.504	27.707
403	35.004	27.716
404	34.494	27.73
405	33.997	27.768
406	33.466	27.825
407	32.933	27.882
408	32.399	27.936
409	31.853	27.988
410	31.327	27.999
411	30.801	28.003
412	30.262	28.107
413	29.767	28.063
414	29.313	27.994
415	28.835	28.021
416	28.374	28.064
417	27.935	28.046
418	27.493	28.132
419	27.083	28.153
420	26.699	28.114
421	26.331	28.146
422	25.973	28.172
423	25.666	28.235
424	25.332	28.349
425	25.028	28.386
426	24.75	28.386
427	24.471	28.393
428	24.215	28.423
429	23.981	28.422
430	23.762	28.397
431	23.553	28.35
432	23.378	28.295
433	23.186	28.273
434	23.041	28.225
435	22.924	28.198
436	22.833	28.165
437	22.757	28.079
438	22.66	28.109
439	22.593	28.151
440	22.557	28.119
441	22.539	28.043
442	22.539	28.033
443	22.56	27.966
444	22.636	27.864
445	22.721	27.83
446	22.818	27.765
447	22.909	27.732
448	23.055	27.686
449	23.231	27.634
450	23.401	27.592
451	23.615	27.592
452	23.861	27.604
453	24.129	27.584
454	24.43	27.578
455	24.756	27.551
456	25.133	27.51
457	25.5	27.522
458	25.934	27.462
459	26.349	27.468
460	26.787	27.438
461	27.241	27.475
462	27.72	27.509
463	28.251	27.502
464	28.779	27.523
465	29.319	27.472
466	29.904	27.502
467	30.478	27.54
468	31.067	27.528
469	31.615	27.614
470	32.157	27.658
471	32.771	27.606
472	33.382	27.636
473	33.959	27.617
474	34.532	27.546
475	35.095	27.531
476	35.616	27.541
477	36.122	27.509
478	36.613	27.456
479	37.065	27.392
480	37.487	27.378
481	37.87	27.425
482	38.237	27.39
483	38.534	27.431
484	38.815	27.394
485	38.993	27.431
486	39.16	27.394
487	39.256	27.372
488	39.329	27.288
489	39.323	27.261
490	39.289	27.31
491	39.159	27.292
492	39.03	27.31
493	38.836	27.403
494	38.577	27.432
495	38.337	27.421
496	38.175	27.501
497	37.871	27.516
498	37.488	27.527
499	37.055	27.595
500	36.633	27.643
501	36.199	27.664
502	35.701	27.706
503	35.208	27.766
504	34.667	27.824
505	34.123	27.862
506	33.563	27.88
507	33.01	27.984
508	32.479	27.958
509	31.968	27.97
510	31.439	27.97
511	30.923	27.968
512	30.411	27.996
513	29.893	28.116
514	29.403	28.159
515	28.937	28.124
516	28.477	28.133
517	28.019	28.078
518	27.579	28.036
519	27.163	28.036
520	26.743	28.066
521	26.252	28.111
522	25.871	28.097
523	25.532	28.1
524	25.214	28.077
525	24.904	28.065
526	24.58	28.031
527	24.316	28.037
528	24.049	27.996
529	23.814	27.982
530	23.601	27.965
531	23.403	27.939
532	23.221	27.878
533	23.064	27.879
534	22.912	27.885
535	22.798	27.878
536	22.685	27.9
537	22.602	27.93
538	22.53	27.907
539	22.494	27.866
540	22.444	27.903
541	22.434	27.891
542	22.452	27.928
543	22.497	27.902
544	22.571	27.855
545	22.674	27.792
546	22.788	27.679
547	22.916	27.69
548	23.051	27.698
549	23.237	27.68
550	23.444	27.676
551	23.702	27.668
552	23.958	27.63
553	24.243	27.618
554	24.559	27.586
555	24.897	27.59
556	25.255	27.615
557	25.633	27.628
558	26.013	27.663
559	26.432	27.667
560	26.886	27.636
561	27.336	27.615
562	27.821	27.554
563	28.342	27.5
564	28.847	27.523
565	29.413	27.466
566	29.959	27.491
567	30.527	27.485
568	31.076	27.487
569	31.663	27.526
570	32.225	27.557
571	32.774	27.592
572	33.364	27.555
573	33.946	27.528
574	34.481	27.527
575	35.044	27.479
576	35.566	27.464
577	36.045	27.464
578	36.524	27.458
579	36.984	27.506
580	37.398	27.466
581	37.771	27.451
582	38.094	27.441
583	38.426	27.39
584	38.688	27.404
585	38.913	27.409
586	39.129	27.389
587	39.246	27.399
588	39.312	27.409
589	39.362	27.391
590	39.317	27.438
591	39.268	27.35
592	39.106	27.343
593	38.926	27.345
594	38.694	27.285
595	38.426	27.365
596	38.159	27.358
597	37.793	27.382
598	37.419	27.355
599	37.006	27.342
600	36.546	27.382
601	36.059	27.416
602	35.609	27.427
603	35.134	27.44
604	34.61	27.416
605	34.08	27.468
606	33.553	27.481
607	33.033	27.515
608	32.473	27.559
609	31.927	27.555
610	31.385	27.578
611	30.867	27.572
612	30.344	27.627
613	29.817	27.68
614	29.339	27.669
615	28.846	27.751
616	28.374	27.868
617	27.94	27.881
618	27.544	27.841
619	27.101	27.898
620	26.721	27.815
621	26.323	27.839
622	25.957	27.865
623	25.606	27.946
624	25.289	27.975
625	24.975	27.985
626	24.695	27.984
627	24.411	28.043
628	24.13	28.034
629	23.904	28.084
630	23.676	28.077
631	23.503	28.05
632	23.314	28.042
633	23.173	28.005
634	23.021	28.019
635	22.889	28.042
636	22.763	28.082
637	22.664	28.061
638	22.603	28.021
639	22.535	28.094
640	22.51	28.028
641	22.488	27.989
642	22.498	27.969
643	22.506	28.012
644	22.581	27.973
645	22.634	27.947
646	22.75	27.925
647	22.882	27.879
648	23.027	27.85
649	23.195	27.838
650	23.391	27.857
651	23.62	27.817
652	23.872	27.782
653	24.157	27.786
654	24.45	27.748
655	24.781	27.752
656	25.109	27.755
657	25.503	27.743
658	25.882	27.749
659	26.332	27.724
660	26.777	27.65
661	27.253	27.619
662	27.77	27.572
663	28.281	27.593
664	28.824	27.489
665	29.351	27.426
666	29.932	27.372
667	30.499	27.389
668	31.087	27.363
669	31.672	27.368
670	32.278	27.406
671	32.828	27.391
672	33.406	27.374
673	33.977	27.366
674	34.533	27.39
675	35.097	27.294
676	35.649	27.261
677	36.167	27.22
678	36.645	27.236
679	37.134	27.172
680	37.576	27.089
681	37.981	27.103
682	38.297	27.07
683	38.577	27.09
684	38.796	27.117
685	39.007	27.149
686	39.189	27.105
687	39.269	27.168
688	39.301	27.171
689	39.298	27.205
690	39.257	27.272
691	39.174	27.338
692	39.028	27.317
693	38.841	27.3
694	38.591	27.305
695	38.317	27.298
696	38.009	27.332
697	37.66	27.372
698	37.272	27.412
699	36.89	27.381
700	36.441	27.448
701	35.92	27.515
702	35.42	27.567
703	34.898	27.597
704	34.355	27.671
705	33.839	27.738
706	33.319	27.732
707	32.708	27.743
708	32.224	27.742
709	31.72	27.707
710	31.202	27.743
711	30.681	27.78
712	30.178	27.764
713	29.705	27.764
714	29.219	27.76
715	28.762	27.727
716	28.297	27.728
717	27.86	27.805
718	27.426	27.832
719	27.017	27.833
720	26.629	27.808
721	26.27	27.799
722	25.897	27.792
723	25.568	27.758
724	25.235	27.802
725	24.934	27.811
726	24.67	27.803
727	24.41	27.753
728	24.18	27.708
729	23.95	27.742
730	23.74	27.715
731	23.525	27.748
732	23.412	27.756
733	23.233	27.788
734	23.096	27.781
735	22.986	27.758
736	22.866	27.788
737	22.768	27.78
738	22.699	27.8
739	22.64	27.837
740	22.607	27.842
741	22.581	27.809
742	22.594	27.734
743	22.644	27.685
744	22.715	27.649
745	22.775	27.679
746	22.867	27.694
747	23.002	27.713
748	23.146	27.714
749	23.314	27.653
750	23.51	27.628
751	23.731	27.568
752	23.964	27.583
753	24.245	27.561
754	24.547	27.488
755	24.852	27.48
756	25.2	27.42
757	25.557	27.384
758	25.961	27.363
759	26.363	27.363
760	26.793	27.356
761	27.276	27.397
762	27.783	27.388
763	28.28	27.337
764	28.817	27.295
765	29.384	27.278
766	29.944	27.276
767	30.505	27.242
768	31.059	27.3
769	31.608	27.33
770	32.236	27.238
771	32.824	27.193
772	33.408	27.139
773	33.97	27.119
774	34.52	27.12
775	35.063	27.12
776	35.588	27.128
777	36.139	27.11
778	36.624	27.105
779	37.051	27.134
780	37.483	27.148
781	37.876	27.179
782	38.266	27.195
783	38.58	27.191
784	38.856	27.223
785	39.071	27.233
786	39.224	27.181
787	39.336	27.161
788	39.405	27.209
789	39.397	27.262
790	39.34	27.237
791	39.267	27.237
792	39.122	27.318
793	38.936	27.333
794	38.713	27.354
795	38.388	27.46
796	38.09	27.435
797	37.732	27.49
798	37.335	27.53
799	36.942	27.528
800	36.488	27.57
801	36.011	27.634
802	35.49	27.669
803	34.998	27.697
804	34.485	27.711
805	33.968	27.716
806	33.423	27.734
807	32.87	27.742
808	32.315	27.772
809	31.778	27.815
810	31.246	27.839
811	30.737	27.856
812	30.215	27.902
813	29.735	27.861
814	29.271	27.781
815	28.796	27.899
816	28.339	27.99
817	27.898	27.958
818	27.472	27.998
819	27.049	28.006
820	26.669	27.987
821	26.264	28.082
822	25.901	28.077
823	25.587	28.051
824	25.251	28.176
825	24.951	28.155
826	24.668	28.153
827	24.403	28.167
828	24.14	28.209
829	23.916	28.178
830	23.683	28.207
831	23.479	28.209
832	23.303	28.238
833	23.141	28.232
834	23.002	28.188
835	22.885	28.141
836	22.796	28.11
837	22.725	28.111
838	22.629	28.124
839	22.557	28.185
840	22.522	28.102
841	22.513	28.061
842	22.509	28.072
843	22.545	27.98
844	22.602	27.962
845	22.681	27.957
846	22.796	27.914
847	22.939	27.869
848	23.086	27.844
849	23.265	27.72
850	23.478	27.673
851	23.691	27.687
852	23.945	27.678
853	24.223	27.623
854	24.523	27.597
855	24.876	27.54
856	25.226	27.506
857	25.587	27.47
858	25.997	27.422
859	26.421	27.408
860	26.867	27.395
861	27.305	27.378
862	27.78	27.312
863	28.315	27.283
864	28.864	27.208
865	29.407	27.187
866	29.96	27.214
867	30.571	27.141
868	31.161	27.154
869	31.774	27.108
870	32.337	27.12
871	32.898	27.095
872	33.456	27.074
873	34.022	27.033
874	34.582	27.066
875	35.102	27.069
876	35.622	27.044
877	36.134	26.998
878	36.602	26.981
879	37.058	26.987
880	37.456	26.982
881	37.872	26.984
882	38.272	26.981
883	38.568	26.962
884	38.825	26.945
885	39.026	26.997
886	39.158	27.029
887	39.304	27.012
888	39.342	27.053
889	39.339	27.106
890	39.289	27.15
891	39.229	27.072
892	39.057	27.153
893	38.887	27.124
894	38.617	27.155
895	38.345	27.172
896	38.054	27.221
897	37.728	27.242
898	37.334	27.35
899	36.926	27.348
900	36.477	27.427
901	36.03	27.404
902	35.49	27.458
903	34.975	27.521
904	34.465	27.518
905	33.946	27.554
906	33.392	27.56
907	32.839	27.621
908	32.32	27.692
909	31.791	27.715
910	31.271	27.709
911	30.779	27.692
912	30.272	27.721
913	29.778	27.744
914	29.28	27.785
915	28.812	27.774
916	28.327	27.779
917	27.881	27.796
918	27.426	27.916
919	27.014	27.976
920	26.634	27.956
921	26.282	27.903
922	25.91	27.952
923	25.571	27.958
924	25.262	27.935
925	24.956	27.928
926	24.671	27.961
927	24.44	27.935
928	24.19	27.934
929	23.947	27.99
930	23.721	27.981
931	23.535	27.987
932	23.344	27.992
933	23.172	28.02
934	23.023	28.033
935	22.89	28.08
936	22.781	28.061
937	22.679	28.039
938	22.609	28.025
939	22.567	27.974
940	22.54	27.969
941	22.483	27.999
942	22.497	27.918
943	22.532	27.86
944	22.584	27.816
945	22.66	27.822
946	22.757	27.845
947	22.866	27.825
948	23.016	27.753
949	23.175	27.732
950	23.376	27.676
951	23.6	27.649
952	23.84	27.641
953	24.122	27.63
954	24.419	27.607
955	24.761	27.582
956	25.118	27.568
957	25.503	27.529
958	25.919	27.478
959	26.351	27.463
960	26.801	27.429
961	27.269	27.505
962	27.763	27.507
963	28.293	27.447
964	28.824	27.446
965	29.366	27.415
966	30.014	27.362
967	30.593	27.334
968	31.158	27.32
969	31.755	27.346
970	32.354	27.271
971	32.92	27.259
972	33.521	27.268
973	34.082	27.271
974	34.675	27.276
975	35.24	27.232
976	35.77	27.25
977	36.24	27.264
978	36.738	27.223
979	37.204	27.205
980	37.604	27.273
981	37.95	27.294
982	38.29	27.31
983	38.563	27.276
984	38.796	27.275
985	39.018	27.234
986	39.166	27.211
987	39.249	27.242
988	39.255	27.306
989	39.245	27.401
990	39.181	27.461
991	39.032	27.499
992	38.863	27.583
993	38.702	27.592
994	38.483	27.566
995	38.214	27.613
996	37.916	27.605
997	37.576	27.603
998	37.203	27.63
999	36.77	27.681
1000	36.312	27.762
1001	35.846	27.749
1002	35.4	27.72
1003	34.882	27.744
1004	34.404	27.742
1005	33.89	27.765
1006	33.376	27.782
1007	32.858	27.761
1008	32.323	27.814
1009	31.79	27.823
1010	31.282	27.803
1011	30.792	27.778
1012	30.297	27.821
1013	29.816	27.841
1014	29.333	27.804
1015	28.871	27.819
1016	28.436	27.799
1017	27.988	27.816
1018	27.548	27.828
1019	27.138	27.843
1020	26.733	27.86
1021	26.343	27.924
1022	25.974	27.928
1023	25.645	27.936
1024	25.315	27.928
1025	25.026	27.866
1026	24.74	27.934
1027	24.467	28.012
1028	24.228	28.084
1029	23.976	28.19
1030	23.756	28.148
1031	23.566	28.153
1032	23.38	28.143
1033	23.226	28.131
1034	23.09	28.118
1035	22.944	28.218
1036	22.81	28.236
1037	22.714	28.215
1038	22.644	28.173
1039	22.589	28.129
1040	22.538	28.101
1041	22.521	28.118
1042	22.546	28.08
1043	22.583	28.015
1044	22.634	27.98
1045	22.709	27.971
1046	22.822	27.976
1047	22.946	27.984
1048	23.097	27.978
1049	23.248	27.945
1050	23.439	27.988
1051	23.667	27.935
1052	23.914	27.845
1053	24.172	27.796
1054	24.468	27.728
1055	24.778	27.684
1056	25.134	27.611
1057	25.509	27.566
1058	25.906	27.554
1059	26.317	27.562
1060	26.772	27.477
1061	27.261	27.461
1062	27.758	27.463
1063	28.282	27.44
1064	28.816	27.454
1065	29.38	27.443
1066	29.938	27.446
1067	30.501	27.451
1068	31.092	27.448
1069	31.672	27.435
1070	32.254	27.42
1071	32.812	27.394
1072	33.37	27.366
1073	33.93	27.327
1074	34.532	27.325
1075	35.075	27.333
1076	35.616	27.309
1077	36.149	27.28
1078	36.631	27.288
1079	37.09	27.291
1080	37.538	27.302
1081	37.887	27.345
1082	38.24	27.344
1083	38.556	27.358
1084	38.853	27.322
1085	39.076	27.336
1086	39.26	27.309
1087	39.381	27.324
1088	39.406	27.357
1089	39.413	27.349
1090	39.365	27.323
1091	39.276	27.365
1092	39.155	27.336
1093	38.948	27.349
1094	38.701	27.442
1095	38.394	27.478
1096	38.079	27.474
1097	37.735	27.497
1098	37.335	27.554
1099	36.901	27.648
1100	36.459	27.624
1101	35.953	27.671
1102	35.431	27.75
1103	34.912	27.76
1104	34.384	27.741
1105	33.841	27.779
1106	33.334	27.782
1107	32.793	27.869
1108	32.269	27.845
1109	31.73	27.877
1110	31.186	27.963
1111	30.657	28.016
1112	30.146	28.052
1113	29.657	28.109
1114	29.186	28.093
1115	28.708	28.146
1116	28.257	28.149
1117	27.816	28.144
1118	27.388	28.19
1119	26.994	28.173
1120	26.621	28.219
1121	26.267	28.212
1122	25.915	28.213
1123	25.588	28.222
1124	25.276	28.139
1125	24.976	28.161
1126	24.711	28.129
1127	24.456	28.188
1128	24.224	28.182
1129	23.994	28.214
1130	23.791	28.231
1131	23.605	28.202
1132	23.435	28.178
1133	23.268	28.213
1134	23.12	28.202
1135	23.007	28.085
1136	22.89	28.092
1137	22.803	28.049
1138	22.723	28.031
1139	22.66	28.069
1140	22.632	28.026
1141	22.608	27.96
1142	22.606	27.99
1143	22.641	27.996
1144	22.689	27.911
1145	22.747	27.852
1146	22.818	27.822
1147	22.966	27.794
1148	23.107	27.739
1149	23.277	27.809
1150	23.466	27.784
1151	23.68	27.755
1152	23.926	27.722
1153	24.193	27.702
1154	24.501	27.678
1155	24.831	27.682
1156	25.155	27.704
1157	25.524	27.655
1158	25.917	27.651
1159	26.339	27.69
1160	26.794	27.695
1161	27.253	27.678
1162	27.735	27.615
1163	28.256	27.537
1164	28.806	27.477
1165	29.351	27.448
1166	29.913	27.458
1167	30.489	27.429
1168	31.061	27.4
1169	31.643	27.426
1170	32.246	27.414
1171	32.876	27.382
1172	33.436	27.402
1173	34.005	27.451
1174	34.541	27.39
1175	35.109	27.354
1176	35.656	27.353
1177	36.154	27.298
1178	36.631	27.332
1179	37.08	27.365
1180	37.493	27.307
1181	37.92	27.275
1182	38.277	27.243
1183	38.578	27.258
1184	38.846	27.231
1185	39.022	27.227
1186	39.187	27.248
1187	39.281	27.3
1188	39.318	27.384
1189	39.293	27.464
1190	39.266	27.465
1191	39.199	27.449
1192	39.056	27.463
1193	38.891	27.434
1194	38.653	27.445
1195	38.373	27.496
1196	38.037	27.562
1197	37.67	27.552
1198	37.293	27.546
1199	36.914	27.571
1200	36.43	27.657
1201	35.945	27.732
1202	35.457	27.768
1203	34.972	27.713
1204	34.46	27.727
1205	33.976	27.723
1206	33.47	27.734
1207	32.915	27.822
1208	32.4	27.802
1209	31.882	27.825
1210	31.355	27.892
1211	30.856	27.864
1212	30.353	27.885
1213	29.866	27.833
1214	29.368	27.851
1215	28.902	27.896
1216	28.426	27.907
1217	27.979	27.975
1218	27.532	28.016
1219	27.109	28.055
1220	26.719	28.031
1221	26.325	28.04
1222	25.96	28.056
1223	25.617	28.074
1224	25.277	28.089
1225	24.988	28.119
1226	24.701	28.107
1227	24.422	28.136
1228	24.169	28.22
1229	23.935	28.151
1230	23.69	28.175
1231	23.487	28.15
1232	23.308	28.145
1233	23.145	28.107
1234	23	28.087
1235	22.88	28.049
1236	22.769	28.074
1237	22.682	28.046
1238	22.598	28.026
1239	22.574	27.926
1240	22.545	27.89
1241	22.537	27.9
1242	22.54	27.888
1243	22.584	27.874
1244	22.645	27.815
1245	22.712	27.807
1246	22.843	27.727
1247	22.981	27.697
1248	23.13	27.651
1249	23.322	27.588
1250	23.511	27.539
1251	23.745	27.483
1252	24.015	27.41
1253	24.286	27.319
1254	24.595	27.267
1255	24.931	27.26
1256	25.245	27.314
1257	25.62	27.264
1258	26.014	27.28
1259	26.431	27.271
1260	26.874	27.267
1261	27.338	27.233
1262	27.809	27.202
1263	28.317	27.21
1264	28.819	27.228
1265	29.347	27.224
1266	29.924	27.153
1267	30.497	27.066
1268	31.069	27.06
1269	31.648	27.081
1270	32.265	27.019
1271	32.846	27.051
1272	33.418	27.045
1273	33.97	27.044
1274	34.525	27.063
1275	35.111	26.986
1276	35.612	27.01
1277	36.101	27.027
1278	36.595	27.016
1279	37.002	27.097
1280	37.412	27.12
1281	37.817	27.09
1282	38.165	27.158
1283	38.509	27.116
1284	38.778	27.108
1285	38.995	27.121
1286	39.151	27.164
1287	39.313	27.164
1288	39.388	27.203
1289	39.43	27.202
1290	39.39	27.209
1291	39.271	27.26
1292	39.114	27.293
1293	38.893	27.354
1294	38.663	27.36
1295	38.356	27.412
1296	38.016	27.487
1297	37.654	27.512
1298	37.306	27.532
1299	36.868	27.522
1300	36.372	27.614
1301	35.931	27.62
1302	35.459	27.617
1303	34.956	27.659
1304	34.456	27.693
1305	33.934	27.689
1306	33.419	27.735
1307	32.867	27.731
1308	32.318	27.771
1309	31.781	27.756
1310	31.258	27.753
1311	30.748	27.742
1312	30.237	27.752
1313	29.753	27.722
1314	29.263	27.711
1315	28.797	27.743
1316	28.337	27.809
1317	27.905	27.861
1318	27.494	27.832
1319	27.09	27.886
1320	26.716	27.89
1321	26.34	27.824
1322	26	27.836
1323	25.649	27.818
1324	25.32	27.87
1325	25.038	27.85
1326	24.76	27.87
1327	24.492	27.887
1328	24.222	27.907
1329	24.006	27.821
1330	23.799	27.794
1331	23.587	27.781
1332	23.426	27.759
1333	23.238	27.765
1334	23.094	27.811
1335	22.966	27.793
1336	22.858	27.802
1337	22.755	27.82
1338	22.679	27.813
1339	22.614	27.914
1340	22.576	27.912
1341	22.563	27.855
1342	22.568	27.808
1343	22.595	27.804
1344	22.646	27.728
1345	22.701	27.72
1346	22.81	27.755
1347	22.906	27.724
1348	23.065	27.715
1349	23.235	27.728
1350	23.403	27.721
1351	23.607	27.718
1352	23.851	27.74
1353	24.14	27.686
1354	24.425	27.723
1355	24.747	27.697
1356	25.113	27.655
1357	25.485	27.646
1358	25.886	27.638
1359	26.302	27.623
1360	26.739	27.668
1361	27.204	27.673
1362	27.718	27.645
1363	28.227	27.616
1364	28.754	27.502
1365	29.285	27.48
1366	29.844	27.456
1367	30.4	27.433
1368	30.987	27.384
1369	31.57	27.449
1370	32.194	27.396
1371	32.759	27.407
1372	33.362	27.387
1373	33.907	27.405
1374	34.513	27.347
1375	35.121	27.323
1376	35.661	27.29
1377	36.2	27.212
1378	36.675	27.249
1379	37.162	27.215
1380	37.589	27.21
1381	37.965	27.278
1382	38.329	27.276
1383	38.663	27.276
1384	38.9	27.319
1385	39.114	27.278
1386	39.281	27.228
1387	39.355	27.278
1388	39.424	27.308
1389	39.424	27.37
1390	39.396	27.408
1391	39.286	27.486
1392	39.14	27.523
1393	38.935	27.614
1394	38.617	27.586
1395	38.325	27.659
1396	37.978	27.688
1397	37.594	27.758
1398	37.246	27.736
1399	36.796	27.749
1400	36.323	27.755
1401	35.848	27.792
1402	35.32	27.884
1403	34.817	27.92
1404	34.306	27.934
1405	33.783	27.967
1406	33.269	27.934
1407	32.737	27.933
1408	32.216	27.966
1409	31.726	27.917
1410	31.21	27.97
1411	30.695	28.032
1412	30.183	28.036
1413	29.693	28.071
1414	29.223	28.099
1415	28.77	28.068
1416	28.334	28.019
1417	27.913	28.006
1418	27.512	27.935
1419	27.159	27.932
1420	26.758	27.955
1421	26.405	27.874
1422	26.063	27.884
1423	25.71	27.936
1424	25.401	27.979
1425	25.108	27.995
1426	24.81	27.991
1427	24.549	27.982
1428	24.305	27.955
1429	24.061	27.968
1430	23.84	28.011
1431	23.633	28.074
1432	23.436	28.087
1433	23.251	28.07
1434	23.096	28.102
1435	22.944	28.054
1436	22.841	27.978
1437	22.761	27.916
1438	22.693	27.829
1439	22.638	27.789
1440	22.59	27.821
1441	22.571	27.819
1442	22.577	27.798
1443	22.577	27.814
1444	22.623	27.788
1445	22.691	27.8
1446	22.793	27.82
1447	22.923	27.722
1448	23.08	27.637
1449	23.25	27.62
1450	23.439	27.666
1451	23.677	27.624
1452	23.919	27.591
1453	24.197	27.532
1454	24.499	27.526
1455	24.826	27.477
1456	25.181	27.391
1457	25.551	27.382
1458	25.967	27.363
1459	26.384	27.343
1460	26.879	27.322
1461	27.345	27.347
1462	27.816	27.376
1463	28.314	27.398
1464	28.844	27.341
1465	29.398	27.296
1466	29.963	27.297
1467	30.544	27.288
1468	31.141	27.289
1469	31.73	27.257
1470	32.305	27.184
1471	32.857	27.164
1472	33.454	27.2
1473	34.01	27.217
1474	34.569	27.157
1475	35.123	27.096
1476	35.621	27.141
1477	36.14	27.178
1478	36.597	27.235
1479	37.044	27.218
1480	37.455	27.222
1481	37.832	27.262
1482	38.207	27.264
1483	38.486	27.279
1484	38.712	27.297
1485	38.878	27.322
1486	39.012	27.37
1487	39.154	27.375
1488	39.188	27.396
1489	39.162	27.465
1490	39.108	27.571
1491	39.007	27.504
1492	38.858	27.532
1493	38.657	27.562
1494	38.426	27.603
1495	38.162	27.657
1496	37.907	27.628
1497	37.532	27.685
1498	37.127	27.74
1499	36.684	27.805
1500	36.249	27.919
1501	35.83	27.885
1502	35.358	27.907
1503	34.868	27.904
1504	34.35	27.965
1505	33.84	28
1506	33.32	27.981
1507	32.81	27.979
1508	32.314	28.038
1509	31.819	28.044
1510	31.308	28.086
1511	30.791	28.067
1512	30.283	28.098
1513	29.79	28.127
1514	29.331	28.135
1515	28.864	28.046
1516	28.408	28.142
1517	27.963	28.189
1518	27.551	28.18
1519	27.138	28.216
1520	26.754	28.216
1521	26.381	28.274
1522	26.034	28.228
1523	25.709	28.211
1524	25.414	28.176
1525	25.127	28.054
1526	24.827	28.053
1527	24.559	28.019
1528	24.311	28.046
1529	24.079	28.025
1530	23.859	28.022
1531	23.662	28.019
1532	23.469	28.022
1533	23.296	27.967
1534	23.154	27.949
1535	23.011	27.926
1536	22.919	27.942
1537	22.827	27.916
1538	22.747	27.89
1539	22.699	27.864
1540	22.669	27.844
1541	22.649	27.847
1542	22.655	27.775
1543	22.682	27.809
1544	22.716	27.755
1545	22.788	27.712
1546	22.867	27.727
1547	22.976	27.725
1548	23.104	27.716
1549	23.25	27.731
1550	23.438	27.735
1551	23.667	27.733
1552	23.906	27.722
1553	24.165	27.68
1554	24.467	27.63
1555	24.776	27.64
1556	25.119	27.606
1557	25.499	27.59
1558	25.899	27.563
1559	26.315	27.581
1560	26.774	27.585
1561	27.242	27.515
1562	27.722	27.508
1563	28.265	27.458
1564	28.784	27.447
1565	29.335	27.441
1566	29.903	27.411
1567	30.476	27.415
1568	31.063	27.284
1569	31.673	27.293
1570	32.27	27.281
1571	32.879	27.197
1572	33.479	27.178
1573	34.078	27.161
1574	34.647	27.137
1575	35.179	27.111
1576	35.709	27.1
1577	36.251	27.032
1578	36.766	27.025
1579	37.225	27.041
1580	37.65	27.049
1581	38.031	27.046
1582	38.347	27.078
1583	38.639	27.159
1584	38.915	27.102
1585	39.133	27.071
1586	39.28	27.108
1587	39.408	27.105
1588	39.432	27.138
1589	39.455	27.128
1590	39.375	27.162
1591	39.261	27.181
1592	39.109	27.217
1593	38.871	27.312
1594	38.603	27.355
1595	38.295	27.437
1596	37.92	27.507
1597	37.553	27.538
1598	37.165	27.548
1599	36.768	27.581
1600	36.351	27.642
1601	35.891	27.677
1602	35.386	27.746
1603	34.891	27.762
1604	34.39	27.807
1605	33.886	27.826
1606	33.359	27.905
1607	32.841	27.897
1608	32.308	27.859
1609	31.745	27.918
1610	31.217	27.998
1611	30.705	28.018
1612	30.196	28.041
1613	29.708	28.138
1614	29.212	28.203
1615	28.745	28.221
1616	28.302	28.186
1617	27.871	28.177
1618	27.469	28.193
1619	27.065	28.172
1620	26.682	28.157
1621	26.347	28.133
1622	25.986	28.129
1623	25.651	28.195
1624	25.335	28.183
1625	25.006	28.165
1626	24.709	28.142
1627	24.44	28.209
1628	24.203	28.199
1629	23.959	28.173
1630	23.735	28.163
1631	23.541	28.104
1632	23.363	28.158
1633	23.21	28.155
1634	23.078	28.145
1635	22.965	28.048
1636	22.857	28.046
1637	22.761	28.073
1638	22.665	28.013
1639	22.606	27.975
1640	22.572	28.006
1641	22.561	28.01
1642	22.562	27.985
1643	22.588	27.966
1644	22.665	27.929
1645	22.749	27.894
1646	22.822	27.917
1647	22.957	27.871
1648	23.107	27.775
1649	23.271	27.785
1650	23.471	27.829
1651	23.694	27.807
1652	23.925	27.737
1653	24.166	27.73
1654	24.46	27.702
1655	24.799	27.654
1656	25.162	27.588
1657	25.528	27.506
1658	25.929	27.429
1659	26.327	27.406
1660	26.758	27.461
1661	27.219	27.474
1662	27.718	27.413
1663	28.235	27.379
1664	28.775	27.357
1665	29.319	27.303
1666	29.891	27.294
1667	30.461	27.315
1668	31.05	27.262
1669	31.595	27.25
1670	32.175	27.173
1671	32.768	27.156
1672	33.335	27.189
1673	33.921	27.196
1674	34.481	27.169
1675	35.01	27.134
1676	35.55	27.151
1677	36.068	27.156
1678	36.578	27.195
1679	37.016	27.227
1680	37.439	27.22
1681	37.799	27.31
1682	38.178	27.3
1683	38.477	27.346
1684	38.791	27.328
1685	39.005	27.35
1686	39.185	27.276
1687	39.277	27.275
1688	39.397	27.29
1689	39.414	27.31
1690	39.402	27.278
1691	39.282	27.317
1692	39.141	27.309
1693	38.976	27.338
1694	38.77	27.37
1695	38.497	27.438
1696	38.21	27.418
1697	37.859	27.459
1698	37.464	27.475
1699	37.047	27.548
1700	36.622	27.585
1701	36.145	27.62
1702	35.679	27.652
1703	35.179	27.605
1704	34.654	27.643
1705	34.143	27.648
1706	33.616	27.698
1707	33.06	27.75
1708	32.5	27.796
1709	31.942	27.855
1710	31.414	27.862
1711	30.893	27.941
1712	30.396	27.941
1713	29.879	27.996
1714	29.401	27.971
1715	28.877	28.03
1716	28.413	28.046
1717	27.965	28.064
1718	27.498	28.115
1719	27.072	28.135
1720	26.683	28.097
1721	26.301	28.151
1722	25.941	28.13
1723	25.572	28.176
1724	25.268	28.094
1725	24.983	28.078
1726	24.701	28.029
1727	24.416	28.017
1728	24.155	28.044
1729	23.952	27.979
1730	23.72	28.001
1731	23.512	27.956
1732	23.331	27.959
1733	23.185	27.936
1734	23.028	27.914
1735	22.891	27.894
1736	22.768	27.904
1737	22.679	27.888
1738	22.606	27.847
1739	22.545	27.835
1740	22.535	27.829
1741	22.521	27.776
1742	22.538	27.753
1743	22.586	27.73
1744	22.649	27.714
1745	22.727	27.712
1746	22.821	27.698
1747	22.942	27.689
1748	23.104	27.677
1749	23.261	27.69
1750	23.431	27.683
1751	23.662	27.734
1752	23.925	27.708
1753	24.206	27.75
1754	24.491	27.791
1755	24.803	27.787
1756	25.147	27.773
1757	25.522	27.782
1758	25.932	27.722
1759	26.382	27.7
1760	26.824	27.639
1761	27.292	27.604
1762	27.756	27.63
1763	28.262	27.62
1764	28.776	27.648
1765	29.323	27.594
1766	29.895	27.561
1767	30.453	27.603
1768	31.041	27.531
1769	31.622	27.505
1770	32.187	27.525
1771	32.766	27.499
1772	33.369	27.481
1773	33.943	27.463
1774	34.511	27.466
1775	35.069	27.474
1776	35.578	27.462
1777	36.071	27.457
1778	36.541	27.377
1779	36.992	27.363
1780	37.414	27.376
1781	37.847	27.344
1782	38.185	27.344
1783	38.48	27.336
1784	38.748	27.306
1785	38.968	27.37
1786	39.176	27.322
1787	39.334	27.303
1788	39.433	27.275
1789	39.416	27.28
1790	39.357	27.332
1791	39.255	27.363
1792	39.086	27.353
1793	38.884	27.413
1794	38.657	27.429
1795	38.366	27.452
1796	38.041	27.491
1797	37.687	27.493
1798	37.318	27.468
1799	36.897	27.487
1800	36.463	27.492
1801	35.999	27.491
1802	35.511	27.513
1803	35.014	27.588
1804	34.482	27.629
1805	33.971	27.601
1806	33.425	27.647
1807	32.882	27.678
1808	32.329	27.756
1809	31.79	27.84
1810	31.295	27.787
1811	30.758	27.836
1812	30.252	27.879
1813	29.741	27.935
1814	29.281	27.938
1815	28.822	27.883
1816	28.358	27.915
1817	27.929	27.887
1818	27.497	27.925
1819	27.065	27.961
1820	26.687	27.964
1821	26.324	27.991
1822	25.946	28.018
1823	25.594	28.089
1824	25.274	28.131
1825	24.97	28.175
1826	24.689	28.181
1827	24.426	28.176
1828	24.169	28.131
1829	23.944	28.106
1830	23.731	28.116
1831	23.521	28.126
1832	23.361	28.06
1833	23.212	27.997
1834	23.071	28.011
1835	22.924	28.053
1836	22.819	28.083
1837	22.725	28.04
1838	22.649	27.993
1839	22.592	27.993
1840	22.561	28.036
1841	22.556	28.038
1842	22.565	28.057
1843	22.599	28.039
1844	22.665	28.04
1845	22.738	28.058
1846	22.841	28.012
1847	22.972	27.977
1848	23.129	27.882
1849	23.29	27.833
1850	23.475	27.744
1851	23.694	27.731
1852	23.934	27.732
1853	24.232	27.687
1854	24.55	27.615
1855	24.876	27.582
1856	25.228	27.526
1857	25.59	27.493
1858	25.984	27.478
1859	26.404	27.429
1860	26.876	27.393
1861	27.345	27.338
1862	27.834	27.334
1863	28.321	27.394
1864	28.851	27.347
1865	29.398	27.317
1866	29.932	27.296
1867	30.51	27.258
1868	31.075	27.238
1869	31.637	27.198
1870	32.218	27.175
1871	32.787	27.169
1872	33.359	27.152
1873	33.897	27.212
1874	34.482	27.152
1875	35.053	27.158
1876	35.584	27.136
1877	36.103	27.1
1878	36.543	27.147
1879	36.936	27.226
1880	37.335	27.3
1881	37.728	27.332
1882	38.076	27.358
1883	38.352	27.374
1884	38.613	27.416
1885	38.777	27.438
1886	38.905	27.456
1887	39.024	27.467
1888	39.124	27.48
1889	39.139	27.593
1890	39.064	27.643
1891	39.003	27.674
1892	38.867	27.678
1893	38.707	27.659
1894	38.494	27.702
1895	38.251	27.675
1896	37.94	27.689
1897	37.599	27.786
1898	37.267	27.773
1899	36.841	27.842
1900	36.401	27.871
1901	35.915	27.914
1902	35.433	27.98
1903	34.943	27.948
1904	34.448	27.939
1905	33.962	27.92
1906	33.471	27.877
1907	32.951	27.891
1908	32.438	27.991
1909	31.918	27.94
1910	31.416	27.954
1911	30.921	27.938
1912	30.43	27.932
1913	29.912	27.92
1914	29.415	27.877
1915	28.965	27.883
1916	28.504	27.907
1917	28.038	27.965
1918	27.593	27.994
1919	27.187	27.985
1920	26.784	28.012
1921	26.414	27.98
1922	26.054	27.911
1923	25.702	27.94
1924	25.38	27.99
1925	25.071	28.048
1926	24.78	28.055
1927	24.498	28.003
1928	24.237	28.049
1929	24.011	28.039
1930	23.784	28.028
1931	23.565	28.042
1932	23.377	28.033
1933	23.236	27.938
1934	23.078	27.921
1935	22.946	27.892
1936	22.821	27.945
1937	22.712	27.979
1938	22.648	27.954
1939	22.591	27.937
1940	22.544	27.886
1941	22.544	27.802
1942	22.552	27.806
1943	22.598	27.742
1944	22.655	27.71
1945	22.732	27.712
1946	22.822	27.764
1947	22.931	27.794
1948	23.074	27.749
1949	23.247	27.667
1950	23.438	27.596
1951	23.674	27.63
1952	23.953	27.601
1953	24.233	27.587
1954	24.532	27.568
1955	24.843	27.553
1956	25.191	27.524
1957	25.564	27.51
1958	25.936	27.569
1959	26.383	27.525
1960	26.826	27.518
1961	27.3	27.494
1962	27.794	27.459
1963	28.31	27.413
1964	28.854	27.388
1965	29.395	27.377
1966	29.939	27.377
1967	30.536	27.265
1968	31.088	27.323
1969	31.685	27.281
1970	32.255	27.304
1971	32.841	27.241
1972	33.441	27.202
1973	34.031	27.174
1974	34.588	27.185
1975	35.164	27.136
1976	35.68	27.055
1977	36.142	27.099
1978	36.591	27.097
1979	37.068	27.072
1980	37.535	27.04
1981	37.913	27.126
1982	38.229	27.155
1983	38.531	27.106
1984	38.743	27.168
1985	38.926	27.177
1986	39.095	27.19
1987	39.206	27.179
1988	39.258	27.21
1989	39.245	27.255
1990	39.214	27.345
1991	39.092	27.413
1992	38.942	27.483
1993	38.761	27.536
1994	38.506	27.621
1995	38.224	27.599
1996	37.923	27.591
1997	37.573	27.598
1998	37.172	27.667
1999	36.768	27.67
2000	36.328	27.69
2001	35.877	27.755
2002	35.405	27.771
2003	34.942	27.796
2004	34.39	27.863
2005	33.849	27.922
2006	33.325	27.925
2007	32.822	27.939
2008	32.294	28.015
2009	31.764	28.043
2010	31.287	28.028
2011	30.793	27.987
2012	30.255	28.055
2013	29.752	28.069
2014	29.285	28.098
2015	28.819	28.085
2016	28.381	28.107
2017	27.923	28.138
2018	27.516	28.081
2019	27.105	28.102
2020	26.733	28.098
2021	26.338	28.161
2022	25.982	28.207
2023	25.648	28.212
2024	25.315	28.233
2025	25.018	28.239
2026	24.735	28.229
2027	24.465	28.213
2028	24.21	28.203
2029	23.995	28.173
2030	23.783	28.155
2031	23.574	28.113
2032	23.401	28.055
2033	23.228	28.011
2034	23.083	27.998
2035	22.936	28.078
2036	22.81	28.107
2037	22.74	28.069
2038	22.663	28.067
2039	22.616	27.966
2040	22.577	27.936
2041	22.553	27.891
2042	22.585	27.827
2043	22.596	27.813
2044	22.633	27.75
2045	22.702	27.744
2046	22.82	27.738
2047	22.946	27.703
2048	23.09	27.625
2049	23.255	27.589
2050	23.435	27.602
2051	23.645	27.578
2052	23.881	27.547
2053	24.145	27.526
2054	24.439	27.496
2055	24.748	27.48
2056	25.109	27.475
2057	25.473	27.489
2058	25.881	27.483
2059	26.319	27.492
2060	26.763	27.422
2061	27.234	27.399
2062	27.737	27.354
2063	28.273	27.323
2064	28.767	27.365
2065	29.315	27.384
2066	29.897	27.332
2067	30.447	27.301
2068	31.032	27.296
2069	31.64	27.278
2070	32.237	27.216
2071	32.8	27.201
2072	33.377	27.201
2073	33.95	27.213
2074	34.529	27.257
2075	35.087	27.213
2076	35.623	27.181
2077	36.167	27.19
2078	36.692	27.185
2079	37.149	27.169
2080	37.603	27.15
2081	38.006	27.124
2082	38.356	27.113
2083	38.678	27.099
2084	38.915	27.06
2085	39.118	27.062
2086	39.306	27.025
2087	39.37	27.062
2088	39.401	27.096
2089	39.445	27.077
2090	39.395	27.019
2091	39.234	27.077
2092	39.075	27.165
2093	38.887	27.195
2094	38.656	27.246
2095	38.405	27.297
2096	38.09	27.335
2097	37.733	27.348
2098	37.324	27.434
2099	36.914	27.4
2100	36.452	27.468
2101	35.986	27.516
2102	35.47	27.561
2103	34.953	27.545
2104	34.433	27.607
2105	33.881	27.686
2106	33.32	27.743
2107	32.771	27.777
2108	32.212	27.819
2109	31.666	27.866
2110	31.161	27.944
2111	30.642	28.06
2112	30.164	28.089
2113	29.693	28.082
2114	29.217	28.157
2115	28.761	28.166
2116	28.333	28.174
2117	27.917	28.157
2118	27.5	28.134
2119	27.093	28.177
2120	26.676	28.187
2121	26.321	28.142
2122	25.972	28.143
2123	25.649	28.108
2124	25.332	28.121
2125	25.036	28.116
2126	24.743	28.121
2127	24.5	28.1
2128	24.237	28.194
2129	23.99	28.196
2130	23.788	28.142
2131	23.607	28.106
2132	23.439	28.128
2133	23.279	28.129
2134	23.153	28.154
2135	23.017	28.118
2136	22.904	28.042
2137	22.806	28.015
2138	22.71	28.009
2139	22.637	27.94
2140	22.598	27.914
2141	22.577	27.86
2142	22.574	27.836
2143	22.595	27.831
2144	22.656	27.73
2145	22.721	27.72
2146	22.807	27.787
2147	22.926	27.745
2148	23.077	27.731
2149	23.243	27.723
2150	23.434	27.692
2151	23.662	27.662
2152	23.89	27.675
2153	24.155	27.602
2154	24.468	27.623
2155	24.796	27.616
2156	25.14	27.658
2157	25.506	27.621
2158	25.913	27.55
2159	26.338	27.475
2160	26.782	27.448
2161	27.24	27.445
2162	27.721	27.453
2163	28.238	27.471
2164	28.798	27.428
2165	29.327	27.451
2166	29.907	27.474
2167	30.456	27.488
2168	31.016	27.506
2169	31.578	27.527
2170	32.166	27.546
2171	32.748	27.444
2172	33.314	27.457
2173	33.875	27.416
2174	34.417	27.438
2175	34.97	27.478
2176	35.504	27.469
2177	35.989	27.445
2178	36.501	27.449
2179	36.957	27.4
2180	37.372	27.373
2181	37.749	27.363
2182	38.108	27.424
2183	38.45	27.408
2184	38.722	27.435
2185	38.945	27.409
2186	39.161	27.416
2187	39.287	27.468
2188	39.385	27.403
2189	39.379	27.459
2190	39.365	27.455
2191	39.285	27.446
2192	39.193	27.431
2193	39.031	27.433
2194	38.805	27.458
2195	38.518	27.474
2196	38.18	27.536
2197	37.836	27.615
2198	37.432	27.681
2199	37.035	27.639
2200	36.562	27.643
2201	36.079	27.689
2202	35.618	27.686
2203	35.128	27.701
2204	34.597	27.723
2205	34.046	27.76
2206	33.493	27.751
2207	32.963	27.706
2208	32.412	27.776
2209	31.861	27.742
2210	31.343	27.766
2211	30.796	27.788
2212	30.282	27.721
2213	29.747	27.795
2214	29.242	27.805
2215	28.768	27.837
2216	28.301	27.867
2217	27.854	27.866
2218	27.413	27.87
2219	27.006	27.874
2220	26.628	27.904
2221	26.254	27.903
2222	25.904	27.882
2223	25.57	27.858
2224	25.248	27.898
2225	24.961	27.879
2226	24.696	27.862
2227	24.441	27.862
2228	24.186	27.88
2229	23.969	27.896
2230	23.774	27.916
2231	23.601	27.898
2232	23.418	27.884
2233	23.246	27.889
2234	23.102	27.95
2235	22.975	27.991
2236	22.872	27.931
2237	22.783	27.943
2238	22.721	27.919
2239	22.676	27.915
2240	22.64	27.962
2241	22.62	27.956
2242	22.633	27.945
2243	22.67	27.908
2244	22.722	27.854
2245	22.806	27.787
2246	22.925	27.716
2247	23.032	27.685
2248	23.167	27.671
2249	23.342	27.604
2250	23.534	27.587
2251	23.754	27.565
2252	24.002	27.534
2253	24.266	27.532
2254	24.541	27.487
2255	24.874	27.424
2256	25.211	27.442
2257	25.576	27.467
2258	25.971	27.459
2259	26.383	27.433
2260	26.82	27.347
2261	27.276	27.346
2262	27.759	27.324
2263	28.267	27.312
2264	28.82	27.256
2265	29.355	27.178
2266	29.901	27.133
2267	30.472	27.121
2268	31.051	27.121
2269	31.624	27.159
2270	32.169	27.174
2271	32.739	27.19
2272	33.327	27.161
2273	33.917	27.16
2274	34.466	27.196
2275	35.016	27.214
2276	35.538	27.195
2277	36.004	27.249
2278	36.508	27.187
2279	36.982	27.189
2280	37.394	27.182
2281	37.817	27.125
2282	38.157	27.089
2283	38.439	27.071
2284	38.752	27
2285	38.989	27.036
2286	39.188	27.02
2287	39.338	27
2288	39.383	27.007
2289	39.334	27.062
2290	39.31	27.084
2291	39.217	27.138
2292	39.013	27.153
2293	38.831	27.157
2294	38.596	27.167
2295	38.375	27.153
2296	38.045	27.262
2297	37.692	27.29
2298	37.317	27.285
2299	36.916	27.302
2300	36.472	27.301
2301	35.988	27.318
2302	35.533	27.34
2303	35.03	27.36
2304	34.494	27.4
2305	33.953	27.46
2306	33.411	27.514
2307	32.898	27.589
2308	32.387	27.605
2309	31.833	27.742
2310	31.314	27.759
2311	30.781	27.824
2312	30.261	27.901
2313	29.782	27.917
2314	29.309	27.916
2315	28.816	27.952
2316	28.371	27.952
2317	27.96	28.003
2318	27.537	28.033
2319	27.141	28.008
2320	26.733	28.081
2321	26.368	27.978
2322	26.009	28.013
2323	25.656	28.084
2324	25.326	28.079
2325	25.025	28.078
2326	24.753	28.079
2327	24.482	28.038
2328	24.203	28.086
2329	23.984	28.104
2330	23.77	28.108
2331	23.562	28.089
2332	23.386	27.995
2333	23.225	28.004
2334	23.082	27.928
2335	22.944	27.902
2336	22.835	27.889
2337	22.735	27.877
2338	22.663	27.852
2339	22.614	27.84
2340	22.596	27.819
2341	22.582	27.761
2342	22.582	27.723
2343	22.604	27.696
2344	22.665	27.679
2345	22.732	27.63
2346	22.81	27.645
2347	22.934	27.598
2348	23.067	27.571
2349	23.238	27.561
2350	23.423	27.565
2351	23.634	27.563
2352	23.872	27.527
2353	24.151	27.51
2354	24.459	27.439
2355	24.774	27.414
2356	25.114	27.448
2357	25.468	27.47
2358	25.856	27.446
2359	26.277	27.433
2360	26.709	27.444
2361	27.176	27.441
2362	27.674	27.379
2363	28.194	27.334
2364	28.714	27.327
2365	29.237	27.32
2366	29.788	27.315
2367	30.372	27.34
2368	30.957	27.322
2369	31.509	27.33
2370	32.116	27.298
2371	32.729	27.323
2372	33.306	27.34
2373	33.932	27.261
2374	34.483	27.265
2375	35.046	27.242
2376	35.583	27.242
2377	36.106	27.278
2378	36.624	27.262
2379	37.078	27.286
2380	37.505	27.285
2381	37.916	27.247
2382	38.263	27.228
2383	38.58	27.24
2384	38.853	27.219
2385	39.096	27.245
2386	39.24	27.265
2387	39.366	27.285
2388	39.386	27.327
2389	39.395	27.349
2390	39.375	27.416
2391	39.294	27.446
2392	39.123	27.513
2393	38.967	27.51
2394	38.71	27.549
2395	38.417	27.588
2396	38.095	27.552
2397	37.746	27.544
2398	37.34	27.579
2399	36.964	27.563
2400	36.528	27.598
2401	36.053	27.611
2402	35.564	27.605
2403	35.023	27.638
2404	34.498	27.656
2405	33.979	27.713
2406	33.466	27.714
2407	32.948	27.793
2408	32.419	27.767
2409	31.897	27.784
2410	31.368	27.841
2411	30.857	27.804
2412	30.33	27.906
2413	29.834	27.957
2414	29.348	28.011
2415	28.885	27.944
2416	28.449	27.936
2417	28.006	27.876
2418	27.552	27.949
2419	27.15	27.975
2420	26.768	27.921
2421	26.372	27.956
2422	26.018	28.017
2423	25.685	28.045
2424	25.347	28.073
2425	25.035	28.078
2426	24.739	28.071
2427	24.467	28.103
2428	24.229	28.126
2429	23.988	28.141
2430	23.771	28.113
2431	23.55	28.097
2432	23.373	28.043
2433	23.218	28.061
2434	23.061	28.086
2435	22.939	27.984
2436	22.829	28.016
2437	22.74	27.994
2438	22.681	27.933
2439	22.636	27.888
2440	22.578	27.901
2441	22.546	27.893
2442	22.562	27.886
2443	22.597	27.85
2444	22.651	27.816
2445	22.713	27.841
2446	22.827	27.794
2447	22.946	27.711
2448	23.091	27.74
2449	23.255	27.722
2450	23.46	27.687
2451	23.671	27.702
2452	23.92	27.663
2453	24.187	27.58
2454	24.487	27.503
2455	24.807	27.452
2456	25.162	27.483
2457	25.527	27.486
2458	25.927	27.467
2459	26.348	27.455
2460	26.778	27.488
2461	27.249	27.468
2462	27.722	27.402
2463	28.23	27.364
2464	28.761	27.297
2465	29.316	27.226
2466	29.869	27.23
2467	30.416	27.219
2468	30.986	27.185
2469	31.573	27.177
2470	32.149	27.216
2471	32.731	27.267
2472	33.274	27.269
2473	33.834	27.222
2474	34.423	27.201
2475	34.96	27.182
2476	35.531	27.135
2477	36.02	27.162
2478	36.517	27.19
2479	36.985	27.207
2480	37.412	27.259
2481	37.807	27.213
2482	38.2	27.208
2483	38.469	27.214
2484	38.737	27.219
2485	38.964	27.213
2486	39.1	27.225
2487	39.247	27.215
2488	39.279	27.277
2489	39.3	27.29
2490	39.259	27.337
2491	39.149	27.384
2492	39.034	27.399
2493	38.845	27.422
2494	38.601	27.412
2495	38.355	27.4
2496	38.048	27.375
2497	37.741	27.402
2498	37.347	27.474
2499	36.916	27.512
2500	36.491	27.544
2501	36.015	27.577
2502	35.563	27.55
2503	35.063	27.544
2504	34.527	27.64
2505	34.03	27.596
2506	33.49	27.679
2507	32.913	27.72
2508	32.42	27.716
2509	31.874	27.784
2510	31.334	27.799
2511	30.832	27.841
2512	30.325	27.873
2513	29.842	27.902
2514	29.358	27.912
2515	28.896	27.918
2516	28.452	27.916
2517	28.016	27.903
2518	27.605	27.927
2519	27.199	27.939
2520	26.797	27.918
2521	26.409	27.923
2522	26.046	27.98
2523	25.704	27.913
2524	25.364	27.902
2525	25.041	27.877
2526	24.754	27.899
2527	24.475	27.897
2528	24.215	27.953
2529	23.991	27.885
2530	23.75	27.945
2531	23.551	27.944
2532	23.383	27.914
2533	23.198	27.948
2534	23.056	27.943
2535	22.937	27.954
2536	22.826	27.906
2537	22.729	27.884
2538	22.641	27.874
2539	22.573	27.983
2540	22.539	27.955
2541	22.514	27.945
2542	22.528	27.906
2543	22.546	27.843
2544	22.598	27.84
2545	22.673	27.91
2546	22.777	27.915
2547	22.899	27.913
2548	23.047	27.898
2549	23.213	27.884
2550	23.42	27.904
2551	23.642	27.861
2552	23.88	27.889
2553	24.154	27.845
2554	24.435	27.849
2555	24.756	27.802
2556	25.128	27.714
2557	25.498	27.73
2558	25.898	27.744
2559	26.324	27.686
2560	26.771	27.69
2561	27.224	27.678
2562	27.713	27.678
2563	28.213	27.636
2564	28.743	27.541
2565	29.305	27.521
2566	29.874	27.496
2567	30.395	27.526
2568	30.975	27.532
2569	31.55	27.519
2570	32.156	27.42
2571	32.75	27.393
2572	33.313	27.332
2573	33.89	27.371
2574	34.475	27.366
2575	35.013	27.4
2576	35.523	27.436
2577	36.034	27.434
2578	36.522	27.483
2579	37.006	27.458
2580	37.431	27.446
2581	37.766	27.492
2582	38.116	27.469
2583	38.458	27.418
2584	38.714	27.426
2585	38.913	27.428
2586	39.118	27.442
2587	39.244	27.45
2588	39.335	27.468
2589	39.343	27.522
2590	39.281	27.547
2591	39.203	27.559
2592	39.106	27.587
2593	38.92	27.627
2594	38.681	27.704
2595	38.392	27.751
2596	38.072	27.769
2597	37.717	27.802
2598	37.331	27.821
2599	36.911	27.829
2600	36.448	27.824
2601	35.985	27.804
2602	35.531	27.794
2603	35.029	27.761
2604	34.526	27.792
2605	33.995	27.858
2606	33.488	27.852
2607	32.979	27.833
2608	32.422	27.871
2609	31.888	27.887
2610	31.384	27.837
2611	30.859	27.848
2612	30.336	27.898
2613	29.845	27.948
2614	29.362	27.932
2615	28.893	27.967
2616	28.439	28.031
2617	27.994	28.019
2618	27.551	28.018
2619	27.129	27.95
2620	26.726	27.966
2621	26.333	27.997
2622	25.987	28.011
2623	25.643	27.977
2624	25.325	28.002
2625	25.032	28.002
2626	24.746	28.036
2627	24.469	28.055
2628	24.194	28.077
2629	23.944	28.117
2630	23.752	28.082
2631	23.549	28.129
2632	23.36	28.155
2633	23.196	28.144
2634	23.058	28.16
2635	22.929	28.137
2636	22.815	28.19
2637	22.727	28.162
2638	22.651	28.11
2639	22.592	28.112
2640	22.559	28.072
2641	22.54	28.003
2642	22.549	28.029
2643	22.586	27.992
2644	22.65	27.985
2645	22.722	27.974
2646	22.835	27.908
2647	22.96	27.879
2648	23.112	27.86
2649	23.293	27.799
2650	23.493	27.757
2651	23.724	27.705
2652	23.962	27.647
2653	24.258	27.586
2654	24.556	27.529
2655	24.877	27.473
2656	25.225	27.432
2657	25.584	27.442
2658	25.976	27.379
2659	26.391	27.306
2660	26.845	27.295
2661	27.312	27.251
2662	27.813	27.194
2663	28.327	27.207
2664	28.851	27.21
2665	29.387	27.197
2666	29.942	27.222
2667	30.479	27.236
2668	31.034	27.252
2669	31.607	27.278
2670	32.195	27.252
2671	32.773	27.279
2672	33.375	27.256
2673	33.963	27.233
2674	34.51	27.314
2675	35.053	27.33
2676	35.591	27.339
2677	36.099	27.37
2678	36.574	27.38
2679	37.055	27.353
2680	37.451	27.412
2681	37.815	27.416
2682	38.169	27.421
2683	38.48	27.521
2684	38.768	27.537
2685	38.983	27.552
2686	39.138	27.527
2687	39.209	27.587
2688	39.259	27.563
2689	39.286	27.592
2690	39.247	27.677
2691	39.127	27.679
2692	39.059	27.605
2693	38.871	27.648
2694	38.656	27.693
2695	38.375	27.739
2696	38.051	27.753
2697	37.664	27.794
2698	37.267	27.85
2699	36.874	27.785
2700	36.424	27.82
2701	35.96	27.811
2702	35.491	27.795
2703	35.001	27.829
2704	34.477	27.911
2705	33.954	27.951
2706	33.448	27.998
2707	32.936	27.96
2708	32.409	27.927
2709	31.842	27.942
2710	31.278	28.013
2711	30.794	27.995
2712	30.302	28.018
2713	29.804	28.082
2714	29.309	28.057
2715	28.826	28.045
2716	28.366	28.042
2717	27.92	28.028
2718	27.508	28.04
2719	27.089	28.009
2720	26.704	27.982
2721	26.331	28.023
2722	25.967	28.004
2723	25.603	28.025
2724	25.251	28.079
2725	24.934	28.054
2726	24.662	28.068
2727	24.375	28.102
2728	24.137	28.047
2729	23.904	28.017
2730	23.694	27.988
2731	23.502	27.957
2732	23.319	27.961
2733	23.167	28
2734	23.028	28.015
2735	22.923	27.943
2736	22.802	27.919
2737	22.726	27.834
2738	22.66	27.786
2739	22.607	27.758
2740	22.589	27.75
2741	22.588	27.733
2742	22.578	27.781
2743	22.614	27.718
2744	22.685	27.657
2745	22.754	27.666
2746	22.843	27.653
2747	22.981	27.595
2748	23.142	27.638
2749	23.327	27.65
2750	23.541	27.625
2751	23.748	27.631
2752	24.007	27.661
2753	24.275	27.683
2754	24.573	27.641
2755	24.903	27.594
2756	25.251	27.52
2757	25.615	27.526
2758	25.983	27.485
2759	26.395	27.476
2760	26.825	27.441
2761	27.283	27.45
2762	27.761	27.449
2763	28.261	27.394
2764	28.779	27.336
2765	29.306	27.328
2766	29.912	27.268
2767	30.501	27.263
2768	31.078	27.334
2769	31.643	27.37
2770	32.24	27.303
2771	32.839	27.261
2772	33.409	27.347
2773	33.989	27.254
2774	34.552	27.223
2775	35.076	27.265
2776	35.616	27.212
2777	36.117	27.153
2778	36.561	27.144
2779	37.01	27.195
2780	37.392	27.231
2781	37.764	27.273
2782	38.116	27.267
2783	38.414	27.263
2784	38.689	27.246
2785	38.923	27.319
2786	39.117	27.327
2787	39.221	27.358
2788	39.297	27.422
2789	39.311	27.499
2790	39.289	27.498
2791	39.156	27.536
2792	38.961	27.555
2793	38.781	27.501
2794	38.509	27.526
2795	38.26	27.565
2796	37.961	27.579
2797	37.617	27.575
2798	37.201	27.62
2799	36.79	27.621
2800	36.371	27.619
2801	35.898	27.711
2802	35.408	27.759
2803	34.948	27.782
2804	34.423	27.795
2805	33.911	27.824
2806	33.391	27.871
2807	32.863	27.932
2808	32.359	27.954
2809	31.849	27.985
2810	31.315	27.999
2811	30.777	28.062
2812	30.264	28.084
2813	29.752	28.085
2814	29.283	28.113
2815	28.814	28.096
2816	28.343	28.145
2817	27.908	28.16
2818	27.482	28.186
2819	27.102	28.206
2820	26.693	28.241
2821	26.316	28.251
2822	25.939	28.23
2823	25.615	28.226
2824	25.285	28.241
2825	24.987	28.209
2826	24.709	28.19
2827	24.462	28.147
2828	24.19	28.176
2829	23.964	28.198
2830	23.765	28.138
2831	23.565	28.111
2832	23.386	28.087
2833	23.233	28.092
2834	23.066	28.075
2835	22.948	28.062
2836	22.849	28.063
2837	22.753	28.054
2838	22.679	28.076
2839	22.627	28.031
2840	22.589	27.999
2841	22.579	27.975
2842	22.603	27.913
2843	22.63	27.952
2844	22.672	27.867
2845	22.761	27.811
2846	22.854	27.834
2847	22.993	27.792
2848	23.141	27.789
2849	23.325	27.756
2850	23.525	27.727
2851	23.74	27.691
2852	23.984	27.735
2853	24.269	27.719
2854	24.565	27.663
2855	24.888	27.666
2856	25.233	27.638
2857	25.611	27.606
2858	25.997	27.546
2859	26.44	27.514
2860	26.879	27.504
2861	27.333	27.431
2862	27.819	27.402
2863	28.332	27.346
2864	28.85	27.356
2865	29.391	27.356
2866	29.953	27.343
2867	30.495	27.378
2868	31.071	27.252
2869	31.671	27.267
2870	32.241	27.259
2871	32.836	27.219
2872	33.41	27.235
2873	33.961	27.218
2874	34.486	27.237
2875	35.024	27.265
2876	35.533	27.331
2877	36.048	27.248
2878	36.537	27.222
2879	37.007	27.194
2880	37.445	27.16
2881	37.834	27.185
2882	38.147	27.202
2883	38.489	27.217
2884	38.748	27.261
2885	38.936	27.263
2886	39.12	27.314
2887	39.267	27.366
2888	39.348	27.4
2889	39.354	27.415
2890	39.321	27.458
2891	39.208	27.474
2892	39.104	27.483
2893	38.948	27.528
2894	38.666	27.575
2895	38.386	27.642
2896	38.096	27.617
2897	37.745	27.637
2898	37.378	27.68
2899	36.992	27.73
2900	36.522	27.746
2901	36.087	27.738
2902	35.577	27.814
2903	35.067	27.835
2904	34.545	27.887
2905	34.007	27.935
2906	33.481	27.965
2907	32.962	27.98
2908	32.419	27.996
2909	31.866	28.003
2910	31.358	28.021
2911	30.843	28.057
2912	30.329	28.085
2913	29.825	28.08
2914	29.347	28.046
2915	28.85	28.055
2916	28.402	28.054
2917	27.955	28.036
2918	27.511	28.071
2919	27.123	28.053
2920	26.706	28.08
2921	26.304	28.156
2922	25.93	28.157
2923	25.589	28.124
2924	25.264	28.118
2925	24.967	28.133
2926	24.676	28.099
2927	24.405	28.128
2928	24.166	28.106
2929	23.936	28.087
2930	23.728	28.094
2931	23.535	28.072
2932	23.356	28.064
2933	23.183	28.081
2934	23.056	28.072
2935	22.937	28.065
2936	22.81	28.038
2937	22.72	27.979
2938	22.637	27.982
2939	22.581	27.988
2940	22.565	27.934
2941	22.552	27.908
2942	22.56	27.921
2943	22.602	27.901
2944	22.661	27.875
2945	22.737	27.85
2946	22.827	27.807
2947	22.973	27.739
2948	23.118	27.751
2949	23.279	27.723
2950	23.486	27.643
2951	23.699	27.623
2952	23.961	27.524
2953	24.227	27.503
2954	24.532	27.451
2955	24.848	27.384
2956	25.186	27.377
2957	25.568	27.359
2958	25.961	27.345
2959	26.373	27.281
2960	26.792	27.235
2961	27.277	27.197
2962	27.774	27.152
2963	28.299	27.081
2964	28.838	27.019
2965	29.379	27.072
2966	29.931	27.077
2967	30.495	27.028
2968	31.05	27.04
2969	31.608	27.063
2970	32.206	27.098
2971	32.809	27.07
2972	33.357	27.112
2973	33.945	27.06
2974	34.502	27.045
2975	35.06	27.062
2976	35.598	27.065
2977	36.082	27.07
2978	36.551	27.068
2979	36.996	27.102
2980	37.394	27.177
2981	37.78	27.187
2982	38.151	27.146
2983	38.462	27.155
2984	38.709	27.222
2985	38.949	27.304
2986	39.123	27.27
2987	39.248	27.296
2988	39.32	27.35
2989	39.324	27.405
2990	39.295	27.388
2991	39.221	27.405
2992	39.098	27.445
2993	38.892	27.457
2994	38.652	27.482
2995	38.388	27.453
2996	38.103	27.442
2997	37.77	27.424
2998	37.407	27.423
2999	37.007	27.416
3000	36.566	27.437
3001	36.128	27.435
3002	35.639	27.523
3003	35.166	27.537
3004	34.652	27.553
3005	34.122	27.511
3006	33.597	27.52
3007	33.032	27.606
3008	32.48	27.623
3009	31.968	27.607
3010	31.457	27.54
3011	30.914	27.605
3012	30.381	27.651
3013	29.886	27.659
3014	29.393	27.677
3015	28.915	27.663
3016	28.423	27.665
3017	27.941	27.7
3018	27.521	27.766
3019	27.139	27.736
3020	26.747	27.697
3021	26.346	27.75
3022	25.988	27.781
3023	25.612	27.855
3024	25.288	27.91
3025	24.972	27.946
3026	24.659	27.976
3027	24.365	27.957
3028	24.091	28.026
3029	23.85	28.047
3030	23.634	28.096
3031	23.437	28.055
3032	23.268	28.045
3033	23.115	28.037
3034	22.97	28.042
3035	22.836	28.065
3036	22.744	28.036
3037	22.653	28.057
3038	22.571	28.1
3039	22.517	28.095
3040	22.467	28.102
3041	22.475	28.071
3042	22.505	28.075
3043	22.544	27.998
3044	22.593	27.975
3045	22.658	28.003
3046	22.762	27.991
3047	22.888	27.987
3048	23.051	27.919
3049	23.229	27.898
3050	23.44	27.827
3051	23.665	27.796
3052	23.95	27.744
3053	24.241	27.635
3054	24.542	27.62
3055	24.885	27.606
3056	25.232	27.59
3057	25.604	27.523
3058	26	27.481
3059	26.422	27.418
3060	26.865	27.436
3061	27.319	27.482
3062	27.791	27.439
3063	28.312	27.342
3064	28.84	27.353
3065	29.401	27.334
3066	29.961	27.338
3067	30.52	27.258
3068	31.08	27.254
3069	31.644	27.261
3070	32.223	27.276
3071	32.809	27.302
3072	33.366	27.291
3073	33.938	27.295
3074	34.519	27.208
3075	35.063	27.21
3076	35.611	27.214
3077	36.095	27.208
3078	36.552	27.225
3079	37	27.208
3080	37.382	27.203
3081	37.763	27.246
3082	38.075	27.319
3083	38.393	27.333
3084	38.666	27.389
3085	38.886	27.332
3086	39.055	27.356
3087	39.226	27.35
3088	39.266	27.436
3089	39.291	27.395
3090	39.244	27.404
3091	39.156	27.381
3092	39.04	27.432
3093	38.862	27.424
3094	38.65	27.457
3095	38.426	27.428
3096	38.137	27.377
3097	37.769	27.41
3098	37.386	27.453
3099	36.941	27.531
3100	36.49	27.569
3101	36.024	27.588
3102	35.551	27.634
3103	35.038	27.709
3104	34.537	27.758
3105	34.028	27.812
3106	33.523	27.786
3107	33	27.727
3108	32.44	27.767
3109	31.876	27.802
3110	31.352	27.817
3111	30.845	27.784
3112	30.321	27.8
3113	29.831	27.799
3114	29.341	27.856
3115	28.86	27.915
3116	28.394	28
3117	27.945	28.013
3118	27.522	28.045
3119	27.104	28.044
3120	26.7	28.086
3121	26.296	28.105
3122	25.976	28.064
3123	25.613	28.044
3124	25.297	28.042
3125	24.978	28.077
3126	24.695	28.086
3127	24.411	28.06
3128	24.155	28.053
3129	23.91	28.055
3130	23.681	28.028
3131	23.467	28.041
3132	23.291	28.082
3133	23.159	28.052
3134	23.01	28.044
3135	22.875	28.073
3136	22.76	28.036
3137	22.671	28.041
3138	22.578	28.032
3139	22.528	27.972
3140	22.501	27.915
3141	22.492	27.858
3142	22.513	27.809
3143	22.546	27.777
3144	22.594	27.768
3145	22.674	27.668
3146	22.791	27.682
3147	22.887	27.669
3148	23.05	27.681
3149	23.228	27.645
3150	23.419	27.626
3151	23.625	27.593
3152	23.871	27.614
3153	24.16	27.571
3154	24.468	27.566
3155	24.809	27.509
3156	25.167	27.442
3157	25.548	27.382
3158	25.934	27.338
3159	26.392	27.263
3160	26.847	27.255
3161	27.31	27.269
3162	27.781	27.251
3163	28.315	27.227
3164	28.833	27.231
3165	29.377	27.205
3166	29.953	27.172
3167	30.501	27.21
3168	31.092	27.193
3169	31.668	27.18
3170	32.232	27.21
3171	32.799	27.225
3172	33.399	27.27
3173	33.965	27.234
3174	34.516	27.29
3175	35.077	27.284
3176	35.616	27.301
3177	36.135	27.322
3178	36.646	27.285
3179	37.099	27.287
3180	37.53	27.341
3181	37.881	27.421
3182	38.217	27.448
3183	38.525	27.44
3184	38.783	27.429
3185	38.996	27.435
3186	39.166	27.493
3187	39.331	27.459
3188	39.389	27.486
3189	39.41	27.5
3190	39.373	27.528
3191	39.22	27.586
3192	39.044	27.595
3193	38.834	27.568
3194	38.6	27.589
3195	38.295	27.627
3196	37.955	27.634
3197	37.612	27.613
3198	37.237	27.648
3199	36.801	27.658
3200	36.363	27.639
3201	35.904	27.677
3202	35.439	27.674
3203	34.931	27.682
3204	34.397	27.659
3205	33.87	27.658
3206	33.374	27.707
3207	32.856	27.761
3208	32.333	27.796
3209	31.779	27.924
3210	31.257	27.955
3211	30.728	27.928
3212	30.195	28.007
3213	29.686	28.043
3214	29.191	28.051
3215	28.729	28.041
3216	28.297	28.02
3217	27.885	28.006
3218	27.452	28.073
3219	27.053	28.087
3220	26.694	28.093
3221	26.343	28.121
3222	25.971	28.142
3223	25.648	28.122
3224	25.337	28.098
3225	25.036	28.118
3226	24.754	28.125
3227	24.498	28.052
3228	24.237	28.083
3229	24.025	28.076
3230	23.807	28.099
3231	23.615	28.017
3232	23.411	27.995
3233	23.248	28.032
3234	23.107	28.017
3235	22.986	27.963
3236	22.879	27.947
3237	22.796	27.907
3238	22.733	27.849
3239	22.671	27.871
3240	22.642	27.858
3241	22.626	27.887
3242	22.623	27.886
3243	22.661	27.837
3244	22.719	27.784
3245	22.775	27.783
3246	22.86	27.71
3247	22.984	27.72
3248	23.125	27.666
3249	23.293	27.646
3250	23.472	27.663
3251	23.682	27.602
3252	23.895	27.658
3253	24.17	27.631
3254	24.462	27.605
3255	24.794	27.507
3256	25.113	27.539
3257	25.492	27.558
3258	25.873	27.494
3259	26.282	27.454
3260	26.71	27.486
3261	27.194	27.424
3262	27.684	27.408
3263	28.197	27.389
3264	28.745	27.345
3265	29.252	27.375
3266	29.812	27.321
3267	30.402	27.264
3268	30.987	27.274
3269	31.589	27.273
3270	32.205	27.214
3271	32.809	27.199
3272	33.414	27.131
3273	33.981	27.158
3274	34.554	27.14
3275	35.114	27.113
3276	35.654	27.134
3277	36.206	27.104
3278	36.689	27.151
3279	37.15	27.142
3280	37.57	27.195
3281	37.984	27.204
3282	38.36	27.171
3283	38.642	27.222
3284	38.935	27.213
3285	39.152	27.22
3286	39.293	27.266
3287	39.365	27.292
3288	39.426	27.348
3289	39.433	27.347
3290	39.414	27.392
3291	39.315	27.429
3292	39.158	27.453
3293	38.935	27.487
3294	38.637	27.527
3295	38.333	27.624
3296	38.011	27.626
3297	37.61	27.71
3298	37.219	27.708
3299	36.755	27.746
3300	36.347	27.722
3301	35.896	27.678
3302	35.422	27.675
3303	34.922	27.678
3304	34.405	27.697
3305	33.859	27.724
3306	33.354	27.687
3307	32.802	27.72
3308	32.262	27.736
3309	31.728	27.786
3310	31.224	27.776
3311	30.716	27.79
3312	30.225	27.821
3313	29.724	27.809
3314	29.267	27.797
3315	28.796	27.778
3316	28.336	27.811
3317	27.888	27.87
3318	27.469	27.916
3319	27.064	27.912
3320	26.697	27.846
3321	26.322	27.858
3322	25.978	27.844
3323	25.636	27.888
3324	25.333	27.9
3325	24.999	27.964
3326	24.72	27.994
3327	24.435	28.07
3328	24.175	28.085
3329	23.956	28.062
3330	23.749	28.033
3331	23.534	28.057
3332	23.374	28.021
3333	23.236	28.009
3334	23.095	27.955
3335	22.954	27.966
3336	22.829	27.983
3337	22.738	27.994
3338	22.669	27.964
3339	22.598	27.99
3340	22.564	27.954
3341	22.541	27.942
3342	22.549	27.91
3343	22.587	27.816
3344	22.641	27.798
3345	22.682	27.798
3346	22.779	27.819
3347	22.917	27.779
3348	23.069	27.796
3349	23.249	27.787
3350	23.459	27.743
3351	23.67	27.721
3352	23.924	27.637
3353	24.203	27.639
3354	24.488	27.673
3355	24.808	27.71
3356	25.156	27.716
3357	25.525	27.67
3358	25.913	27.677
3359	26.343	27.635
3360	26.797	27.582
3361	27.276	27.565
3362	27.759	27.511
3363	28.263	27.47
3364	28.784	27.456
3365	29.356	27.412
3366	29.93	27.359
3367	30.509	27.373
3368	31.079	27.4
3369	31.654	27.411
3370	32.251	27.448
3371	32.875	27.402
3372	33.455	27.389
3373	34.021	27.344
3374	34.576	27.29
3375	35.118	27.275
3376	35.648	27.289
3377	36.142	27.248
3378	36.634	27.183
3379	37.087	27.192
3380	37.515	27.188
3381	37.881	27.169
3382	38.219	27.255
3383	38.528	27.235
3384	38.767	27.299
3385	38.997	27.301
3386	39.127	27.299
3387	39.286	27.263
3388	39.326	27.314
3389	39.318	27.337
3390	39.26	27.362
3391	39.177	27.411
3392	39.019	27.417
3393	38.852	27.4
3394	38.65	27.398
3395	38.38	27.358
3396	38.032	27.379
3397	37.63	27.416
3398	37.24	27.475
3399	36.835	27.516
3400	36.389	27.562
3401	35.92	27.588
3402	35.453	27.692
3403	34.923	27.724
3404	34.431	27.735
3405	33.912	27.764
3406	33.414	27.771
3407	32.891	27.744
3408	32.362	27.762
3409	31.839	27.814
3410	31.308	27.86
3411	30.8	27.893
3412	30.293	27.965
3413	29.825	27.946
3414	29.356	27.908
3415	28.876	27.953
3416	28.408	27.989
3417	27.975	27.985
3418	27.532	28.076
3419	27.126	28.08
3420	26.754	28.085
3421	26.369	28.122
3422	26.018	28.123
3423	25.691	28.07
3424	25.368	28.057
3425	25.069	28.081
3426	24.774	28.077
3427	24.472	28.052
3428	24.243	28.037
3429	24.001	28.014
3430	23.775	27.999
3431	23.573	27.995
3432	23.393	27.959
3433	23.246	27.912
3434	23.105	27.831
3435	22.966	27.809
3436	22.878	27.744
3437	22.768	27.729
3438	22.672	27.768
3439	22.61	27.819
3440	22.578	27.831
3441	22.564	27.76
3442	22.579	27.708
3443	22.604	27.641
3444	22.653	27.667
3445	22.715	27.683
3446	22.812	27.671
3447	22.94	27.682
3448	23.058	27.688
3449	23.226	27.665
3450	23.421	27.608
3451	23.639	27.598
3452	23.892	27.576
3453	24.135	27.611
3454	24.43	27.559
3455	24.767	27.499
3456	25.114	27.516
3457	25.478	27.478
3458	25.855	27.495
3459	26.282	27.489
3460	26.716	27.486
3461	27.173	27.499
3462	27.67	27.455
3463	28.189	27.388
3464	28.749	27.315
3465	29.291	27.279
3466	29.86	27.263
3467	30.394	27.287
3468	30.967	27.289
3469	31.55	27.271
3470	32.134	27.256
3471	32.746	27.21
3472	33.345	27.14
3473	33.934	27.15
3474	34.511	27.111
3475	35.087	27.088
3476	35.655	27.069
3477	36.199	27.098
3478	36.748	27.044
3479	37.204	27.112
3480	37.628	27.141
3481	37.99	27.134
3482	38.34	27.236
3483	38.663	27.212
3484	38.904	27.19
3485	39.145	27.201
3486	39.313	27.179
3487	39.404	27.167
3488	39.465	27.221
3489	39.438	27.278
3490	39.383	27.291
3491	39.26	27.338
3492	39.165	27.323
3493	38.997	27.344
3494	38.742	27.304
3495	38.448	27.322
3496	38.068	27.374
3497	37.706	27.375
3498	37.35	27.424
3499	36.912	27.545
3500	36.437	27.627
3501	35.941	27.71
3502	35.409	27.738
3503	34.884	27.826
3504	34.338	27.834
3505	33.825	27.837
3506	33.318	27.809
3507	32.807	27.78
3508	32.269	27.858
3509	31.746	27.906
3510	31.223	27.907
3511	30.707	27.936
3512	30.206	27.966
3513	29.722	27.973
3514	29.224	28.003
3515	28.762	27.98
3516	28.329	27.932
3517	27.872	27.977
3518	27.448	27.978
3519	27.072	27.993
3520	26.704	27.943
3521	26.346	27.946
3522	25.991	28.004
3523	25.644	27.931
3524	25.329	27.877
3525	25.02	27.882
3526	24.74	27.872
3527	24.501	27.845
3528	24.235	27.824
3529	24.02	27.793
3530	23.8	27.788
3531	23.61	27.826
3532	23.422	27.847
3533	23.263	27.823
3534	23.11	27.876
3535	22.995	27.852
3536	22.873	27.862
3537	22.791	27.892
3538	22.715	27.868
3539	22.67	27.825
3540	22.613	27.866
3541	22.58	27.936
3542	22.584	27.95
3543	22.606	27.961
3544	22.642	27.943
3545	22.706	27.991
3546	22.807	27.947
3547	22.922	27.955
3548	23.057	27.974
3549	23.218	27.964
3550	23.418	27.887
3551	23.642	27.844
3552	23.884	27.818
3553	24.163	27.8
3554	24.453	27.775
3555	24.774	27.771
3556	25.112	27.715
3557	25.472	27.652
3558	25.867	27.601
3559	26.284	27.526
3560	26.71	27.557
3561	27.198	27.549
3562	27.677	27.546
3563	28.189	27.593
3564	28.718	27.579
3565	29.266	27.547
3566	29.83	27.494
3567	30.407	27.528
3568	30.973	27.472
3569	31.555	27.469
3570	32.141	27.432
3571	32.735	27.401
3572	33.308	27.384
3573	33.879	27.391
3574	34.429	27.398
3575	34.99	27.438
3576	35.553	27.382
3577	36.081	27.372
3578	36.58	27.348
3579	37.052	27.366
3580	37.472	27.378
3581	37.867	27.478
3582	38.218	27.478
3583	38.56	27.519
3584	38.846	27.537
3585	39.042	27.518
3586	39.198	27.49
3587	39.319	27.45
3588	39.351	27.447
3589	39.369	27.459
3590	39.38	27.444
3591	39.291	27.484
3592	39.152	27.439
3593	38.969	27.462
3594	38.745	27.505
3595	38.449	27.565
3596	38.143	27.624
3597	37.814	27.63
3598	37.443	27.683
3599	37.045	27.694
3600	36.585	27.699
3601	36.067	27.786
3602	35.542	27.832
3603	35.032	27.894
3604	34.513	27.91
3605	33.97	27.932
3606	33.439	27.89
3607	32.9	27.94
3608	32.314	27.971
3609	31.786	27.958
3610	31.275	27.968
3611	30.757	28.02
3612	30.267	28.025
3613	29.772	28.024
3614	29.281	28.014
3615	28.791	28.048
3616	28.342	28.054
3617	27.898	28.039
3618	27.487	28.055
3619	27.072	28.129
3620	26.697	28.109
3621	26.292	28.157
3622	25.91	28.158
3623	25.58	28.111
3624	25.26	28.099
3625	24.967	28.091
3626	24.704	28.031
3627	24.462	27.985
3628	24.217	27.922
3629	23.977	27.967
3630	23.776	27.911
3631	23.577	27.883
3632	23.417	27.83
3633	23.266	27.839
3634	23.114	27.884
3635	22.992	27.935
3636	22.89	27.886
3637	22.778	27.925
3638	22.713	27.925
3639	22.658	27.928
3640	22.632	27.869
3641	22.621	27.839
3642	22.634	27.801
3643	22.649	27.805
3644	22.702	27.73
3645	22.785	27.689
3646	22.882	27.636
3647	23.009	27.638
3648	23.144	27.626
3649	23.304	27.615
3650	23.491	27.621
3651	23.71	27.587
3652	23.945	27.587
3653	24.213	27.603
3654	24.508	27.542
3655	24.828	27.543
3656	25.16	27.556
3657	25.507	27.593
3658	25.899	27.549
3659	26.304	27.524
3660	26.739	27.472
3661	27.201	27.478
3662	27.673	27.454
3663	28.181	27.399
3664	28.696	27.415
3665	29.229	27.467
3666	29.778	27.457
3667	30.354	27.455
3668	30.929	27.443
3669	31.504	27.439
3670	32.062	27.487
3671	32.669	27.471
3672	33.27	27.486
3673	33.828	27.527
3674	34.404	27.564
3675	34.962	27.538
3676	35.5	27.522
3677	35.991	27.547
3678	36.459	27.57
3679	36.927	27.603
3680	37.34	27.616
3681	37.762	27.612
3682	38.13	27.614
3683	38.432	27.624
3684	38.746	27.608
3685	38.984	27.595
3686	39.151	27.654
3687	39.311	27.646
3688	39.374	27.67
3689	39.434	27.615
3690	39.4	27.615
3691	39.296	27.654
3692	39.126	27.733
3693	38.964	27.734
3694	38.743	27.738
3695	38.474	27.746
3696	38.146	27.801
3697	37.787	27.758
3698	37.435	27.723
3699	37.029	27.697
3700	36.574	27.73
3701	36.047	27.831
3702	35.559	27.836
3703	35.075	27.826
3704	34.565	27.837
3705	34.035	27.84
3706	33.481	27.883
3707	32.955	27.895
3708	32.433	27.937
3709	31.872	27.952
3710	31.353	27.992
3711	30.82	28.006
3712	30.306	28.033
3713	29.811	28.041
3714	29.304	28.079
3715	28.835	28.075
3716	28.397	28.041
3717	27.965	27.976
3718	27.522	27.989
3719	27.102	27.995
3720	26.713	28.03
3721	26.344	28.007
3722	25.999	28.013
3723	25.653	28.007
3724	25.327	28.015
3725	25.01	28.029
3726	24.736	28.044
3727	24.475	28.037
3728	24.218	28.073
3729	24	28.04
3730	23.805	28.02
3731	23.605	28.027
3732	23.432	27.999
3733	23.284	27.909
3734	23.145	27.918
3735	23.004	27.931
3736	22.89	27.943
3737	22.803	27.919
3738	22.712	27.945
3739	22.655	28.01
3740	22.611	28.018
3741	22.6	27.994
3742	22.591	28.022
3743	22.635	27.968
3744	22.687	27.964
3745	22.758	27.903
3746	22.86	27.857
3747	22.974	27.873
3748	23.114	27.883
3749	23.279	27.857
3750	23.469	27.853
3751	23.687	27.799
3752	23.928	27.796
3753	24.213	27.699
3754	24.482	27.691
3755	24.784	27.719
3756	25.148	27.641
3757	25.507	27.63
3758	25.902	27.596
3759	26.338	27.531
3760	26.776	27.489
3761	27.254	27.407
3762	27.733	27.387
3763	28.242	27.38
3764	28.766	27.321
3765	29.312	27.29
3766	29.855	27.322
3767	30.439	27.307
3768	31.024	27.274
3769	31.624	27.2
3770	32.215	27.169
3771	32.785	27.175
3772	33.354	27.154
3773	33.931	27.109
3774	34.514	27.073
3775	35.104	27.044
3776	35.659	27.046
3777	36.182	27.045
3778	36.66	27.104
3779	37.141	27.087
3780	37.576	27.094
3781	37.925	27.144
3782	38.259	27.197
3783	38.539	27.245
3784	38.758	27.3
3785	38.985	27.304
3786	39.138	27.352
3787	39.242	27.351
3788	39.32	27.343
3789	39.309	27.359
3790	39.247	27.419
3791	39.145	27.493
3792	39.022	27.504
3793	38.815	27.575
3794	38.527	27.681
3795	38.244	27.732
3796	37.931	27.754
3797	37.594	27.799
3798	37.232	27.83
3799	36.808	27.895
3800	36.365	27.879
3801	35.885	27.903
3802	35.386	27.915
3803	34.891	27.953
3804	34.386	28.011
3805	33.89	27.981
3806	33.392	27.995
3807	32.886	27.933
3808	32.355	27.969
3809	31.859	27.94
3810	31.364	27.941
3811	30.89	27.901
3812	30.401	27.949
3813	29.919	27.941
3814	29.454	27.981
3815	28.993	27.985
3816	28.542	27.939
3817	28.081	27.987
3818	27.64	27.995
3819	27.243	27.975
3820	26.827	27.99
3821	26.446	28.049
3822	26.086	28.04
3823	25.74	28.101
3824	25.408	28.114
3825	25.093	28.176
3826	24.804	28.168
3827	24.552	28.145
3828	24.275	28.165
3829	24.026	28.105
3830	23.8	28.074
3831	23.591	28.027
3832	23.406	28.056
3833	23.242	28.043
3834	23.096	28.039
3835	22.944	28.076
3836	22.803	28.085
3837	22.7	28.135
3838	22.615	28.116
3839	22.542	28.082
3840	22.513	28.043
3841	22.479	28.015
3842	22.486	27.999
3843	22.525	27.99
3844	22.581	27.944
3845	22.655	27.92
3846	22.741	27.898
3847	22.855	27.91
3848	22.994	27.847
3849	23.161	27.845
3850	23.361	27.786
3851	23.597	27.719
3852	23.845	27.71
3853	24.133	27.625
3854	24.448	27.609
3855	24.77	27.644
3856	25.128	27.616
3857	25.495	27.62
3858	25.891	27.645
3859	26.288	27.67
3860	26.746	27.594
3861	27.223	27.572
3862	27.734	27.478
3863	28.269	27.41
3864	28.826	27.423
3865	29.373	27.423
3866	29.95	27.412
3867	30.524	27.321
3868	31.106	27.336
3869	31.694	27.329
3870	32.313	27.288
3871	32.897	27.259
3872	33.495	27.217
3873	34.094	27.169
3874	34.677	27.158
3875	35.225	27.14
3876	35.742	27.166
3877	36.234	27.172
3878	36.733	27.216
3879	37.165	27.249
3880	37.575	27.296
3881	37.966	27.29
3882	38.307	27.288
3883	38.582	27.258
3884	38.826	27.285
3885	39.017	27.318
3886	39.14	27.355
3887	39.181	27.378
3888	39.192	27.423
3889	39.195	27.393
3890	39.117	27.42
3891	39.026	27.452
3892	38.864	27.518
3893	38.692	27.454
3894	38.449	27.486
3895	38.149	27.549
3896	37.825	27.568
3897	37.455	27.57
3898	37.047	27.669
3899	36.611	27.701
3900	36.179	27.792
3901	35.712	27.85
3902	35.245	27.869
3903	34.717	27.883
3904	34.236	27.958
3905	33.727	27.972
3906	33.217	28.02
3907	32.706	28.017
3908	32.21	28.098
3909	31.713	28.106
3910	31.206	28.167
3911	30.74	28.141
3912	30.276	28.169
3913	29.806	28.207
3914	29.326	28.287
3915	28.88	28.299
3916	28.429	28.297
3917	28.014	28.249
3918	27.575	28.331
3919	27.174	28.289
3920	26.788	28.304
3921	26.46	28.27
3922	26.103	28.306
3923	25.777	28.286
3924	25.475	28.222
3925	25.17	28.162
3926	24.883	28.16
3927	24.617	28.109
3928	24.375	28.111
3929	24.125	28.049
3930	23.904	27.973
3931	23.698	27.975
3932	23.509	27.991
3933	23.328	27.921
3934	23.182	27.938
3935	23.044	27.935
3936	22.903	27.956
3937	22.792	27.955
3938	22.698	27.973
3939	22.626	27.911
3940	22.572	27.87
3941	22.543	27.89
3942	22.536	27.949
3943	22.567	27.914
3944	22.624	27.904
3945	22.694	27.896
3946	22.771	27.91
3947	22.905	27.876
3948	23.021	27.881
3949	23.173	27.895
3950	23.35	27.895
3951	23.589	27.835
3952	23.84	27.828
3953	24.113	27.803
3954	24.419	27.804
3955	24.749	27.798
3956	25.091	27.772
3957	25.483	27.724
3958	25.882	27.687
3959	26.302	27.607
3960	26.748	27.536
3961	27.221	27.57
3962	27.721	27.517
3963	28.244	27.524
3964	28.8	27.531
3965	29.355	27.514
3966	29.954	27.424
3967	30.537	27.386
3968	31.114	27.392
3969	31.684	27.47
3970	32.284	27.429
3971	32.876	27.422
3972	33.421	27.414
3973	34.048	27.354
3974	34.62	27.368
3975	35.209	27.401
3976	35.701	27.434
3977	36.182	27.469
3978	36.668	27.445
3979	37.11	27.42
3980	37.52	27.455
3981	37.897	27.44
3982	38.22	27.425
3983	38.559	27.443
3984	38.832	27.43
3985	39.085	27.428
3986	39.256	27.41
3987	39.376	27.445
3988	39.441	27.462
3989	39.398	27.41
3990	39.394	27.39
3991	39.227	27.471
3992	39.078	27.463
3993	38.872	27.491
3994	38.612	27.474
3995	38.353	27.453
3996	38.03	27.478
3997	37.698	27.582
3998	37.267	27.614
3999	36.844	27.658
4000	36.364	27.659
4001	35.917	27.672
4002	35.428	27.745
4003	34.929	27.782
4004	34.418	27.845
4005	33.898	27.844
4006	33.387	27.87
4007	32.861	27.94
4008	32.305	27.964
4009	31.76	28.03
4010	31.211	28.092
4011	30.696	28.1
4012	30.201	28.129
4013	29.697	28.107
4014	29.225	28.143
4015	28.736	28.213
4016	28.283	28.22
4017	27.861	28.223
4018	27.445	28.215
4019	27.056	28.253
4020	26.643	28.322
4021	26.261	28.343
4022	25.909	28.278
4023	25.6	28.303
4024	25.279	28.274
4025	25.009	28.208
4026	24.724	28.257
4027	24.46	28.242
4028	24.22	28.203
4029	23.986	28.17
4030	23.772	28.216
4031	23.568	28.26
4032	23.384	28.27
4033	23.24	28.261
4034	23.114	28.275
4035	22.987	28.281
4036	22.887	28.257
4037	22.785	28.236
4038	22.717	28.157
4039	22.672	28.15
4040	22.649	28.078
4041	22.659	28.037
4042	22.652	28.084
4043	22.672	28.071
4044	22.721	28.024
4045	22.819	27.974
4046	22.941	27.892
4047	23.061	27.948
4048	23.174	27.914
4049	23.339	27.901
4050	23.512	27.965
4051	23.733	27.915
4052	23.962	27.878
4053	24.22	27.862
4054	24.515	27.828
4055	24.838	27.761
4056	25.18	27.696
4057	25.535	27.649
4058	25.92	27.61
4059	26.296	27.567
4060	26.754	27.464
4061	27.207	27.474
4062	27.696	27.439
4063	28.198	27.464
4064	28.733	27.456
4065	29.266	27.525
4066	29.809	27.559
4067	30.386	27.481
4068	30.97	27.466
4069	31.533	27.464
4070	32.093	27.468
4071	32.656	27.486
4072	33.239	27.394
4073	33.84	27.382
4074	34.433	27.362
4075	34.992	27.354
4076	35.525	27.33
4077	36.062	27.313
4078	36.552	27.336
4079	37.003	27.355
4080	37.422	27.367
4081	37.821	27.399
4082	38.198	27.451
4083	38.521	27.472
4084	38.836	27.441
4085	39.037	27.513
4086	39.236	27.558
4087	39.348	27.612
4088	39.412	27.645
4089	39.409	27.67
4090	39.352	27.652
4091	39.278	27.635
4092	39.131	27.631
4093	38.98	27.675
4094	38.78	27.667
4095	38.534	27.648
4096	38.229	27.622
4097	37.874	27.654
4098	37.49	27.693
4099	37.06	27.727
4100	36.642	27.674
4101	36.167	27.716
4102	35.664	27.767
4103	35.174	27.811
4104	34.68	27.855
4105	34.166	27.848
4106	33.639	27.837
4107	33.093	27.852
4108	32.576	27.855
4109	32.037	27.872
4110	31.485	27.907
4111	30.946	27.879
4112	30.429	27.89
4113	29.929	27.888
4114	29.449	27.905
4115	28.964	27.925
4116	28.486	27.94
4117	28.021	27.999
4118	27.575	27.947
4119	27.138	27.994
4120	26.724	28.021
4121	26.328	28.141
4122	25.962	28.15
4123	25.611	28.141
4124	25.293	28.136
4125	24.963	28.182
4126	24.672	28.228
4127	24.409	28.199
4128	24.141	28.182
4129	23.898	28.175
4130	23.652	28.219
4131	23.445	28.282
4132	23.273	28.191
4133	23.092	28.217
4134	22.943	28.23
4135	22.831	28.184
4136	22.723	28.225
4137	22.632	28.208
4138	22.552	28.221
4139	22.494	28.199
4140	22.476	28.186
4141	22.477	28.183
4142	22.486	28.203
4143	22.517	28.23
4144	22.592	28.213
4145	22.68	28.173
4146	22.778	28.122
4147	22.893	28.106
4148	23.043	28.065
4149	23.213	28.028
4150	23.422	28.023
4151	23.647	27.921
4152	23.901	27.876
4153	24.193	27.809
4154	24.495	27.786
4155	24.829	27.761
4156	25.181	27.711
4157	25.571	27.716
4158	25.951	27.68
4159	26.387	27.656
4160	26.825	27.687
4161	27.282	27.584
4162	27.769	27.573
4163	28.277	27.551
4164	28.779	27.546
4165	29.339	27.47
4166	29.883	27.452
4167	30.436	27.414
4168	31.014	27.389
4169	31.588	27.299
4170	32.147	27.349
4171	32.724	27.313
4172	33.303	27.325
4173	33.873	27.362
4174	34.443	27.39
4175	34.981	27.412
4176	35.518	27.431
4177	36.019	27.443
4178	36.477	27.484
4179	36.939	27.466
4180	37.393	27.469
4181	37.777	27.497
4182	38.104	27.498
4183	38.468	27.49
4184	38.731	27.52
4185	38.948	27.488
4186	39.11	27.528
4187	39.237	27.535
4188	39.309	27.559
4189	39.363	27.577
4190	39.299	27.642
4191	39.198	27.66
4192	39.061	27.706
4193	38.908	27.701
4194	38.684	27.806
4195	38.431	27.797
4196	38.144	27.855
4197	37.816	27.883
4198	37.444	27.846
4199	37.003	27.837
4200	36.55	27.846
4201	36.045	27.878
4202	35.538	27.94
4203	35.05	27.973
4204	34.524	27.983
4205	33.989	28.065
4206	33.464	28.079
4207	32.921	28.13
4208	32.353	28.185
4209	31.815	28.2
4210	31.29	28.237
4211	30.772	28.283
4212	30.265	28.307
4213	29.768	28.352
4214	29.285	28.405
4215	28.818	28.392
4216	28.378	28.384
4217	27.947	28.386
4218	27.516	28.386
4219	27.109	28.373
4220	26.702	28.372
4221	26.322	28.393
4222	25.974	28.341
4223	25.634	28.417
4224	25.32	28.461
4225	25.001	28.454
4226	24.738	28.476
4227	24.468	28.471
4228	24.211	28.462
4229	23.98	28.446
4230	23.756	28.358
4231	23.558	28.341
4232	23.381	28.337
4233	23.239	28.282
4234	23.078	28.29
4235	22.946	28.29
4236	22.852	28.311
4237	22.762	28.245
4238	22.693	28.187
4239	22.621	28.115
4240	22.583	28.124
4241	22.563	28.082
4242	22.576	28.087
4243	22.609	28.059
4244	22.654	27.982
4245	22.739	27.968
4246	22.839	27.911
4247	22.949	27.932
4248	23.101	27.86
4249	23.276	27.795
4250	23.498	27.793
4251	23.716	27.784
4252	23.966	27.766
4253	24.232	27.75
4254	24.518	27.771
4255	24.839	27.771
4256	25.19	27.733
4257	25.552	27.696
4258	25.943	27.715
4259	26.375	27.657
4260	26.809	27.618
4261	27.268	27.532
4262	27.736	27.543
4263	28.232	27.514
4264	28.767	27.491
4265	29.296	27.469
4266	29.842	27.502
4267	30.413	27.439
4268	30.974	27.472
4269	31.559	27.499
4270	32.113	27.506
4271	32.7	27.467
4272	33.295	27.428
4273	33.843	27.451
4274	34.403	27.44
4275	34.934	27.409
4276	35.468	27.422
4277	36.021	27.366
4278	36.498	27.343
4279	36.94	27.341
4280	37.41	27.345
4281	37.807	27.342
4282	38.173	27.348
4283	38.474	27.38
4284	38.781	27.392
4285	39.024	27.409
4286	39.192	27.489
4287	39.35	27.543
4288	39.468	27.504
4289	39.492	27.572
4290	39.471	27.613
4291	39.383	27.616
4292	39.239	27.655
4293	39.009	27.685
4294	38.768	27.699
4295	38.516	27.722
4296	38.171	27.773
4297	37.806	27.805
4298	37.42	27.797
4299	36.973	27.852
4300	36.529	27.906
4301	36.047	27.936
4302	35.515	27.999
4303	35.009	28.025
4304	34.52	28.085
4305	33.964	28.14
4306	33.396	28.2
4307	32.841	28.285
4308	32.291	28.274
4309	31.758	28.278
4310	31.251	28.273
4311	30.732	28.238
4312	30.209	28.193
4313	29.696	28.234
4314	29.235	28.223
4315	28.745	28.23
4316	28.302	28.233
4317	27.849	28.262
4318	27.439	28.296
4319	27.018	28.343
4320	26.632	28.338
4321	26.268	28.365
4322	25.907	28.394
4323	25.571	28.423
4324	25.267	28.459
4325	24.957	28.473
4326	24.673	28.426
4327	24.421	28.413
4328	24.185	28.488
4329	23.956	28.438
4330	23.732	28.366
4331	23.551	28.397
4332	23.392	28.338
4333	23.243	28.364
4334	23.074	28.414
4335	22.95	28.402
4336	22.854	28.347
4337	22.78	28.313
4338	22.709	28.336
4339	22.631	28.327
4340	22.608	28.297
4341	22.596	28.323
4342	22.607	28.309
4343	22.626	28.262
4344	22.692	28.172
4345	22.771	28.144
4346	22.866	28.12
4347	23.006	28.068
4348	23.148	28.089
4349	23.311	27.995
4350	23.515	27.911
4351	23.744	27.85
4352	23.979	27.842
4353	24.245	27.819
4354	24.519	27.793
4355	24.857	27.778
4356	25.199	27.696
4357	25.553	27.674
4358	25.927	27.659
4359	26.362	27.638
4360	26.814	27.608
4361	27.922	27.612
4362	28.408	27.627
4363	28.932	27.57
4364	29.464	27.548
4365	30.006	27.537
4366	30.576	27.491
4367	31.145	27.462
4368	31.724	27.479
4369	32.316	27.504
4370	32.884	27.568
4371	33.469	27.535
4372	34.005	27.521
4373	34.584	27.482
4374	35.122	27.492
4375	35.622	27.511
4376	36.118	27.581
4377	36.618	27.564
4378	37.071	27.576
4379	37.543	27.549
4380	37.904	27.57
4381	38.291	27.531
4382	38.632	27.506
4383	38.929	27.491
4384	39.103	27.518
4385	39.219	27.586
4386	38.255	27.613
4387	38.313	27.626
4388	38.288	27.711
4389	38.284	27.687
4390	38.257	27.671
4391	38.124	27.691
4392	37.984	27.726
4393	37.818	27.708
4394	37.6	27.688
4395	37.353	27.663
4396	37.064	27.681
4397	36.727	27.707
4398	36.35	27.758
4399	36.012	27.763
4400	35.652	27.77
4401	35.232	27.751
4402	34.806	27.725
4403	34.369	27.653
4404	33.878	27.715
4405	33.438	27.722
4406	32.969	27.779
4407	32.49	27.826
4408	32.016	27.825
4409	31.573	27.815
4410	31.107	27.797
4411	30.66	27.759
4412	30.19	27.805
4413	29.743	27.765
4414	29.276	27.827
4415	28.834	27.874
4416	28.426	27.89
4417	28.029	27.864
4418	27.663	27.846
4419	27.283	27.866
4420	26.912	27.855
4421	26.563	27.844
4422	26.231	27.869
4423	25.9	27.814
4424	25.576	27.837
4425	25.279	27.813
4426	24.995	27.828
4427	24.697	27.887
4428	24.434	27.92
4429	24.208	27.939
4430	23.99	27.89
4431	23.797	27.86
4432	23.589	27.88
4433	23.412	27.911
4434	23.269	27.879
4435	23.137	27.883
4436	22.995	27.926
4437	22.887	27.932
4438	22.814	27.949
4439	22.77	27.9
4440	22.723	27.858
4441	22.696	27.815
4442	22.688	27.837
4443	22.673	27.865
4444	22.696	27.938
4445	22.761	27.89
4446	22.832	27.906
4447	22.946	27.856
4448	23.078	27.857
4449	23.241	27.847
4450	23.411	27.829
4451	23.64	27.735
4452	23.899	27.699
4453	24.186	27.593
4454	24.487	27.524
4455	24.806	27.516
4456	25.11	27.538
4457	25.501	27.468
4458	25.88	27.442
4459	26.268	27.498
4460	26.707	27.806
4461	27.172	27.795
4462	27.675	27.428
4463	28.027	27.42
4464	28.555	27.419
4465	28.913	27.454
4466	29.459	27.461
4467	30.028	27.416
4468	30.611	27.402
4469	31.195	27.347
4470	31.763	27.382
4471	32.367	27.407
4472	32.954	27.418
4473	33.557	27.445
4474	34.124	27.446
4475	34.697	27.461
4476	35.207	27.551
4477	35.733	27.542
4478	36.215	27.63
4479	36.661	27.652
4480	37.095	27.694
4481	37.56	27.657
4482	37.918	27.72
4483	38.282	27.699
4484	38.594	27.634
4485	38.835	27.312
4486	39.064	27.352
4487	39.213	27.649
4488	39.578	27.64
4489	39.601	27.635
4490	39.889	27.609
4491	39.847	27.571
4492	39.707	27.588
4493	39.562	27.551
4494	39.327	27.549
4495	39.049	27.594
4496	38.711	27.562
4497	38.343	27.575
4498	37.943	27.608
4499	37.488	27.633
4500	37.04	27.623
4501	36.565	27.565
4502	36.056	27.576
4503	35.516	27.595
4504	35.013	27.573
4505	34.459	27.588
4506	33.878	27.593
4507	33.313	27.571
4508	32.745	27.588
4509	32.18	27.629
4510	31.62	27.648
4511	31.067	27.618
4512	30.516	27.668
4513	29.981	27.678
4514	29.474	27.66
4515	28.947	27.684
4516	28.446	27.74
4517	27.993	27.747
4518	27.523	27.856
4519	27.08	27.888
4520	26.676	27.869
4521	26.29	27.909
4522	25.922	27.923
4523	25.571	27.898
4524	25.225	27.921
4525	24.909	27.958
4526	24.619	28.04
4527	24.342	28.042
4528	24.078	28.039
4529	23.824	28.132
4530	23.599	28.169
4531	23.389	28.227
4532	23.215	28.267
4533	23.052	28.276
4534	22.907	28.249
4535	22.807	28.209
4536	22.7	28.187
4537	22.631	28.164
4538	22.561	28.207
4539	22.509	28.271
4540	22.494	28.252
4541	22.488	28.248
4542	22.513	28.239
4543	22.551	28.215
4544	22.638	28.172
4545	22.722	28.15
4546	22.833	28.124
4547	22.969	28.087
4548	23.111	28.062
4549	23.318	28.008
4550	23.499	28.006
4551	23.731	27.886
4552	23.981	27.931
4553	24.276	27.884
4554	24.581	27.823
4555	24.927	27.725
4556	25.273	27.702
4557	25.641	27.564
4558	26.027	27.539
4559	26.451	27.533
4560	26.872	27.512
4561	27.332	27.513
4562	27.819	27.491
4563	28.329	27.414
4564	28.848	27.384
4565	29.379	27.345
4566	29.93	27.305
4567	30.437	27.318
4568	31.01	27.231
4569	31.542	27.197
4570	32.119	27.166
4571	32.692	27.128
4572	33.233	27.16
4573	33.821	27.121
4574	34.371	27.102
4575	34.964	27.064
4576	35.473	27.126
4577	35.965	27.1
4578	36.431	27.094
4579	36.874	27.087
4580	37.279	27.117
4581	37.674	27.141
4582	37.999	27.24
4583	38.347	27.207
4584	38.622	27.196
4585	38.827	27.247
4586	39.008	27.247
4587	39.122	27.295
4588	39.158	27.363
4589	39.184	27.374
4590	39.147	27.4
4591	39.081	27.455
4592	39.03	27.432
4593	38.856	27.448
4594	38.642	27.539
4595	38.352	27.57
4596	38.029	27.604
4597	37.684	27.604
4598	37.271	27.676
4599	36.857	27.704
4600	36.407	27.731
4601	35.934	27.74
4602	35.465	27.706
4603	34.955	27.786
4604	34.476	27.776
4605	33.981	27.76
4606	33.447	27.766
4607	32.939	27.849
4608	32.393	27.92
4609	31.878	27.916
4610	31.34	27.94
4611	30.835	27.978
4612	30.315	27.964
4613	29.828	27.949
4614	29.343	27.957
4615	28.884	28.047
4616	28.415	28.078
4617	27.96	28.068
4618	27.517	28.158
4619	27.123	28.154
4620	26.73	28.198
4621	26.37	28.185
4622	26.037	28.231
4623	25.716	28.213
4624	25.396	28.235
4625	25.116	28.213
4626	24.841	28.199
4627	24.574	28.22
4628	24.311	28.198
4629	24.054	28.23
4630	23.806	28.315
4631	23.62	28.285
4632	23.452	28.176
4633	23.307	28.121
4634	23.155	28.13
4635	23.04	28.124
4636	22.915	28.08
4637	22.832	28.109
4638	22.765	28.116
4639	22.697	28.154
4640	22.658	28.056
4641	22.639	28.044
4642	22.635	28.068
4643	22.667	28.017
4644	22.713	28.025
4645	22.797	27.969
4646	22.87	27.991
4647	22.98	27.899
4648	23.118	27.889
4649	23.279	27.872
4650	23.435	27.881
4651	23.656	27.842
4652	23.911	27.794
4653	24.198	27.722
4654	24.498	27.714
4655	24.823	27.664
4656	25.159	27.63
4657	25.509	27.647
4658	25.882	27.66
4659	26.29	27.658
4660	26.71	27.61
4661	27.154	27.614
4662	27.635	27.576
4663	28.124	27.537
4664	28.66	27.472
4665	29.198	27.464
4666	29.749	27.419
4667	30.317	27.27
4668	30.884	27.24
4669	31.457	27.159
4670	32.036	27.14
4671	32.645	27.116
4672	33.203	27.153
4673	33.779	27.136
4674	34.356	27.129
4675	34.929	27.08
4676	35.468	27.142
4677	35.958	27.231
4678	36.437	27.277
4679	36.903	27.256
4680	37.345	27.276
4681	37.73	27.311
4682	38.094	27.281
4683	38.406	27.321
4684	38.677	27.343
4685	38.965	27.337
4686	39.175	27.325
4687	39.286	27.352
4688	39.403	27.348
4689	39.408	27.376
4690	39.371	27.414
4691	39.289	27.434
4692	39.12	27.61
4693	38.937	27.645
4694	38.711	27.726
4695	38.41	27.781
4696	38.118	27.781
4697	37.797	27.822
4698	37.413	27.859
4699	36.973	27.888
4700	36.501	27.946
4701	36.015	27.965
4702	35.506	27.943
4703	35.001	27.942
4704	34.477	27.996
4705	33.951	27.985
4706	33.435	28.006
4707	32.902	28.086
4708	32.356	28.1
4709	31.829	28.15
4710	31.302	28.147
4711	30.786	28.224
4712	30.273	28.232
4713	29.754	28.28
4714	29.282	28.291
4715	28.816	28.27
4716	28.386	28.247
4717	27.966	28.193
4718	27.549	28.231
4719	27.123	28.22
4720	26.748	28.217
4721	26.352	28.232
4722	25.986	28.21
4723	25.639	28.197