1000	40.006	27.193
1001	39.797	27.229
1002	39.525	27.231
1003	39.206	27.276
1004	38.85	27.315
1005	38.47	27.352
1006	38.055	27.368
1007	37.619	27.401
1008	37.128	27.368
1009	36.602	27.424
1010	36.069	27.436
1011	35.521	27.493
1012	34.938	27.55
1013	34.38	27.529
1014	33.79	27.52
1015	33.209	27.563
1016	32.579	27.629
1017	32	27.658
1018	31.414	27.68
1019	30.831	27.651
1020	30.279	27.654
1021	29.737	27.66
1022	29.214	27.652
1023	28.699	27.729
1024	28.217	27.69
1025	27.751	27.718
1026	27.304	27.719
1027	26.862	27.729
1028	26.438	27.735
1029	26.035	27.738
1030	25.64	27.774
1031	25.271	27.736
1032	24.899	27.749
1033	24.581	27.764
1034	24.26	27.799
1035	23.956	27.81
1036	23.68	27.755
1037	23.441	27.76
1038	23.194	27.791
1039	22.986	27.838
1040	22.783	27.824
1041	22.616	27.831
1042	22.471	27.819
1043	22.318	27.84
1044	22.2	27.877
1045	22.088	27.864
1046	21.989	27.856
1047	21.921	27.871
1048	21.905	27.789
1049	21.88	27.842
1050	21.876	27.833
1051	21.885	27.816
1052	21.928	27.819
1053	22.014	27.771
1054	22.106	27.73
1055	22.231	27.671
1056	22.377	27.713
1057	22.554	27.696
1058	22.756	27.67
1059	22.997	27.643
1060	23.262	27.671
1061	23.558	27.689
1062	23.873	27.638
1063	24.218	27.621
1064	24.581	27.543
1065	24.978	27.532
1066	25.402	27.522
1067	25.871	27.505
1068	26.373	27.425
1069	26.896	27.378
1070	27.458	27.354
1071	28.028	27.342
1072	28.588	27.333
1073	29.159	27.353
1074	29.776	27.318
1075	30.402	27.358
1076	31.049	27.358
1077	31.712	27.361
1078	32.332	27.36
1079	32.987	27.382
1080	33.642	27.348
1081	34.271	27.315
1082	34.888	27.327
1083	35.506	27.368
1084	36.087	27.323
1085	36.642	27.313
1086	37.167	27.313
1087	37.679	27.288
1088	38.151	27.248
1089	38.605	27.296
1090	39	27.289
1091	39.343	27.261
1092	39.608	27.25
1093	39.849	27.285
1094	40.035	27.233
1095	40.15	27.237
1096	40.196	27.242
1097	40.237	27.272
1098	40.236	27.243
1099	40.11	27.268
1100	39.958	27.226
1101	39.72	27.223
1102	39.422	27.215
1103	39.136	27.277
1104	38.814	27.243
1105	38.437	27.233
1106	38.01	27.31
1107	37.568	27.332
1108	37.071	27.319
1109	36.583	27.338
1110	36.067	27.35
1111	35.55	27.295
1112	34.996	27.338
1113	34.433	27.38
1114	33.864	27.33
1115	33.303	27.397
1116	32.738	27.408
1117	32.161	27.456
1118	31.556	27.476
1119	30.987	27.547
1120	30.418	27.623
1121	29.902	27.636
1122	29.367	27.67
1123	28.815	27.703
1124	28.316	27.748
1125	27.831	27.721
1126	27.379	27.769
1127	26.936	27.828
1128	26.499	27.824
1129	26.054	27.928
1130	25.656	27.968
1131	25.273	27.952
1132	24.904	27.975
1133	24.575	27.971
1134	24.237	28.01
1135	23.939	28.015
1136	23.65	28.12
1137	23.351	28.142
1138	23.096	28.187
1139	22.87	28.21
1140	22.654	28.169
1141	22.475	28.147
1142	22.303	28.119
1143	22.173	28.158
1144	22.049	28.15
1145	21.949	28.1
1146	21.867	28.082
1147	21.807	28.074
1148	21.776	28.118
1149	21.752	28.085
1150	21.755	28.116
1151	21.798	28.046
1152	21.866	27.946
1153	21.958	27.886
1154	22.081	27.805
1155	22.203	27.837
1156	22.369	27.81
1157	22.564	27.811
1158	22.78	27.836
1159	23.033	27.819
1160	23.308	27.766
1161	23.607	27.705
1162	23.945	27.687
1163	24.312	27.644
1164	24.696	27.645
1165	25.113	27.637
1166	25.54	27.628
1167	26.003	27.63
1168	26.49	27.586
1169	27.011	27.586
1170	27.543	27.587
1171	28.1	27.564
1172	28.672	27.506
1173	29.278	27.433
1174	29.912	27.413
1175	30.542	27.435
1176	31.15	27.476
1177	31.789	27.49
1178	32.428	27.527
1179	33.074	27.479
1180	33.722	27.497
1181	34.356	27.473
1182	34.969	27.443
1183	35.565	27.407
1184	36.164	27.359
1185	36.709	27.338
1186	37.248	27.313
1187	37.762	27.338
1188	38.213	27.353
1189	38.637	27.352
1190	39.003	27.322
1191	39.366	27.285
1192	39.622	27.27
1193	39.852	27.229
1194	40.018	27.199
1195	40.14	27.147
1196	40.183	27.188
1197	40.207	27.188
1198	40.155	27.2
1199	40.082	27.172
1200	39.917	27.166
1201	39.726	27.146
1202	39.449	27.155
1203	39.13	27.178
1204	38.781	27.247
1205	38.396	27.274
1206	37.998	27.265
1207	37.575	27.256
1208	37.103	27.251
1209	36.596	27.265
1210	36.064	27.333
1211	35.505	27.373
1212	34.953	27.394
1213	34.378	27.378
1214	33.806	27.427
1215	33.223	27.492
1216	32.644	27.541
1217	32.096	27.571
1218	31.524	27.615
1219	30.959	27.669
1220	30.395	27.714
1221	29.84	27.745
1222	29.304	27.796
1223	28.776	27.828
1224	28.252	27.882
1225	27.761	27.883
1226	27.291	27.963
1227	26.853	27.952
1228	26.422	27.944
1229	26.003	27.934
1230	25.595	27.879
1231	25.206	27.962
1232	24.835	27.992
1233	24.482	27.998
1234	24.151	28.045
1235	23.858	28.011
1236	23.568	28.036
1237	23.3	28.005
1238	23.071	28.003
1239	22.838	27.98
1240	22.646	27.911
1241	22.46	27.941
1242	22.313	27.914
1243	22.181	27.915
1244	22.044	27.878
1245	21.945	27.874
1246	21.879	27.802
1247	21.823	27.741
1248	21.784	27.725
1249	21.768	27.682
1250	21.783	27.682
1251	21.818	27.658
1252	21.863	27.676
1253	21.958	27.626
1254	22.072	27.632
1255	22.21	27.648
1256	22.373	27.59
1257	22.554	27.533
1258	22.791	27.512
1259	23.032	27.474
1260	23.304	27.479
1261	23.616	27.472
1262	23.961	27.403
1263	24.312	27.378
1264	24.71	27.344
1265	25.122	27.435
1266	25.552	27.443
1267	26.01	27.379
1268	26.489	27.399
1269	27.019	27.395
1270	27.564	27.401
1271	28.115	27.416
1272	28.693	27.391
1273	29.298	27.378
1274	29.912	27.372
1275	30.546	27.329
1276	31.18	27.265
1277	31.836	27.241
1278	32.441	27.27
1279	33.078	27.253
1280	33.751	27.199
1281	34.385	27.19
1282	35.041	27.169
1283	35.655	27.147
1284	36.253	27.166
1285	36.835	27.136
1286	37.363	27.072
1287	37.854	27.101
1288	38.322	27.077
1289	38.738	27.068
1290	39.082	27.002
1291	39.424	26.931
1292	39.685	26.998
1293	39.907	26.971
1294	40.07	26.971
1295	40.194	26.954
1296	40.251	26.986
1297	40.268	27.031
1298	40.23	27.002
1299	40.125	27.005
1300	39.962	26.976
1301	39.773	26.968
1302	39.487	26.986
1303	39.202	26.958
1304	38.871	26.955
1305	38.424	27.001
1306	37.989	27.05
1307	37.506	27.092
1308	37.001	27.098
1309	36.467	27.118
1310	35.932	27.157
1311	35.36	27.206
1312	34.803	27.224
1313	34.224	27.268
1314	33.631	27.301
1315	33.07	27.301
1316	32.489	27.383
1317	31.927	27.382
1318	31.36	27.392
1319	30.812	27.407
1320	30.258	27.424
1321	29.707	27.459
1322	29.159	27.481
1323	28.646	27.507
1324	28.154	27.547
1325	27.678	27.604
1326	27.188	27.65
1327	26.772	27.633
1328	26.354	27.711
1329	25.939	27.732
1330	25.553	27.731
1331	25.204	27.669
1332	24.853	27.739
1333	24.526	27.801
1334	24.236	27.764
1335	23.935	27.761
1336	23.676	27.768
1337	23.418	27.787
1338	23.203	27.758
1339	23.002	27.723
1340	22.811	27.708
1341	22.624	27.67
1342	22.463	27.681
1343	22.325	27.689
1344	22.216	27.666
1345	22.108	27.718
1346	22.035	27.724
1347	21.984	27.722
1348	21.931	27.732
1349	21.896	27.74
1350	21.892	27.786
1351	21.927	27.775
1352	21.964	27.829
1353	22.04	27.819
1354	22.135	27.837
1355	22.291	27.794
1356	22.432	27.803
1357	22.611	27.731
1358	22.821	27.709
1359	23.045	27.713
1360	23.306	27.713
1361	23.601	27.666
1362	23.905	27.65
1363	24.226	27.672
1364	24.616	27.652
1365	25.023	27.645
1366	25.46	27.658
1367	25.917	27.678
1368	26.405	27.64
1369	26.892	27.611
1370	27.416	27.559
1371	27.988	27.483
1372	28.559	27.459
1373	29.169	27.445
1374	29.791	27.39
1375	30.431	27.341
1376	31.071	27.368
1377	31.717	27.309
1378	32.374	27.342
1379	33.039	27.307
1380	33.649	27.346
1381	34.299	27.319
1382	34.966	27.284
1383	35.605	27.234
1384	36.208	27.233
1385	36.776	27.174
1386	37.324	27.177
1387	37.882	27.126
1388	38.387	27.126
1389	38.804	27.171
1390	39.191	27.179
1391	39.534	27.192
1392	39.814	27.184
1393	40.02	27.216
1394	40.234	27.213
1395	40.349	27.223
1396	40.388	27.301
1397	40.4	27.294
1398	40.356	27.309
1399	40.286	27.308
1400	40.117	27.307
1401	39.92	27.262
1402	39.666	27.301
1403	39.362	27.222
1404	39.006	27.227
1405	38.602	27.287
1406	38.146	27.35
1407	37.646	27.401
1408	37.113	27.413
1409	36.608	27.42
1410	36.081	27.509
1411	35.51	27.585
1412	34.909	27.692
1413	34.33	27.73
1414	33.733	27.745
1415	33.145	27.76
1416	32.559	27.797
1417	31.967	27.797
1418	31.398	27.801
1419	30.82	27.844
1420	30.291	27.876
1421	29.749	27.833
1422	29.219	27.872
1423	28.699	27.891
1424	28.195	27.908
1425	27.711	27.917
1426	27.246	27.955
1427	26.797	27.955
1428	26.366	27.958
1429	25.95	27.998
1430	25.552	27.945
1431	25.185	27.945
1432	24.819	27.959
1433	24.481	28.017
1434	24.157	28.053
1435	23.866	28.087
1436	23.592	28.084
1437	23.348	28.02
1438	23.108	28.038
1439	22.906	28.013
1440	22.709	28.012
1441	22.533	27.932
1442	22.385	27.923
1443	22.257	27.939
1444	22.135	28.011
1445	22.025	27.966
1446	21.955	27.926
1447	21.895	27.893
1448	21.867	27.877
1449	21.856	27.856
1450	21.871	27.843
1451	21.897	27.852
1452	21.949	27.849
1453	22.017	27.842
1454	22.112	27.814
1455	22.262	27.786
1456	22.412	27.759
1457	22.579	27.753
1458	22.792	27.721
1459	23.016	27.69
1460	23.271	27.639
1461	23.569	27.642
1462	23.894	27.625
1463	24.235	27.588
1464	24.598	27.574
1465	24.998	27.568
1466	25.433	27.565
1467	25.899	27.518
1468	26.367	27.493
1469	26.894	27.381
1470	27.43	27.36
1471	27.987	27.338
1472	28.556	27.343
1473	29.146	27.366
1474	29.73	27.363
1475	30.347	27.325
1476	30.968	27.316
1477	31.617	27.281
1478	32.291	27.307
1479	32.947	27.283
1480	33.577	27.302
1481	34.236	27.342
1482	34.928	27.314
1483	35.526	27.316
1484	36.179	27.265
1485	36.735	27.235
1486	37.278	27.182
1487	37.794	27.23
1488	38.297	27.235
1489	38.735	27.251
1490	39.144	27.237
1491	39.488	27.232
1492	39.772	27.256
1493	40.039	27.207
1494	40.174	27.251
1495	40.288	27.282
1496	40.312	27.364
1497	40.369	27.307
1498	40.317	27.295
1499	40.26	27.304
1500	40.057	27.348
1501	39.866	27.334
1502	39.585	27.377
1503	39.233	27.363
1504	38.887	27.395
1505	38.496	27.411
1506	38.062	27.43
1507	37.569	27.457
1508	37.121	27.435
1509	36.569	27.478
1510	36.061	27.502
1511	35.487	27.519
1512	34.918	27.514
1513	34.348	27.47
1514	33.761	27.513
1515	33.165	27.576
1516	32.587	27.609
1517	31.986	27.681
1518	31.409	27.736
1519	30.857	27.704
1520	30.303	27.721
1521	29.788	27.699
1522	29.251	27.722
1523	28.736	27.712
1524	28.219	27.794
1525	27.755	27.804
1526	27.273	27.791
1527	26.807	27.798
1528	26.391	27.788
1529	25.98	27.785
1530	25.604	27.743
1531	25.225	27.696
1532	24.871	27.692
1533	24.527	27.751
1534	24.211	27.774
1535	23.93	27.786
1536	23.657	27.752
1537	23.404	27.737
1538	23.156	27.786
1539	22.944	27.735
1540	22.75	27.672
1541	22.563	27.737
1542	22.408	27.734
1543	22.267	27.73
1544	22.148	27.727
1545	22.056	27.72
1546	21.972	27.699
1547	21.904	27.76
1548	21.862	27.812
1549	21.848	27.764
1550	21.846	27.778
1551	21.883	27.837
1552	21.956	27.812
1553	22.026	27.858
1554	22.132	27.816
1555	22.25	27.842
1556	22.394	27.845
1557	22.584	27.844
1558	22.79	27.843
1559	23.026	27.816
1560	23.291	27.803
1561	23.591	27.823
1562	23.914	27.772
1563	24.265	27.718
1564	24.642	27.707
1565	25.032	27.723
1566	25.452	27.651
1567	25.914	27.571
1568	26.388	27.566
1569	26.899	27.584
1570	27.425	27.549
1571	27.974	27.569
1572	28.552	27.56
1573	29.164	27.455
1574	29.773	27.413
1575	30.412	27.422
1576	31.046	27.384
1577	31.684	27.396
1578	32.335	27.394
1579	32.99	27.422
1580	33.64	27.44
1581	34.31	27.459
1582	34.936	27.456
1583	35.55	27.431
1584	36.163	27.402
1585	36.667	27.407
1586	37.216	27.413
1587	37.693	27.487
1588	38.145	27.517
1589	38.567	27.587
1590	38.977	27.569
1591	39.338	27.576
1592	39.617	27.611
1593	39.888	27.601
1594	40.041	27.653
1595	40.184	27.74
1596	40.228	27.743
1597	40.216	27.725
1598	40.142	27.803
1599	40.032	27.829
1600	39.874	27.775
1601	39.668	27.784
1602	39.437	27.74
1603	39.158	27.717
1604	38.824	27.66
1605	38.472	27.591
1606	38.05	27.544
1607	37.594	27.564
1608	37.112	27.622
1609	36.589	27.652
1610	36.107	27.646
1611	35.513	27.678
1612	34.962	27.649
1613	34.375	27.67
1614	33.805	27.584
1615	33.22	27.603
1616	32.633	27.634
1617	32.074	27.634
1618	31.487	27.669
1619	30.922	27.633
1620	30.357	27.542
1621	29.832	27.518
1622	29.312	27.499
1623	28.8	27.463
1624	28.303	27.515
1625	27.809	27.569
1626	27.34	27.574
1627	26.877	27.584
1628	26.422	27.638
1629	25.993	27.713
1630	25.592	27.731
1631	25.211	27.784
1632	24.851	27.811
1633	24.515	27.781
1634	24.194	27.792
1635	23.888	27.821
1636	23.638	27.776
1637	23.385	27.793
1638	23.153	27.772
1639	22.933	27.855
1640	22.718	27.9
1641	22.536	27.9
1642	22.372	27.889
1643	22.247	27.835
1644	22.141	27.821
1645	22.038	27.888
1646	21.949	27.898
1647	21.881	27.891
1648	21.841	27.916
1649	21.824	27.863
1650	21.84	27.831
1651	21.875	27.816
1652	21.93	27.858
1653	22.014	27.806
1654	22.119	27.772
1655	22.246	27.776
1656	22.408	27.733
1657	22.593	27.729
1658	22.805	27.702
1659	23.051	27.657
1660	23.321	27.605
1661	23.606	27.604
1662	23.938	27.586
1663	24.299	27.57
1664	24.683	27.515
1665	25.103	27.464
1666	25.533	27.455
1667	25.982	27.455
1668	26.436	27.472
1669	26.935	27.476
1670	27.476	27.389
1671	28.039	27.359
1672	28.647	27.341
1673	29.252	27.332
1674	29.862	27.321
1675	30.478	27.29
1676	31.111	27.23
1677	31.732	27.194
1678	32.396	27.126
1679	33.055	27.092
1680	33.687	27.121
1681	34.331	27.145
1682	34.957	27.065
1683	35.567	27.087
1684	36.157	27.116
1685	36.743	27.14
1686	37.303	27.111
1687	37.793	27.101
1688	38.274	27.077
1689	38.674	27.11
1690	39.066	27.115
1691	39.417	27.136
1692	39.716	27.146
1693	39.947	27.149
1694	40.095	27.168
1695	40.21	27.196
1696	40.283	27.229
1697	40.257	27.267
1698	40.196	27.292
1699	40.097	27.317
1700	39.926	27.336
1701	39.723	27.434
1702	39.491	27.434
1703	39.15	27.484
1704	38.785	27.559
1705	38.418	27.551
1706	37.981	27.528
1707	37.516	27.583
1708	37.036	27.565
1709	36.525	27.623
1710	35.975	27.632
1711	35.424	27.659
1712	34.888	27.642
1713	34.32	27.71
1714	33.77	27.639
1715	33.197	27.664
1716	32.637	27.568
1717	32.077	27.516
1718	31.521	27.543
1719	30.963	27.567
1720	30.427	27.545
1721	29.857	27.6
1722	29.324	27.626
1723	28.825	27.577
1724	28.321	27.608
1725	27.861	27.568
1726	27.398	27.509
1727	26.96	27.577
1728	26.528	27.607
1729	26.106	27.592
1730	25.694	27.666
1731	25.299	27.683
1732	24.945	27.674
1733	24.603	27.658
1734	24.293	27.603
1735	24.01	27.564
1736	23.724	27.598
1737	23.443	27.66
1738	23.178	27.641
1739	22.933	27.688
1740	22.727	27.717
1741	22.541	27.764
1742	22.365	27.829
1743	22.229	27.774
1744	22.125	27.733
1745	21.994	27.782
1746	21.922	27.723
1747	21.862	27.688
1748	21.81	27.682
1749	21.797	27.655
1750	21.788	27.727
1751	21.81	27.78
1752	21.856	27.737
1753	21.933	27.735
1754	22.035	27.753
1755	22.168	27.72
1756	22.342	27.679
1757	22.532	27.714
1758	22.745	27.771
1759	22.979	27.807
1760	23.235	27.836
1761	23.529	27.81
1762	23.854	27.818
1763	24.24	27.775
1764	24.628	27.744
1765	25.035	27.672
1766	25.452	27.672
1767	25.922	27.635
1768	26.399	27.684
1769	26.875	27.667
1770	27.41	27.667
1771	27.965	27.658
1772	28.541	27.639
1773	29.148	27.619
1774	29.745	27.62
1775	30.379	27.565
1776	31.01	27.586
1777	31.655	27.573
1778	32.317	27.571
1779	32.976	27.567
1780	33.612	27.538
1781	34.258	27.569
1782	34.873	27.52
1783	35.475	27.499
1784	36.063	27.487
1785	36.601	27.475
1786	37.128	27.478
1787	37.629	27.408
1788	38.064	27.466
1789	38.494	27.487
1790	38.862	27.532
1791	39.194	27.506
1792	39.472	27.524
1793	39.755	27.461
1794	39.953	27.487
1795	40.112	27.446
1796	40.19	27.5
1797	40.2	27.514
1798	40.117	27.586
1799	40.034	27.57
1800	39.889	27.592
1801	39.696	27.549
1802	39.402	27.553
1803	39.123	27.506
1804	38.802	27.491
1805	38.448	27.462
1806	38.017	27.492
1807	37.576	27.554
1808	37.103	27.54
1809	36.593	27.581
1810	36.082	27.608
1811	35.549	27.596
1812	35.01	27.62
1813	34.445	27.594
1814	33.854	27.63
1815	33.298	27.658
1816	32.728	27.69
1817	32.16	27.691
1818	31.582	27.74
1819	31.041	27.742
1820	30.48	27.817
1821	29.921	27.777
1822	29.382	27.825
1823	28.87	27.784
1824	28.348	27.813
1825	27.852	27.825
1826	27.371	27.825
1827	26.952	27.812
1828	26.482	27.885
1829	26.041	27.935
1830	25.637	27.917
1831	25.251	27.911
1832	24.88	27.849
1833	24.525	27.851
1834	24.208	27.78
1835	23.906	27.777
1836	23.633	27.761
1837	23.354	27.77
1838	23.123	27.8
1839	22.913	27.829
1840	22.697	27.805
1841	22.526	27.792
1842	22.355	27.843
1843	22.206	27.824
1844	22.078	27.84
1845	21.976	27.811
1846	21.9	27.831
1847	21.834	27.773
1848	21.804	27.768
1849	21.787	27.742
1850	21.801	27.743
1851	21.827	27.732
1852	21.863	27.768
1853	21.964	27.772
1854	22.078	27.748
1855	22.218	27.764
1856	22.397	27.741
1857	22.611	27.702
1858	22.827	27.701
1859	23.054	27.732
1860	23.34	27.706
1861	23.635	27.692
1862	23.954	27.672
1863	24.305	27.627
1864	24.696	27.578
1865	25.116	27.537
1866	25.532	27.549
1867	25.992	27.507
1868	26.466	27.503
1869	26.972	27.487
1870	27.508	27.478
1871	28.065	27.457
1872	28.649	27.488
1873	29.231	27.49
1874	29.865	27.476
1875	30.466	27.48
1876	31.113	27.472
1877	31.77	27.458
1878	32.398	27.421
1879	33.054	27.416
1880	33.679	27.41
1881	34.271	27.396
1882	34.871	27.386
1883	35.471	27.334
1884	36.082	27.281
1885	36.619	27.262
1886	37.166	27.26
1887	37.689	27.302
1888	38.114	27.321
1889	38.527	27.303
1890	38.908	27.289
1891	39.261	27.284
1892	39.554	27.317
1893	39.808	27.306
1894	40.006	27.277
1895	40.17	27.229
1896	40.237	27.208
1897	40.252	27.248
1898	40.189	27.288
1899	40.106	27.314
1900	39.964	27.307
1901	39.782	27.292
1902	39.52	27.298
1903	39.246	27.315
1904	38.915	27.289
1905	38.523	27.34
1906	38.08	27.365
1907	37.66	27.385
1908	37.205	27.414
1909	36.699	27.45
1910	36.186	27.468
1911	35.599	27.546
1912	35.04	27.567
1913	34.496	27.566
1914	33.919	27.617
1915	33.321	27.666
1916	32.744	27.7
1917	32.138	27.675
1918	31.53	27.731
1919	30.945	27.79
1920	30.359	27.838
1921	29.814	27.889
1922	29.287	27.833
1923	28.798	27.799
1924	28.267	27.82
1925	27.786	27.824
1926	27.306	27.833
1927	26.84	27.867
1928	26.395	27.891
1929	25.953	27.894
1930	25.563	27.875
1931	25.207	27.886
1932	24.804	27.948
1933	24.484	27.943
1934	24.155	27.956
1935	23.835	27.984
1936	23.565	27.995
1937	23.303	27.969
1938	23.065	27.972
1939	22.859	27.931
1940	22.663	27.939
1941	22.481	27.893
1942	22.338	27.907
1943	22.214	27.927
1944	22.105	27.941
1945	22.001	27.961
1946	21.926	27.939
1947	21.865	27.951
1948	21.817	28.011
1949	21.821	28.03
1950	21.832	28.016
1951	21.863	28.043
1952	21.931	28.009
1953	22.016	28.036
1954	22.141	28.001
1955	22.277	27.991
1956	22.425	27.965
1957	22.633	28.023
1958	22.833	28.034
1959	23.075	28.042
1960	23.358	28.012
1961	23.662	27.897
1962	23.977	27.864
1963	24.326	27.879
1964	24.693	27.859
1965	25.104	27.869
1966	25.542	27.909
1967	25.983	27.87
1968	26.465	27.851
1969	26.948	27.803
1970	27.483	27.772
1971	28.04	27.75
1972	28.62	27.731
1973	29.227	27.682
1974	29.833	27.607
1975	30.447	27.624
1976	31.107	27.602
1977	31.732	27.6
1978	32.383	27.518
1979	33.01	27.57
1980	33.641	27.548
1981	34.309	27.51
1982	34.925	27.378
1983	35.529	27.357
1984	36.114	27.372
1985	36.676	27.404
1986	37.221	27.439
1987	37.761	27.474
1988	38.229	27.446
1989	38.676	27.426
1990	39.054	27.389
1991	39.38	27.347
1992	39.694	27.401
1993	39.911	27.342
1994	40.136	27.346
1995	40.253	27.357
1996	40.321	27.355
1997	40.304	27.386
1998	40.209	27.414
1999	40.135	27.397
2000	39.956	27.396
2001	39.719	27.383
2002	39.479	27.382
2003	39.188	27.377
2004	38.832	27.358
2005	38.474	27.349
2006	38.015	27.368
2007	37.544	27.432
2008	37.074	27.439
2009	36.578	27.359
2010	36.026	27.361
2011	35.463	27.439
2012	34.886	27.431
2013	34.307	27.432
2014	33.723	27.46
2015	33.124	27.479
2016	32.549	27.47
2017	31.983	27.466
2018	31.409	27.539
2019	30.834	27.545
2020	30.308	27.524
2021	29.744	27.569
2022	29.227	27.587
2023	28.728	27.554
2024	28.209	27.618
2025	27.744	27.628
2026	27.263	27.693
2027	26.824	27.694
2028	26.38	27.782
2029	25.98	27.813
2030	25.585	27.841
2031	25.224	27.881
2032	24.879	27.895
2033	24.528	27.915
2034	24.213	27.978
2035	23.929	27.969
2036	23.668	27.935
2037	23.421	27.94
2038	23.187	27.996
2039	22.964	28.014
2040	22.768	28.004
2041	22.603	28.018
2042	22.426	27.981
2043	22.306	27.912
2044	22.194	27.902
2045	22.082	27.927
2046	22.006	27.926
2047	21.936	27.915
2048	21.883	27.943
2049	21.863	27.955
2050	21.86	27.964
2051	21.889	27.903
2052	21.941	27.904
2053	22.025	27.862
2054	22.145	27.83
2055	22.247	27.822
2056	22.39	27.816
2057	22.593	27.745
2058	22.811	27.724
2059	23.042	27.701
2060	23.299	27.695
2061	23.566	27.682
2062	23.88	27.715
2063	24.234	27.69
2064	24.611	27.661
2065	25.027	27.629
2066	25.437	27.629
2067	25.905	27.615
2068	26.363	27.643
2069	26.867	27.643
2070	27.404	27.603
2071	27.984	27.555
2072	28.599	27.485
2073	29.217	27.471
2074	29.818	27.436
2075	30.458	27.385
2076	31.094	27.409
2077	31.72	27.414
2078	32.36	27.385
2079	32.969	27.376
2080	33.666	27.331
2081	34.328	27.289
2082	34.889	27.32
2083	35.504	27.301
2084	36.09	27.29
2085	36.666	27.3
2086	37.215	27.316
2087	37.712	27.256
2088	38.176	27.256
2089	38.616	27.254
2090	38.974	27.269
2091	39.292	27.286
2092	39.59	27.25
2093	39.847	27.213
2094	40.034	27.224
2095	40.127	27.268
2096	40.149	27.313
2097	40.106	27.333
2098	40.047	27.336
2099	39.973	27.393
2100	39.832	27.389
2101	39.664	27.394
2102	39.421	27.401
2103	39.103	27.428
2104	38.758	27.461
2105	38.358	27.478
2106	37.944	27.476
2107	37.555	27.445
2108	37.088	27.457
2109	36.587	27.484
2110	36.051	27.489
2111	35.495	27.51
2112	34.953	27.513
2113	34.393	27.514
2114	33.813	27.567
2115	33.252	27.602
2116	32.713	27.62
2117	32.121	27.671
2118	31.554	27.721
2119	30.993	27.741
2120	30.432	27.762
2121	29.886	27.796
2122	29.364	27.886
2123	28.859	27.909
2124	28.363	27.865
2125	27.877	27.906
2126	27.39	27.925
2127	26.925	27.964
2128	26.501	27.968
2129	26.097	27.962
2130	25.689	28.004
2131	25.319	28.009
2132	24.95	28.071
2133	24.592	28.133
2134	24.278	28.188
2135	24	28.146
2136	23.713	28.137
2137	23.457	28.153
2138	23.207	28.178
2139	22.984	28.105
2140	22.778	28.092
2141	22.581	28.071
2142	22.416	28.078
2143	22.256	28.084
2144	22.125	28.105
2145	22.035	28.067
2146	21.964	28.006
2147	21.897	27.948
2148	21.865	27.911
2149	21.835	27.913
2150	21.848	27.87
2151	21.879	27.846
2152	21.954	27.765
2153	22.029	27.766
2154	22.132	27.749
2155	22.262	27.77
2156	22.408	27.79
2157	22.573	27.785
2158	22.799	27.717
2159	23.039	27.649
2160	23.302	27.644
2161	23.629	27.582
2162	23.945	27.575
2163	24.284	27.513
2164	24.658	27.561
2165	25.063	27.548
2166	25.496	27.53
2167	25.969	27.505
2168	26.476	27.479
2169	27.01	27.384
2170	27.561	27.356
2171	28.126	27.329
2172	28.698	27.342
2173	29.301	27.309
2174	29.918	27.317
2175	30.516	27.33
2176	31.159	27.359
2177	31.802	27.336
2178	32.448	27.34
2179	33.093	27.337
2180	33.741	27.309
2181	34.352	27.315
2182	35.012	27.3
2183	35.594	27.33
2184	36.147	27.35
2185	36.687	27.388
2186	37.245	27.385
2187	37.768	27.352
2188	38.261	27.321
2189	38.665	27.34
2190	39.051	27.346
2191	39.376	27.374
2192	39.678	27.333
2193	39.895	27.351
2194	40.046	27.4
2195	40.15	27.445
2196	40.197	27.495
2197	40.242	27.486
2198	40.19	27.487
2199	40.096	27.476
2200	39.935	27.541
2201	39.722	27.534
2202	39.441	27.586
2203	39.149	27.583
2204	38.811	27.605
2205	38.43	27.601
2206	38.027	27.6
2207	37.573	27.572
2208	37.144	27.555
2209	36.636	27.563
2210	36.111	27.54
2211	35.534	27.56
2212	34.967	27.596
2213	34.406	27.626
2214	33.851	27.618
2215	33.27	27.645
2216	32.675	27.652
2217	32.057	27.697
2218	31.478	27.714
2219	30.912	27.732
2220	30.379	27.699
2221	29.823	27.706
2222	29.29	27.73
2223	28.74	27.799
2224	28.243	27.814
2225	27.756	27.786
2226	27.292	27.76
2227	26.84	27.764
2228	26.423	27.749
2229	26.002	27.751
2230	25.607	27.821
2231	25.237	27.849
2232	24.872	27.896
2233	24.494	27.938
2234	24.201	27.939
2235	23.892	27.98
2236	23.612	28.002
2237	23.354	27.961
2238	23.108	27.97
2239	22.899	27.935
2240	22.71	27.883
2241	22.553	27.844
2242	22.396	27.865
2243	22.268	27.862
2244	22.142	27.824
2245	22.033	27.862
2246	21.966	27.835
2247	21.912	27.832
2248	21.883	27.792
2249	21.871	27.726
2250	21.885	27.713
2251	21.915	27.717
2252	21.969	27.729
2253	22.04	27.703
2254	22.166	27.646
2255	22.303	27.597
2256	22.467	27.549
2257	22.667	27.569
2258	22.89	27.631
2259	23.111	27.621
2260	23.385	27.605
2261	23.677	27.56
2262	23.983	27.586
2263	24.334	27.59
2264	24.685	27.606
2265	25.082	27.635
2266	25.509	27.603
2267	25.981	27.543
2268	26.465	27.514
2269	26.989	27.481
2270	27.513	27.439
2271	28.06	27.473
2272	28.624	27.461
2273	29.231	27.495
2274	29.832	27.538
2275	30.468	27.489
2276	31.092	27.476
2277	31.745	27.405
2278	32.39	27.402
2279	33.023	27.419
2280	33.634	27.416
2281	34.252	27.422
2282	34.863	27.354
2283	35.466	27.288
2284	36.09	27.243
2285	36.667	27.216
2286	37.196	27.242
2287	37.729	27.205
2288	38.186	27.186
2289	38.643	27.18
2290	39.047	27.156
2291	39.401	27.156
2292	39.721	27.148
2293	39.964	27.145
2294	40.154	27.161
2295	40.3	27.151
2296	40.375	27.12
2297	40.38	27.117
2298	40.316	27.075
2299	40.215	27.061
2300	40.036	27.088
2301	39.834	27.071
2302	39.556	27.14
2303	39.25	27.156
2304	38.888	27.212
2305	38.525	27.198
2306	38.09	27.252
2307	37.604	27.277
2308	37.123	27.28
2309	36.597	27.335
2310	36.089	27.317
2311	35.542	27.308
2312	34.957	27.432
2313	34.414	27.436
2314	33.858	27.459
2315	33.258	27.522
2316	32.661	27.585
2317	32.065	27.636
2318	31.478	27.661
2319	30.891	27.723
2320	30.303	27.795
2321	29.743	27.805
2322	29.216	27.777
2323	28.691	27.791
2324	28.179	27.854
2325	27.696	27.869
2326	27.235	27.937
2327	26.799	27.945
2328	26.365	27.97
2329	25.955	27.973
2330	25.564	27.963
2331	25.196	27.978
2332	24.862	27.959
2333	24.516	27.972
2334	24.216	27.958
2335	23.9	28.008
2336	23.625	28.054
2337	23.375	28.033
2338	23.134	28.056
2339	22.9	28.088
2340	22.702	28.027
2341	22.515	28.013
2342	22.35	28.024
2343	22.229	27.975
2344	22.101	27.957
2345	22.025	27.905
2346	21.97	27.86
2347	21.919	27.919
2348	21.878	27.947
2349	21.874	27.928
2350	21.88	27.942
2351	21.901	27.884
2352	21.951	27.84
2353	22.042	27.825
2354	22.146	27.776
2355	22.272	27.809
2356	22.43	27.767
2357	22.617	27.776
2358	22.836	27.741
2359	23.063	27.759
2360	23.342	27.718
2361	23.637	27.682
2362	23.968	27.604
2363	24.311	27.584
2364	24.699	27.538
2365	25.107	27.515
2366	25.55	27.508
2367	26.008	27.512
2368	26.479	27.563
2369	26.997	27.538
2370	27.516	27.548
2371	28.055	27.548
2372	28.621	27.495
2373	29.23	27.449
2374	29.837	27.398
2375	30.471	27.379
2376	31.12	27.383
2377	31.756	27.366
2378	32.386	27.354
2379	33.028	27.352
2380	33.664	27.34
2381	34.298	27.318
2382	34.879	27.333
2383	35.498	27.317
2384	36.097	27.253
2385	36.645	27.265
2386	37.2	27.275
2387	37.67	27.298
2388	38.147	27.303
2389	38.555	27.318
2390	38.933	27.338
2391	39.252	27.338
2392	39.567	27.327
2393	39.807	27.304
2394	39.988	27.302
2395	40.141	27.298
2396	40.215	27.345
2397	40.263	27.354
2398	40.223	27.375
2399	40.132	27.368
2400	39.975	27.402
2401	39.791	27.421
2402	39.552	27.453
2403	39.241	27.468
2404	38.9	27.483
2405	38.531	27.488
2406	38.114	27.499
2407	37.694	27.508
2408	37.202	27.524
2409	36.669	27.587
2410	36.139	27.59
2411	35.56	27.609
2412	35.028	27.593
2413	34.453	27.604
2414	33.863	27.617
2415	33.304	27.628
2416	32.736	27.649
2417	32.144	27.658
2418	31.558	27.683
2419	31.001	27.66
2420	30.433	27.654
2421	29.892	27.628
2422	29.352	27.631
2423	28.822	27.647
2424	28.296	27.72
2425	27.805	27.725
2426	27.307	27.737
2427	26.859	27.747
2428	26.423	27.766
2429	26.008	27.796
2430	25.609	27.821
2431	25.225	27.85
2432	24.858	27.858
2433	24.523	27.868
2434	24.216	27.843
2435	23.916	27.884
2436	23.642	27.87
2437	23.376	27.896
2438	23.127	27.897
2439	22.926	27.87
2440	22.72	27.861
2441	22.529	27.865
2442	22.377	27.855
2443	22.258	27.816
2444	22.121	27.86
2445	22.004	27.905
2446	21.909	27.932
2447	21.841	27.944
2448	21.808	27.92
2449	21.795	27.9
2450	21.803	27.889
2451	21.836	27.886
2452	21.887	27.867
2453	21.97	27.85
2454	22.065	27.81
2455	22.197	27.803
2456	22.367	27.771
2457	22.554	27.753
2458	22.763	27.739
2459	23.001	27.731
2460	23.277	27.664
2461	23.594	27.643
2462	23.912	27.623
2463	24.274	27.609
2464	24.655	27.58
2465	25.056	27.576
2466	25.503	27.539
2467	25.932	27.531
2468	26.389	27.558
2469	26.912	27.528
2470	27.447	27.508
2471	28.009	27.485
2472	28.576	27.464
2473	29.174	27.461
2474	29.799	27.407
2475	30.432	27.358
2476	31.06	27.34
2477	31.712	27.307
2478	32.363	27.286
2479	33.027	27.297
2480	33.674	27.277
2481	34.305	27.284
2482	34.932	27.268
2483	35.521	27.292
2484	36.128	27.275
2485	36.685	27.309
2486	37.205	27.313
2487	37.714	27.309
2488	38.187	27.283
2489	38.598	27.3
2490	38.966	27.313
2491	39.309	27.293
2492	39.635	27.265
2493	39.869	27.261
2494	40.066	27.283
2495	40.189	27.274
2496	40.232	27.288
2497	40.281	27.284
2498	40.22	27.287
2499	40.124	27.297
2500	39.961	27.336
2501	39.786	27.334
2502	39.516	27.388
2503	39.206	27.405
2504	38.853	27.402
2505	38.464	27.404
2506	38.036	27.426
2507	37.581	27.447
2508	37.133	27.419
2509	36.59	27.46
2510	36.058	27.46
2511	35.478	27.497
2512	34.938	27.52
2513	34.365	27.575
2514	33.787	27.589
2515	33.219	27.593
2516	32.634	27.639
2517	32.052	27.668
2518	31.476	27.686
2519	30.904	27.718
2520	30.362	27.73
2521	29.818	27.745
2522	29.256	27.786
2523	28.744	27.821
2524	28.227	27.868
2525	27.735	27.867
2526	27.254	27.886
2527	26.804	27.899
2528	26.378	27.886
2529	25.964	27.893
2530	25.571	27.899
2531	25.195	27.888
2532	24.84	27.909
2533	24.498	27.93
2534	24.175	27.947
2535	23.881	27.959
2536	23.624	27.944
2537	23.346	27.971
2538	23.1	27.959
2539	22.878	27.964
2540	22.685	27.968
2541	22.505	27.971
2542	22.349	28.01
2543	22.208	28.009
2544	22.088	27.986
2545	21.999	27.968
2546	21.935	27.945
2547	21.892	27.904
2548	21.855	27.891
2549	21.851	27.879
2550	21.864	27.883
2551	21.91	27.847
2552	21.963	27.824
2553	22.038	27.83
2554	22.146	27.852
2555	22.267	27.848
2556	22.416	27.841
2557	22.595	27.806
2558	22.81	27.805
2559	23.065	27.78
2560	23.327	27.776
2561	23.59	27.773
2562	23.922	27.734
2563	24.28	27.706
2564	24.66	27.696
2565	25.058	27.683
2566	25.488	27.661
2567	25.931	27.631
2568	26.426	27.627
2569	26.933	27.61
2570	27.436	27.619
2571	27.972	27.623
2572	28.535	27.624
2573	29.127	27.591
2574	29.752	27.543
2575	30.372	27.539
2576	31	27.544
2577	31.641	27.535
2578	32.285	27.531
2579	32.936	27.493
2580	33.593	27.495
2581	34.242	27.475
2582	34.854	27.49
2583	35.464	27.465
2584	36.051	27.443
2585	36.613	27.44
2586	37.181	27.438
2587	37.692	27.426
2588	38.167	27.435
2589	38.572	27.44
2590	38.967	27.433
2591	39.315	27.424
2592	39.65	27.389
2593	39.885	27.367
2594	40.057	27.364
2595	40.222	27.356
2596	40.317	27.347
2597	40.334	27.359
2598	40.293	27.39
2599	40.163	27.428
2600	39.998	27.428
2601	39.801	27.439
2602	39.542	27.467
2603	39.214	27.486
2604	38.855	27.504
2605	38.479	27.461
2606	38.055	27.483
2607	37.624	27.465
2608	37.138	27.482
2609	36.632	27.527
2610	36.098	27.528
2611	35.547	27.535
2612	34.989	27.532
2613	34.417	27.547
2614	33.852	27.554
2615	33.262	27.574
2616	32.67	27.6
2617	32.06	27.645
2618	31.473	27.68
2619	30.91	27.701
2620	30.346	27.722
2621	29.825	27.722
2622	29.292	27.768
2623	28.763	27.789
2624	28.255	27.799
2625	27.775	27.82
2626	27.299	27.842
2627	26.862	27.814
2628	26.435	27.82
2629	26.019	27.803
2630	25.629	27.836
2631	25.255	27.851
2632	24.895	27.89
2633	24.556	27.882
2634	24.214	27.88
2635	23.931	27.855
2636	23.646	27.871
2637	23.384	27.889
2638	23.136	27.883
2639	22.918	27.92
2640	22.719	27.902
2641	22.54	27.913
2642	22.383	27.92
2643	22.246	27.897
2644	22.137	27.876
2645	22.035	27.861
2646	21.942	27.874
2647	21.884	27.825
2648	21.838	27.791
2649	21.821	27.781
2650	21.838	27.741
2651	21.87	27.73
2652	21.917	27.731
2653	22.012	27.692
2654	22.108	27.702
2655	22.225	27.701
2656	22.385	27.69
2657	22.552	27.667
2658	22.767	27.643
2659	23.026	27.624
2660	23.281	27.654
2661	23.59	27.647
2662	23.914	27.652
2663	24.262	27.65
2664	24.64	27.603
2665	25.049	27.6
2666	25.485	27.578
2667	25.944	27.554
2668	26.439	27.559
2669	26.937	27.539
2670	27.471	27.521
2671	28.026	27.497
2672	28.592	27.495
2673	29.207	27.47
2674	29.827	27.471
2675	30.439	27.47
2676	31.057	27.457
2677	31.693	27.446
2678	32.327	27.462
2679	32.985	27.458
2680	33.628	27.523
2681	34.258	27.48
2682	34.899	27.459
2683	35.474	27.484
2684	36.055	27.468
2685	36.619	27.445
2686	37.129	27.424
2687	37.595	27.424
2688	38.051	27.425
2689	38.492	27.416
2690	38.87	27.403
2691	39.181	27.413
2692	39.466	27.417
2693	39.691	27.401
2694	39.877	27.425
2695	39.999	27.444
2696	40.066	27.497
2697	40.119	27.477
2698	40.078	27.49
2699	40.011	27.47
2700	39.844	27.491
2701	39.635	27.508
2702	39.372	27.523
2703	39.076	27.531
2704	38.748	27.528
2705	38.372	27.476
2706	37.967	27.51
2707	37.548	27.521
2708	37.092	27.531
2709	36.61	27.538
2710	36.1	27.56
2711	35.607	27.569
2712	35.089	27.558
2713	34.547	27.569
2714	33.962	27.581
2715	33.349	27.615
2716	32.781	27.67
2717	32.202	27.663
2718	31.606	27.685
2719	31.009	27.703
2720	30.442	27.732
2721	29.908	27.702
2722	29.349	27.755
2723	28.805	27.791
2724	28.272	27.798
2725	27.785	27.799
2726	27.331	27.808
2727	26.885	27.83
2728	26.437	27.828
2729	26.024	27.85
2730	25.625	27.872
2731	25.244	27.87
2732	24.879	27.89
2733	24.538	27.899
2734	24.21	27.919
2735	23.893	27.93
2736	23.595	27.944
2737	23.327	27.967
2738	23.1	27.961
2739	22.883	27.946
2740	22.702	27.961
2741	22.522	27.924
2742	22.362	27.937
2743	22.236	27.931
2744	22.135	27.951
2745	22.047	27.918
2746	21.955	27.906
2747	21.899	27.886
2748	21.882	27.867
2749	21.871	27.875
2750	21.875	27.876
2751	21.908	27.855
2752	21.968	27.834
2753	22.061	27.831
2754	22.151	27.818
2755	22.284	27.793
2756	22.424	27.798
2757	22.614	27.775
2758	22.823	27.756
2759	23.07	27.711
2760	23.348	27.678
2761	23.641	27.664
2762	23.963	27.644
2763	24.297	27.626
2764	24.664	27.632
2765	25.063	27.614
2766	25.496	27.599
2767	25.949	27.585
2768	26.438	27.548
2769	26.945	27.477
2770	27.475	27.468
2771	28.022	27.465
2772	28.601	27.423
2773	29.193	27.408
2774	29.806	27.4
2775	30.45	27.384
2776	31.081	27.372
2777	31.717	27.373
2778	32.351	27.374
2779	33.006	27.343
2780	33.678	27.306
2781	34.324	27.292
2782	34.905	27.303
2783	35.5	27.297
2784	36.069	27.331
2785	36.626	27.327
2786	37.165	27.31
2787	37.656	27.33
2788	38.122	27.339
2789	38.578	27.38
2790	38.965	27.388
2791	39.297	27.374
2792	39.588	27.376
2793	39.792	27.403
2794	39.951	27.45
2795	40.07	27.466
2796	40.136	27.479
2797	40.139	27.484
2798	40.091	27.492
2799	39.991	27.495
2800	39.817	27.504
2801	39.626	27.502
2802	39.383	27.5
2803	39.085	27.494
2804	38.77	27.514
2805	38.331	27.558
2806	37.936	27.586
2807	37.523	27.58
2808	37.092	27.562
2809	36.59	27.563
2810	36.083	27.586
2811	35.545	27.61
2812	35.005	27.603
2813	34.401	27.627
2814	33.815	27.607
2815	33.243	27.61
2816	32.661	27.628
2817	32.099	27.645
2818	31.534	27.651
2819	30.991	27.658
2820	30.456	27.667
2821	29.94	27.662
2822	29.414	27.705
2823	28.892	27.715
2824	28.393	27.733
2825	27.92	27.77
2826	27.444	27.802
2827	26.988	27.846
2828	26.552	27.878
2829	26.13	27.873
2830	25.73	27.884
2831	25.335	27.884
2832	24.954	27.912
2833	24.608	27.953
2834	24.287	27.981
2835	23.979	28.002
2836	23.703	28.008
2837	23.437	28.019
2838	23.211	28.01
2839	22.999	27.986
2840	22.797	27.985
2841	22.621	27.985
2842	22.448	27.981
2843	22.316	27.986
2844	22.186	27.996
2845	22.062	28.001
2846	21.968	28.041
2847	21.897	28.049
2848	21.859	28.048
2849	21.838	28.028
2850	21.824	28
2851	21.85	27.995
2852	21.895	27.951
2853	21.971	27.932
2854	22.073	27.941
2855	22.222	27.891
2856	22.397	27.839
2857	22.591	27.822
2858	22.799	27.828
2859	23.03	27.803
2860	23.295	27.8
2861	23.566	27.792
2862	23.896	27.771
2863	24.255	27.763
2864	24.62	27.773
2865	25.027	27.753
2866	25.461	27.719
2867	25.937	27.697
2868	26.425	27.678
2869	26.936	27.676
2870	27.48	27.654
2871	28.018	27.616
2872	28.594	27.595
2873	29.192	27.578
2874	29.811	27.578
2875	30.444	27.565
2876	31.077	27.539
2877	31.736	27.525
2878	32.392	27.508
2879	33.037	27.516
2880	33.668	27.535
2881	34.301	27.528
2882	34.909	27.524
2883	35.519	27.495
2884	36.114	27.481
2885	36.666	27.446
2886	37.233	27.432
2887	37.74	27.413
2888	38.202	27.409
2889	38.631	27.403
2890	39.011	27.416
2891	39.343	27.424
2892	39.61	27.405
2893	39.834	27.386
2894	40.01	27.365
2895	40.154	27.355
2896	40.257	27.36
2897	40.293	27.36
2898	40.242	27.386
2899	40.137	27.391
2900	39.996	27.398
2901	39.798	27.414
2902	39.509	27.437
2903	39.204	27.45
2904	38.859	27.449
2905	38.483	27.469
2906	38.064	27.522
2907	37.666	27.535
2908	37.175	27.553
2909	36.685	27.566
2910	36.149	27.599
2911	35.588	27.635
2912	35.005	27.668
2913	34.436	27.678
2914	33.873	27.721
2915	33.293	27.731
2916	32.711	27.762
2917	32.129	27.809
2918	31.572	27.805
2919	31.002	27.811
2920	30.426	27.85
2921	29.874	27.871
2922	29.337	27.892
2923	28.824	27.885
2924	28.314	27.892
2925	27.824	27.927
2926	27.336	27.952
2927	26.885	27.96
2928	26.443	27.975
2929	26.029	27.99
2930	25.638	27.989
2931	25.253	27.99
2932	24.877	27.997
2933	24.543	28.003
2934	24.219	28.024
2935	23.948	27.982
2936	23.676	28.019
2937	23.425	28.031
2938	23.187	28.021
2939	22.955	27.991
2940	22.746	28.02
2941	22.559	28.009
2942	22.384	28.013
2943	22.241	28.042
2944	22.128	28.091
2945	22.03	28.098
2946	21.948	28.056
2947	21.888	28.044
2948	21.851	28.001
2949	21.844	27.969
2950	21.845	27.967
2951	21.88	27.974
2952	21.949	27.956
2953	22.036	27.9
2954	22.136	27.901
2955	22.262	27.935
2956	22.431	27.889
2957	22.621	27.917
2958	22.829	27.905
2959	23.079	27.91
2960	23.32	27.94
2961	23.608	27.85
2962	23.928	27.79
2963	24.267	27.779
2964	24.664	27.721
2965	25.074	27.695
2966	25.518	27.709
2967	26.011	27.654
2968	26.495	27.613
2969	26.995	27.545
2970	27.532	27.484
2971	28.085	27.525
2972	28.674	27.469
2973	29.233	27.495
2974	29.834	27.505
2975	30.452	27.465
2976	31.098	27.47
2977	31.738	27.467
2978	32.395	27.466
2979	33.047	27.43
2980	33.669	27.408
2981	34.27	27.443
2982	34.887	27.415
2983	35.5	27.372
2984	36.067	27.334
2985	36.669	27.277
2986	37.221	27.277
2987	37.73	27.301
2988	38.223	27.3
2989	38.604	27.414
2990	39	27.399
2991	39.33	27.372
2992	39.618	27.353
2993	39.839	27.469
2994	40.009	27.489
2995	40.133	27.514
2996	40.21	27.501
2997	40.196	27.567
2998	40.193	27.621
2999	40.098	27.613
3000	40.003	27.571
3001	39.805	27.527
3002	39.549	27.534
3003	39.221	27.588
3004	38.892	27.573
3005	38.527	27.53
3006	38.117	27.517
3007	37.635	27.515
3008	37.103	27.553
3009	36.61	27.539
3010	36.077	27.588
3011	35.52	27.644
3012	34.978	27.594
3013	34.403	27.69
3014	33.839	27.642
3015	33.253	27.685
3016	32.677	27.681
3017	32.088	27.71
3018	31.528	27.631
3019	30.991	27.607
3020	30.433	27.634
3021	29.887	27.663
3022	29.333	27.67
3023	28.835	27.607
3024	28.342	27.585
3025	27.834	27.639
3026	27.354	27.682
3027	26.891	27.709
3028	26.461	27.736
3029	26.027	27.813
3030	25.638	27.848
3031	25.246	27.88
3032	24.905	27.872
3033	24.606	27.852
3034	24.3	27.877
3035	23.99	27.886
3036	23.706	27.886
3037	23.43	27.951
3038	23.182	27.857
3039	22.974	27.814
3040	22.759	27.792
3041	22.57	27.821
3042	22.395	27.901
3043	22.241	27.902
3044	22.12	27.923
3045	22.006	27.92
3046	21.918	27.883
3047	21.879	27.903
3048	21.815	27.932
3049	21.789	27.993
3050	21.792	28.039
3051	21.824	28.073
3052	21.886	28.026
3053	21.979	27.943
3054	22.103	27.864
3055	22.228	27.894
3056	22.397	27.876
3057	22.582	27.862
3058	22.776	27.862
3059	22.997	27.852
3060	23.264	27.844
3061	23.565	27.862
3062	23.882	27.858
3063	24.245	27.884
3064	24.614	27.894
3065	25.029	27.841
3066	25.475	27.776
3067	25.936	27.775
3068	26.426	27.744
3069	26.908	27.736
3070	27.452	27.721
3071	28.025	27.714
3072	28.592	27.716
3073	29.201	27.69
3074	29.81	27.678
3075	30.443	27.609
3076	31.092	27.516
3077	31.734	27.544
3078	32.374	27.567
3079	33.013	27.61
3080	33.66	27.561
3081	34.296	27.555
3082	34.906	27.574
3083	35.52	27.567
3084	36.099	27.578
3085	36.674	27.569
3086	37.216	27.529
3087	37.708	27.553
3088	38.183	27.528
3089	38.576	27.561
3090	38.973	27.57
3091	39.305	27.615
3092	39.597	27.568
3093	39.827	27.659
3094	40.028	27.699
3095	40.164	27.659
3096	40.212	27.659
3097	40.218	27.626
3098	40.161	27.666
3099	40.055	27.663
3100	39.897	27.696
3101	39.661	27.711
3102	39.406	27.694
3103	39.087	27.695
3104	38.713	27.706
3105	38.349	27.688
3106	37.964	27.661
3107	37.556	27.623
3108	37.089	27.608
3109	36.599	27.609
3110	36.046	27.633
3111	35.511	27.633
3112	34.975	27.63
3113	34.392	27.686
3114	33.853	27.702
3115	33.282	27.733
3116	32.693	27.753
3117	32.115	27.74
3118	31.54	27.724
3119	30.962	27.7
3120	30.403	27.769
3121	29.884	27.769
3122	29.343	27.792
3123	28.855	27.746
3124	28.355	27.787
3125	27.868	27.796
3126	27.411	27.834
3127	26.956	27.844
3128	26.514	27.87
3129	26.11	27.868
3130	25.69	27.922
3131	25.295	27.984
3132	24.902	28.039
3133	24.552	28.118
3134	24.236	28.147
3135	23.957	28.117
3136	23.667	28.104
3137	23.406	28.074
3138	23.156	28.06
3139	22.934	28.013
3140	22.728	28.035
3141	22.537	28.042
3142	22.376	28.098
3143	22.235	28.051
3144	22.136	28.026
3145	22.039	27.995
3146	21.93	28.002
3147	21.872	27.998
3148	21.82	28.026
3149	21.803	27.96
3150	21.813	27.943
3151	21.827	27.899
3152	21.883	27.863
3153	21.972	27.857
3154	22.06	27.836
3155	22.201	27.826
3156	22.348	27.773
3157	22.55	27.739
3158	22.759	27.708
3159	23.006	27.635
3160	23.279	27.638
3161	23.585	27.659
3162	23.908	27.685
3163	24.26	27.63
3164	24.636	27.619
3165	25.043	27.585
3166	25.48	27.559
3167	25.924	27.563
3168	26.415	27.572
3169	26.892	27.597
3170	27.411	27.601
3171	27.968	27.65
3172	28.581	27.586
3173	29.196	27.554
3174	29.806	27.571
3175	30.439	27.533
3176	31.092	27.53
3177	31.723	27.567
3178	32.367	27.569
3179	33.04	27.564
3180	33.697	27.503
3181	34.351	27.533
3182	34.991	27.484
3183	35.61	27.477
3184	36.163	27.504
3185	36.707	27.502
3186	37.239	27.457
3187	37.732	27.442
3188	38.212	27.503
3189	38.637	27.546
3190	38.987	27.549
3191	39.326	27.567
3192	39.62	27.53
3193	39.818	27.548
3194	40.02	27.565
3195	40.203	27.537
3196	40.29	27.505
3197	40.253	27.53
3198	40.172	27.539
3199	40.09	27.547
3200	39.889	27.592
3201	39.653	27.629
3202	39.404	27.633
3203	39.084	27.639
3204	38.739	27.684
3205	38.35	27.738
3206	37.937	27.709
3207	37.456	27.821
3208	36.98	27.838
3209	36.515	27.814
3210	36	27.809
3211	35.428	27.854
3212	34.891	27.865
3213	34.321	27.831
3214	33.728	27.811
3215	33.195	27.817
3216	32.608	27.817
3217	32.039	27.822
3218	31.509	27.811
3219	30.945	27.814
3220	30.378	27.826
3221	29.843	27.856
3222	29.298	27.899
3223	28.791	27.904
3224	28.297	27.877
3225	27.827	27.857
3226	27.379	27.849
3227	26.939	27.83
3228	26.513	27.886
3229	26.104	27.864
3230	25.696	27.862
3231	25.309	27.886
3232	24.953	27.891
3233	24.612	27.876
3234	24.277	27.91
3235	23.97	27.94
3236	23.7	27.982
3237	23.433	27.967
3238	23.203	27.946
3239	22.988	27.97
3240	22.784	27.986
3241	22.626	27.94
3242	22.45	27.952
3243	22.28	27.932
3244	22.146	27.943
3245	22.027	27.974
3246	21.941	27.935
3247	21.899	27.913
3248	21.867	27.924
3249	21.84	27.962
3250	21.847	28.005
3251	21.87	27.969
3252	21.903	27.988
3253	21.982	27.896
3254	22.089	27.852
3255	22.21	27.842
3256	22.373	27.841
3257	22.562	27.796
3258	22.777	27.809
3259	23.016	27.853
3260	23.276	27.847
3261	23.582	27.784
3262	23.907	27.784
3263	24.254	27.79
3264	24.638	27.765
3265	25.033	27.733
3266	25.453	27.749
3267	25.967	27.684
3268	26.482	27.663
3269	27.005	27.611
3270	27.543	27.613
3271	28.104	27.608
3272	28.662	27.573
3273	29.246	27.562
3274	29.85	27.587
3275	30.492	27.527
3276	31.129	27.511
3277	31.797	27.493
3278	32.448	27.468
3279	33.09	27.5
3280	33.762	27.496
3281	34.403	27.481
3282	35.009	27.471
3283	35.633	27.443
3284	36.238	27.388
3285	36.813	27.392
3286	37.319	27.403
3287	37.825	27.392
3288	38.294	27.38
3289	38.727	27.357
3290	39.084	27.37
3291	39.408	27.362
3292	39.653	27.42
3293	39.867	27.443
3294	40.067	27.454
3295	40.201	27.399
3296	40.259	27.427
3297	40.253	27.46
3298	40.213	27.449
3299	40.096	27.431
3300	39.92	27.409
3301	39.709	27.452
3302	39.441	27.466
3303	39.121	27.513
3304	38.775	27.531
3305	38.382	27.594
3306	37.949	27.605
3307	37.504	27.64
3308	37.014	27.654
3309	36.491	27.685
3310	35.94	27.73
3311	35.41	27.823
3312	34.882	27.811
3313	34.334	27.819
3314	33.737	27.884
3315	33.179	27.951
3316	32.596	27.981
3317	32.016	27.966
3318	31.434	28.006
3319	30.867	27.999
3320	30.306	28.045
3321	29.762	28.032
3322	29.266	28.035
3323	28.746	28.059
3324	28.263	28.038
3325	27.781	28.096
3326	27.331	28.067
3327	26.896	28.077
3328	26.47	28.138
3329	26.061	28.087
3330	25.671	27.998
3331	25.295	28.024
3332	24.948	27.989
3333	24.623	27.988
3334	24.294	27.993
3335	24.013	27.92
3336	23.735	27.875
3337	23.459	27.934
3338	23.192	27.951
3339	22.995	27.889
3340	22.774	27.83
3341	22.594	27.843
3342	22.44	27.816
3343	22.3	27.758
3344	22.191	27.748
3345	22.088	27.722
3346	22.013	27.675
3347	21.944	27.671
3348	21.9	27.675
3349	21.875	27.692
3350	21.875	27.706
3351	21.894	27.799
3352	21.939	27.774
3353	22.011	27.707
3354	22.109	27.729
3355	22.235	27.747
3356	22.401	27.754
3357	22.584	27.741
3358	22.78	27.694
3359	23.041	27.652
3360	23.306	27.676
3361	23.603	27.629
3362	23.908	27.61
3363	24.257	27.578
3364	24.619	27.597
3365	25.038	27.587
3366	25.487	27.579
3367	25.929	27.585
3368	26.416	27.646
3369	26.891	27.66
3370	27.443	27.63
3371	27.995	27.655
3372	28.573	27.614
3373	29.178	27.602
3374	29.802	27.609
3375	30.457	27.528
3376	31.098	27.414
3377	31.736	27.375
3378	32.416	27.351
3379	33.068	27.34
3380	33.723	27.344
3381	34.357	27.329
3382	35.006	27.288
3383	35.618	27.321
3384	36.201	27.347
3385	36.789	27.286
3386	37.348	27.266
3387	37.874	27.246
3388	38.36	27.236
3389	38.791	27.258
3390	39.214	27.252
3391	39.521	27.219
3392	39.811	27.229
3393	40.056	27.224
3394	40.246	27.248
3395	40.328	27.286
3396	40.341	27.297
3397	40.363	27.287
3398	40.3	27.325
3399	40.186	27.31
3400	40.008	27.33
3401	39.803	27.379
3402	39.544	27.429
3403	39.188	27.463
3404	38.819	27.512
3405	38.416	27.568
3406	37.992	27.56
3407	37.513	27.585
3408	37.019	27.625
3409	36.477	27.639
3410	35.92	27.697
3411	35.343	27.732
3412	34.78	27.777
3413	34.206	27.834
3414	33.611	27.825
3415	33.048	27.805
3416	32.448	27.853
3417	31.872	27.847
3418	31.302	27.826
3419	30.781	27.785
3420	30.238	27.834
3421	29.722	27.879
3422	29.188	27.936
3423	28.652	27.943
3424	28.153	27.949
3425	27.673	28.042
3426	27.201	28.069
3427	26.762	28.084
3428	26.346	28.125
3429	25.932	28.123
3430	25.551	28.085
3431	25.159	28.103
3432	24.805	28.141
3433	24.47	28.137
3434	24.18	28.1
3435	23.898	28.121
3436	23.637	28.174
3437	23.395	28.157
3438	23.171	28.174
3439	22.965	28.233
3440	22.752	28.261
3441	22.589	28.289
3442	22.437	28.34
3443	22.313	28.311
3444	22.18	28.32
3445	22.078	28.284
3446	22.005	28.244
3447	21.961	28.191
3448	21.94	28.182
3449	21.92	28.184
3450	21.912	28.184
3451	21.936	28.158
3452	21.99	28.149
3453	22.055	28.125
3454	22.154	28.115
3455	22.292	28.061
3456	22.459	28.036
3457	22.636	28.064
3458	22.851	28.04
3459	23.096	28.047
3460	23.353	28.012
3461	23.638	27.937
3462	23.944	27.961
3463	24.293	27.873
3464	24.664	27.801
3465	25.064	27.857
3466	25.481	27.821
3467	25.93	27.747
3468	26.39	27.773
3469	26.878	27.764
3470	27.406	27.761
3471	27.951	27.713
3472	28.504	27.731
3473	29.09	27.727
3474	29.693	27.709
3475	30.322	27.704
3476	30.969	27.666
3477	31.604	27.665
3478	32.283	27.59
3479	32.957	27.562
3480	33.576	27.597
3481	34.222	27.612
3482	34.862	27.548
3483	35.452	27.534
3484	36.02	27.547
3485	36.597	27.571
3486	37.157	27.553
3487	37.697	27.52
3488	38.169	27.548
3489	38.624	27.527
3490	39.038	27.438
3491	39.437	27.387
3492	39.745	27.472
3493	39.989	27.474
3494	40.222	27.447
3495	40.363	27.528
3496	40.452	27.544
3497	40.479	27.571
3498	40.457	27.532
3499	40.395	27.515
3500	40.261	27.47
3501	40.054	27.508
3502	39.774	27.511
3503	39.478	27.547
3504	39.092	27.565
3505	38.671	27.576
3506	38.216	27.571
3507	37.737	27.621
3508	37.281	27.643
3509	36.751	27.694
3510	36.189	27.709
3511	35.62	27.731
3512	35.037	27.74
3513	34.478	27.764
3514	33.877	27.769
3515	33.273	27.838
3516	32.699	27.85
3517	32.108	27.801
3518	31.544	27.771
3519	30.958	27.809
3520	30.383	27.785
3521	29.827	27.905
3522	29.263	27.922
3523	28.715	27.996
3524	28.194	28.017
3525	27.693	27.992
3526	27.207	28.025
3527	26.746	28.039
3528	26.275	28.071
3529	25.879	28.054
3530	25.504	28.04
3531	25.128	28.065
3532	24.775	28.107
3533	24.435	28.127
3534	24.122	28.092
3535	23.822	28.081
3536	23.537	28.1
3537	23.269	28.12
3538	23.018	28.189
3539	22.793	28.226
3540	22.6	28.18
3541	22.413	28.203
3542	22.267	28.21
3543	22.123	28.247
3544	22.013	28.222
3545	21.913	28.161
3546	21.844	28.035
3547	21.816	28.023
3548	21.796	27.986
3549	21.802	27.959
3550	21.809	27.985
3551	21.857	27.946
3552	21.938	27.928
3553	22.039	27.906
3554	22.135	27.928
3555	22.27	27.938
3556	22.447	27.873
3557	22.621	27.815
3558	22.84	27.801
3559	23.069	27.793
3560	23.362	27.753
3561	23.678	27.7
3562	24.021	27.645
3563	24.377	27.581
3564	24.768	27.592
3565	25.169	27.619
3566	25.589	27.651
3567	26.018	27.657
3568	26.496	27.615
3569	26.992	27.627
3570	27.494	27.672
3571	28.134	27.665
3572	28.685	27.644
3573	29.29	27.597
3574	29.866	27.604
3575	30.481	27.611
3576	31.11	27.61
3577	31.726	27.602
3578	32.372	27.565
3579	33.031	27.548
3580	33.667	27.509
3581	34.295	27.53
3582	34.943	27.543
3583	35.544	27.529
3584	36.168	27.501
3585	36.753	27.486
3586	37.266	27.533
3587	37.76	27.567
3588	38.223	27.611
3589	38.666	27.559
3590	39.062	27.578
3591	39.384	27.547
3592	39.71	27.499
3593	39.955	27.511
3594	40.119	27.544
3595	40.281	27.5
3596	40.193	27.523
3597	40.199	27.526
3598	40.123	27.516
3599	40.002	27.562
3600	39.837	27.547
3601	39.65	27.564
3602	39.427	27.571
3603	39.081	27.636
3604	38.735	27.615
3605	38.354	27.655
3606	37.927	27.716
3607	37.497	27.695
3608	37.009	27.71
3609	36.488	27.732
3610	35.926	27.775
3611	35.407	27.773
3612	34.846	27.781
3613	34.257	27.753
3614	33.675	27.765
3615	33.092	27.781
3616	32.514	27.814
3617	31.964	27.834
3618	31.399	27.856
3619	30.851	27.893
3620	30.311	27.919
3621	29.763	27.945
3622	29.243	27.965
3623	28.737	28.011
3624	28.266	28.062
3625	27.807	28.085
3626	27.325	28.139
3627	26.875	28.142
3628	26.463	28.185
3629	26.049	28.268
3630	25.647	28.282
3631	25.278	28.199
3632	24.905	28.267
3633	24.568	28.253
3634	24.236	28.263
3635	23.937	28.292
3636	23.641	28.299
3637	23.384	28.286
3638	23.165	28.264
3639	22.935	28.305
3640	22.739	28.267
3641	22.571	28.229
3642	22.396	28.225
3643	22.243	28.241
3644	22.115	28.201
3645	22.005	28.197
3646	21.919	28.183
3647	21.851	28.196
3648	21.802	28.154
3649	21.773	28.086
3650	21.775	28.049
3651	21.808	27.965
3652	21.86	27.958
3653	21.954	27.846
3654	22.053	27.781
3655	22.186	27.787
3656	22.348	27.781
3657	22.549	27.682
3658	22.755	27.687
3659	23.004	27.675
3660	23.287	27.599
3661	23.603	27.536
3662	23.913	27.529
3663	24.247	27.541
3664	24.642	27.502
3665	25.039	27.494
3666	25.486	27.45
3667	25.933	27.495
3668	26.428	27.475
3669	26.941	27.452
3670	27.524	27.39
3671	28.103	27.344
3672	28.686	27.361
3673	29.298	27.373
3674	29.923	27.394
3675	30.533	27.419
3676	31.163	27.431
3677	31.805	27.414
3678	32.436	27.42
3679	33.098	27.414
3680	33.721	27.39
3681	34.347	27.381
3682	34.942	27.441
3683	35.576	27.375
3684	36.187	27.336
3685	36.717	27.347
3686	37.222	27.37
3687	37.752	27.35
3688	38.261	27.304
3689	38.67	27.338
3690	39.076	27.318
3691	39.371	27.36
3692	39.655	27.345
3693	39.88	27.366
3694	40.09	27.364
3695	40.176	27.415
3696	40.245	27.48
3697	40.25	27.442
3698	40.215	27.426
3699	40.113	27.379
3700	39.982	27.386
3701	39.774	27.386
3702	39.543	27.399
3703	39.214	27.468
3704	38.853	27.495
3705	38.493	27.549
3706	38.05	27.578
3707	37.6	27.521
3708	37.077	27.595
3709	36.547	27.678
3710	36.014	27.781
3711	35.469	27.806
3712	34.912	27.818
3713	34.3	27.906
3714	33.708	27.91
3715	33.115	27.917
3716	32.559	27.892
3717	31.995	27.901
3718	31.402	27.889
3719	30.814	27.927
3720	30.253	27.979
3721	29.7	28.034
3722	29.186	28.05
3723	28.677	28.083
3724	28.189	28.076
3725	27.705	28.099
3726	27.255	28.074
3727	26.797	28.077
3728	26.385	28.081
3729	25.985	28.037
3730	25.599	28.017
3731	25.229	28.051
3732	24.875	28.078
3733	24.552	28.14
3734	24.242	28.049
3735	23.96	27.958
3736	23.683	28.001
3737	23.432	28.005
3738	23.22	27.967
3739	23.014	27.941
3740	22.812	27.953
3741	22.628	28.014
3742	22.472	28.009
3743	22.348	27.994
3744	22.235	27.949
3745	22.142	27.834
3746	22.044	27.79
3747	21.981	27.727
3748	21.931	27.714
3749	21.906	27.733
3750	21.9	27.703
3751	21.928	27.7
3752	21.965	27.691
3753	22.023	27.685
3754	22.111	27.734
3755	22.234	27.67
3756	22.389	27.65
3757	22.561	27.678
3758	22.776	27.614
3759	23.004	27.675
3760	23.256	27.682
3761	23.548	27.659
3762	23.869	27.63
3763	24.19	27.638
3764	24.582	27.645
3765	24.988	27.622
3766	25.413	27.575
3767	25.873	27.552
3768	26.362	27.51
3769	26.876	27.496
3770	27.39	27.6
3771	27.96	27.544
3772	28.532	27.628
3773	29.101	27.645
3774	29.708	27.661
3775	30.346	27.484
3776	30.967	27.515
3777	31.625	27.542
3778	32.297	27.491
3779	32.942	27.461
3780	33.577	27.531
3781	34.229	27.537
3782	34.864	27.516
3783	35.464	27.543
3784	36.069	27.567
3785	36.637	27.562
3786	37.188	27.523
3787	37.675	27.586
3788	38.199	27.516
3789	38.614	27.497
3790	39.013	27.55
3791	39.373	27.565
3792	39.649	27.562
3793	39.851	27.648
3794	40.052	27.66
3795	40.183	27.589
3796	40.229	27.631
3797	40.237	27.609
3798	40.206	27.601
3799	40.119	27.574
3800	39.967	27.738
3801	39.733	27.754
3802	39.47	27.735
3803	39.177	27.775
3804	38.839	27.806
3805	38.456	27.783
3806	37.997	27.798
3807	37.547	27.779
3808	37.074	27.778
3809	36.562	27.8
3810	36.04	27.828
3811	35.496	27.821
3812	34.935	27.806
3813	34.338	27.907
3814	33.759	27.933
3815	33.172	27.942
3816	32.584	27.984
3817	32.008	28.047
3818	31.441	28.066
3819	30.856	28.1
3820	30.331	28.087
3821	29.816	28.057
3822	29.282	28.08
3823	28.773	28.126
3824	28.254	28.133
3825	27.765	28.162
3826	27.318	28.15
3827	26.881	28.21
3828	26.452	28.172
3829	26.051	28.208
3830	25.667	28.195
3831	25.301	28.182
3832	24.956	28.228
3833	24.613	28.228
3834	24.313	28.156
3835	24.022	28.119
3836	23.74	28.167
3837	23.493	28.109
3838	23.264	28.081
3839	23.039	28.109
3840	22.855	28.045
3841	22.667	28.032
3842	22.506	27.967
3843	22.384	27.923
3844	22.247	27.925
3845	22.122	27.943
3846	22.027	27.962
3847	21.958	27.921
3848	21.915	27.876
3849	21.905	27.895
3850	21.911	27.87
3851	21.947	27.824
3852	21.998	27.727
3853	22.053	27.816
3854	22.15	27.779
3855	22.265	27.766
3856	22.42	27.74
3857	22.582	27.703
3858	22.776	27.692
3859	23.004	27.691
3860	23.254	27.749
3861	23.536	27.724
3862	23.847	27.757
3863	24.176	27.752
3864	24.549	27.724
3865	24.932	27.739
3866	25.356	27.716
3867	25.802	27.771
3868	26.271	27.752
3869	26.793	27.725
3870	27.333	27.719
3871	27.874	27.708
3872	28.456	27.72
3873	29.077	27.683
3874	29.691	27.684
3875	30.168	27.694
3876	30.78	27.765
3877	31.432	27.763
3878	32.109	27.661
3879	32.756	27.631
3880	33.43	27.597
3881	34.096	27.591
3882	34.745	27.57
3883	35.392	27.542
3884	35.971	27.567
3885	36.533	27.534
3886	37.067	27.549
3887	37.557	27.541
3888	38.054	27.516
3889	38.495	27.498
3890	38.89	27.546
3891	39.266	27.501
3892	39.549	27.455
3893	39.763	27.432
3894	39.953	27.404
3895	40.079	27.407
3896	40.199	27.357
3897	40.234	27.383
3898	40.187	27.44
3899	40.068	27.453
3900	40.16	27.447
3901	39.953	27.439
3902	39.651	27.485
3903	39.312	27.535
3904	38.991	27.51
3905	38.571	27.567
3906	38.134	27.559
3907	37.666	27.555
3908	37.153	27.628
3909	36.651	27.585
3910	36.13	27.589
3911	35.61	27.594
3912	35.057	27.657
3913	34.493	27.625
3914	33.922	27.659
3915	33.333	27.613
3916	32.722	27.654
3917	32.147	27.679
3918	31.604	27.707
3919	31.03	27.771
3920	30.465	27.801
3921	29.913	27.886
3922	29.366	27.853
3923	28.841	27.856
3924	28.348	27.829
3925	27.848	27.852
3926	27.381	27.871
3927	26.951	27.857
3928	26.533	27.847
3929	26.094	27.919
3930	25.712	27.874
3931	25.327	27.895
3932	24.969	27.927
3933	24.647	27.856
3934	24.309	27.91
3935	24.021	27.886
3936	23.73	27.898
3937	23.481	27.855
3938	23.215	27.946
3939	22.975	27.967
3940	22.771	27.991
3941	22.599	28.048
3942	22.449	28.061
3943	22.301	28.065
3944	22.175	28.086
3945	22.075	28.047
3946	21.981	28.035
3947	21.93	28.008
3948	21.89	27.997
3949	21.873	28.001
3950	21.861	27.988
3951	21.872	27.98
3952	21.896	28.007
3953	21.957	28.039
3954	22.075	27.976
3955	22.193	28.052
3956	22.343	28.06
3957	22.538	28.014
3958	22.746	28.057
3959	23.007	27.994
3960	23.26	28.022
3961	23.554	27.977
3962	23.86	27.963
3963	24.236	27.887
3964	24.632	27.826
3965	25.049	27.768
3966	25.495	27.611
3967	25.952	27.544
3968	26.425	27.514
3969	26.935	27.472
3970	27.487	27.468
3971	28.051	27.419
3972	28.625	27.432
3973	29.219	27.437
3974	29.584	27.447
3975	30.237	27.429
3976	30.88	27.391
3977	31.542	27.368
3978	32.197	27.34
3979	32.825	27.377
3980	33.456	27.33
3981	34.086	27.37
3982	34.692	27.403
3983	35.26	27.343
3984	35.806	27.343
3985	36.348	27.322
3986	36.868	27.315
3987	37.357	27.31
3988	37.775	27.333
3989	38.187	27.385
3990	38.55	27.398
3991	38.859	27.498
3992	39.138	27.555
3993	39.381	27.559
3994	39.561	27.579
3995	39.678	27.558
3996	39.782	27.571
3997	39.786	27.567
3998	39.754	27.606
3999	40.066	27.593
4000	39.94	27.598
4001	39.749	27.616
4002	39.526	27.624
4003	39.237	27.631
4004	38.925	27.639
4005	38.579	27.665
4006	38.185	27.658
4007	37.741	27.694
4008	37.3	27.719
4009	36.854	27.754
4010	36.357	27.744
4011	35.845	27.763
4012	35.313	27.769
4013	34.732	27.816
4014	34.164	27.793
4015	33.597	27.833
4016	33.015	27.842
4017	32.454	27.803
4018	31.877	27.839
4019	31.316	27.811
4020	30.747	27.829
4021	30.166	27.849
4022	29.636	27.859
4023	29.114	27.806
4024	28.579	27.867
4025	28.049	27.915
4026	27.572	27.929
4027	27.082	27.951
4028	26.647	27.947
4029	26.208	27.976
4030	25.789	27.966
4031	25.395	27.978
4032	25.019	27.977
4033	24.662	27.994
4034	24.333	27.985
4035	24.014	28.042
4036	23.71	28.064
4037	23.438	28.082
4038	23.208	28.059
4039	22.976	28.043
4040	22.763	28.052
4041	22.573	28.037
4042	22.403	28.077
4043	22.249	28.084
4044	22.118	28.101
4045	22.011	28.125
4046	21.933	28.114
4047	21.865	28.103
4048	21.821	28.087
4049	21.82	28.003
4050	21.837	27.932
4051	21.875	27.915
4052	21.935	27.934
4053	21.997	27.929
4054	22.116	27.887
4055	22.246	27.84
4056	22.406	27.825
4057	22.593	27.779
4058	22.815	27.789
4059	23.039	27.776
4060	23.309	27.744
4061	23.61	27.721
4062	23.951	27.666
4063	24.227	27.643
4064	24.598	27.641
4065	25.012	27.569
4066	25.444	27.327
4067	25.883	27.32
4068	26.373	27.325
4069	26.879	27.321
4070	27.396	27.322
4071	27.948	27.352
4072	28.525	27.39
4073	29.113	27.383
4074	29.703	27.358
4075	30.326	27.414
4076	30.967	27.368
4077	31.606	27.288
4078	32.251	27.286
4079	32.862	27.278
4080	33.499	27.298
4081	34.128	27.245
4082	34.738	27.239
4083	35.35	27.193
4084	35.894	27.225
4085	36.425	27.212
4086	36.967	27.194
4087	37.42	27.239
4088	38.019	27.23
4089	38.447	27.223
4090	38.805	27.256
4091	39.161	27.527
4092	39.436	27.544
4093	39.674	27.498
4094	39.886	27.461
4095	40.01	27.471
4096	40.068	27.467
4097	40.099	27.447
4098	40.048	27.479
4099	39.985	27.501
4100	39.852	27.467
4101	39.638	27.46
4102	39.406	27.518
4103	39.13	27.515
4104	38.832	27.482
4105	38.435	27.552
4106	38.032	27.566
4107	37.578	27.606
4108	37.072	27.627
4109	36.609	27.638
4110	36.144	27.624
4111	35.62	27.615
4112	35.047	27.646
4113	34.477	27.695
4114	33.914	27.674
4115	33.353	27.675
4116	32.752	27.671
4117	32.192	27.684
4118	31.614	27.737
4119	31.039	27.826
4120	30.483	27.836
4121	29.933	27.881
4122	29.38	27.892
4123	28.879	27.889
4124	28.371	27.894
4125	27.879	27.912
4126	27.413	27.942
4127	26.953	27.978
4128	26.517	28.037
4129	26.082	28.099
4130	25.688	28.052
4131	25.308	28.066
4132	24.968	28.076
4133	24.646	28.062
4134	24.331	28.066
4135	24.018	28.079
4136	23.711	28.126
4137	23.468	28.098
4138	23.235	28.04
4139	23.021	28.043
4140	22.834	28.029
4141	22.656	28.025
4142	22.489	28.014
4143	22.35	28.007
4144	22.225	27.963
4145	22.122	27.947
4146	22.04	27.891
4147	21.991	27.844
4148	21.943	27.839
4149	21.917	27.919
4150	21.933	27.85
4151	21.94	27.886
4152	21.999	27.821
4153	22.081	27.76
4154	22.172	27.737
4155	22.29	27.74
4156	22.44	27.741
4157	22.62	27.712
4158	22.825	27.716
4159	23.073	27.645
4160	23.332	27.692
4161	23.628	27.692
4162	23.956	27.64
4163	24.294	27.669
4164	24.661	27.67
4165	25.047	27.682
4166	25.478	27.436
4167	25.94	27.389
4168	26.409	27.352
4169	26.9	27.352
4170	27.44	27.323
4171	28.019	27.317
4172	28.584	27.384
4173	29.201	27.339
4174	29.804	27.282
4175	30.386	27.351
4176	31.048	27.277
4177	31.692	27.275
4178	32.333	27.254
4179	33.017	27.215
4180	33.703	27.197
4181	34.341	27.205
4182	34.955	27.215
4183	35.536	27.208
4184	36.093	27.225
4185	36.663	27.177
4186	37.212	27.146
4187	37.683	27.194
4188	38.152	27.195
4189	38.554	27.225
4190	38.929	27.227
4191	39.282	27.476
4192	39.583	27.495
4193	39.838	27.521
4194	40.06	27.504
4195	40.173	27.555
4196	40.236	27.546
4197	40.262	27.487
4198	40.163	27.478
4199	40.114	27.438
4200	39.999	27.427
4201	39.771	27.486
4202	39.503	27.494
4203	39.198	27.49
4204	38.828	27.516
4205	38.433	27.53
4206	38.009	27.573
4207	37.56	27.565
4208	37.125	27.556
4209	36.634	27.588
4210	36.114	27.601
4211	35.587	27.642
4212	35.042	27.642
4213	34.477	27.651
4214	33.918	27.671
4215	33.308	27.692
4216	32.698	27.702
4217	32.119	27.654
4218	31.547	27.651
4219	30.98	27.666
4220	30.428	27.651
4221	29.875	27.682
4222	29.343	27.709
4223	28.826	27.796
4224	28.298	27.829
4225	27.809	27.887
4226	27.332	27.92
4227	26.877	27.974
4228	26.424	28.034
4229	26.013	28.126
4230	25.624	28.143
4231	25.242	28.127
4232	24.887	28.143
4233	24.537	28.179
4234	24.212	28.204
4235	23.904	28.216
4236	23.611	28.224
4237	23.354	28.247
4238	23.134	28.196
4239	22.901	28.17
4240	22.716	28.196
4241	22.551	28.142
4242	22.386	28.204
4243	22.248	28.177
4244	22.12	28.205
4245	22.027	28.241
4246	21.948	28.272
4247	21.887	28.307
4248	21.866	28.233
4249	21.854	28.255
4250	21.854	28.225
4251	21.901	28.193
4252	21.956	28.142
4253	22.052	28.115
4254	22.16	28.032
4255	22.293	28.006
4256	22.462	27.963
4257	22.647	27.927
4258	22.847	27.926
4259	23.098	27.868
4260	23.371	27.873
4261	23.671	27.856
4262	23.991	27.838
4263	24.336	27.824
4264	24.728	27.653
4265	25.123	27.621
4266	25.539	27.675
4267	25.994	27.644
4268	26.47	27.622
4269	26.993	27.539
4270	27.539	27.473
4271	28.076	27.426
4272	28.642	27.404
4273	29.207	27.43
4274	29.823	27.395
4275	30.454	27.4
4276	31.062	27.414
4277	31.704	27.375
4278	32.383	27.278
4279	33.021	27.28
4280	33.651	27.266
4281	34.272	27.254
4282	34.887	27.258
4283	35.515	27.225
4284	36.068	27.27
4285	36.609	27.265
4286	37.18	27.203
4287	37.688	27.158
4288	38.139	27.217
4289	38.566	27.42
4290	38.978	27.391
4291	39.34	27.355
4292	39.623	27.364
4293	39.878	27.353
4294	40.035	27.411
4295	40.118	27.418
4296	40.219	27.444
4297	40.255	27.382
4298	40.201	27.405
4299	40.106	27.387
4300	39.929	27.366
4301	39.74	27.368
4302	39.502	27.369
4303	39.128	27.487
4304	38.763	27.504
4305	38.393	27.553
4306	37.977	27.572
4307	37.526	27.63
4308	37.039	27.645
4309	36.536	27.628
4310	36.019	27.639
4311	35.475	27.677
4312	34.906	27.74
4313	34.354	27.71
4314	33.802	27.669
4315	33.246	27.676
4316	32.673	27.699
4317	32.121	27.69
4318	31.522	27.763
4319	30.963	27.788
4320	30.398	27.859
4321	29.87	27.828
4322	29.323	27.899
4323	28.822	27.909
4324	28.302	27.929
4325	27.829	27.927
4326	27.359	27.922
4327	26.914	27.942
4328	26.49	27.933
4329	26.093	27.919
4330	25.699	27.884
4331	25.32	27.857
4332	24.959	27.835
4333	24.624	27.826
4334	24.309	27.825
4335	24.016	27.859
4336	23.712	27.865
4337	23.457	27.839
4338	23.205	27.839
4339	22.986	27.852
4340	22.764	27.855
4341	22.573	27.868
4342	22.404	27.867
4343	22.269	27.861
4344	22.147	27.826
4345	22.071	27.76
4346	21.979	27.733
4347	21.914	27.712
4348	21.875	27.664
4349	21.869	27.65
4350	21.877	27.624
4351	21.913	27.573
4352	21.95	27.59
4353	22.033	27.559
4354	22.131	27.606
4355	22.236	27.61
4356	22.393	27.644
4357	22.577	27.621
4358	22.79	27.651
4359	23.034	27.641
4360	23.302	27.575
4361	23.601	27.591
4362	23.917	27.605
4363	24.264	27.595
4364	24.622	27.577
4365	25.014	27.586
4366	25.443	27.534
4367	25.888	27.552
4368	26.359	27.529
4369	26.866	27.51
4370	27.384	27.507
4371	27.937	27.518
4372	28.518	27.528
4373	29.108	27.559
4374	29.694	27.565
4375	30.295	27.615
4376	30.941	27.602
4377	31.576	27.604
4378	32.222	27.611
4379	32.871	27.538
4380	33.543	27.538
4381	34.18	27.544
4382	34.801	27.569
4383	35.393	27.55
4384	35.989	27.571
4385	36.554	27.613
4386	37.108	27.6
4387	37.626	27.59
4388	38.095	27.615
4389	38.558	27.63
4390	39.004	27.575
4391	39.388	27.594
4392	39.706	27.564
4393	39.949	27.56
4394	40.133	27.605
4395	40.288	27.567
4396	40.352	27.611
4397	40.381	27.564
4398	40.366	27.53
4399	40.28	27.531
4400	40.128	27.495
4401	39.88	27.559
4402	39.668	27.522
4403	39.331	27.571
4404	38.957	27.598
4405	38.531	27.63
4406	38.11	27.596
4407	37.648	27.62
4408	37.166	27.647
4409	36.639	27.692
4410	36.126	27.646
4411	35.532	27.663
4412	34.957	27.686
4413	34.381	27.706
4414	33.79	27.686
4415	33.181	27.758
4416	32.595	27.729
4417	32.004	27.794
4418	31.438	27.81
4419	30.865	27.786
4420	30.286	27.861
4421	29.775	27.815
4422	29.253	27.83
4423	28.727	27.871
4424	28.226	27.913
4425	27.761	27.911
4426	27.305	27.907
4427	26.845	27.958
4428	26.431	27.909
4429	26.032	27.932
4430	25.644	27.945
4431	25.274	27.956
4432	24.919	27.905
4433	24.59	27.903
4434	24.284	27.847
4435	23.984	27.807
4436	23.72	27.828
4437	23.462	27.81
4438	23.218	27.806
4439	22.987	27.83
4440	22.792	27.841
4441	22.603	27.932
4442	22.446	27.932
4443	22.317	27.924
4444	22.193	27.944
4445	22.102	27.886
4446	21.986	27.93
4447	21.912	27.94
4448	21.871	27.945
4449	21.855	27.925
4450	21.856	27.922
4451	21.891	27.911
4452	21.938	27.904
4453	21.999	27.948
4454	22.102	27.904
4455	22.248	27.876
4456	22.397	27.899
4457	22.583	27.905
4458	22.784	27.851
4459	23.007	27.869
4460	23.26	27.914
4461	23.556	27.86
4462	23.881	27.855
4463	24.242	27.849
4464	25.183	27.83
4465	25.615	27.769
4466	26.034	27.726
4467	26.53	27.685
4468	26.996	27.64
4469	27.51	27.621
4470	28.031	27.603
4471	28.607	27.371
4472	29.19	27.314
4473	29.776	27.3
4474	30.405	27.228
4475	31.034	27.082
4476	31.655	27.055
4477	32.294	27.043
4478	32.952	27.036
4479	33.573	27.056
4480	34.203	27.058
4481	34.811	27.053
4482	35.404	27.051
4483	35.987	27.067
4484	36.587	27.017
4485	37.13	27.053
4486	37.672	27.064
4487	38.137	27.053
4488	38.608	26.99
4489	37.971	26.999
4490	38.282	26.992
4491	38.634	26.921
4492	38.816	26.914
4493	39.061	26.941
4494	39.235	26.968
4495	39.356	27.058
4496	39.401	27.27
4497	39.43	27.309
4498	39.399	27.313
4499	39.269	27.403
4500	39.168	27.521
4501	38.981	27.528
4502	38.761	27.523
4503	38.505	27.482
4504	38.205	27.466
4505	37.857	27.445
4506	37.5	27.414
4507	37.133	27.424
4508	36.728	27.443
4509	36.26	27.479
4510	35.762	27.47
4511	35.25	27.481
4512	34.749	27.498
4513	34.199	27.602
4514	33.677	27.636
4515	33.139	27.719
4516	32.558	27.788
4517	32.04	27.802
4518	31.495	27.833
4519	30.955	27.809
4520	30.433	27.77
4521	29.935	27.769
4522	29.41	27.783
4523	28.926	27.761
4524	28.44	27.766
4525	27.936	27.799
4526	27.48	27.828
4527	27.016	27.887
4528	26.584	27.925
4529	26.195	27.923
4530	25.796	27.906
4531	25.434	27.89
4532	25.065	27.919
4533	24.719	27.904
4534	24.382	27.976
4535	24.087	27.96
4536	23.79	27.978
4537	23.508	27.997
4538	23.267	27.928
4539	23.04	27.895
4540	22.82	27.879
4541	22.637	27.886
4542	22.46	27.895
4543	22.299	27.865
4544	22.168	27.91
4545	22.039	27.893
4546	21.943	27.877
4547	21.88	27.903
4548	21.813	27.911
4549	21.805	27.873
4550	21.812	27.878
4551	21.831	27.863
4552	21.876	27.792
4553	21.947	27.811
4554	22.023	27.829
4555	22.168	27.799
4556	22.305	27.824
4557	22.489	27.78
4558	22.71	27.762
4559	22.958	27.682
4560	23.235	27.686
4561	23.536	27.618
4562	23.877	27.585
4563	24.217	27.613
4564	24.595	27.648
4565	25.018	27.648
4566	25.446	27.636
4567	25.904	27.661
4568	26.403	27.646
4569	26.911	27.601
4570	27.474	27.556
4571	28.032	27.553
4572	28.61	27.532
4573	29.22	27.581
4574	29.812	27.586
4575	30.439	27.584
4576	31.069	27.566
4577	31.731	27.615
4578	32.372	27.584
4579	33.071	27.547
4580	33.697	27.608
4581	34.343	27.611
4582	34.949	27.61
4583	35.549	27.625
4584	36.143	27.669
4585	36.7	27.663
4586	37.202	27.703
4587	37.706	27.758
4588	38.184	27.724
4589	38.642	27.638
4590	39.009	27.613
4591	39.392	27.616
4592	39.708	27.52
4593	39.943	27.512
4594	40.121	27.523
4595	40.24	27.573
4596	40.297	27.597
4597	40.279	27.605
4598	40.297	27.532
4599	40.218	27.555
4600	40.052	27.553
4601	39.83	27.569
4602	39.581	27.522
4603	39.291	27.501
4604	38.891	27.529
4605	38.471	27.529
4606	38.042	27.519
4607	37.596	27.528
4608	37.085	27.547
4609	36.568	27.5
4610	36.041	27.488
4611	35.523	27.517
4612	34.957	27.497
4613	34.376	27.496
4614	33.778	27.548
4615	33.209	27.574
4616	32.626	27.541
4617	32.061	27.576
4618	31.488	27.631
4619	30.913	27.66
4620	30.353	27.65
4621	29.812	27.658
4622	29.279	27.674
4623	28.712	27.741
4624	28.189	27.727
4625	27.715	27.715
4626	27.258	27.722
4627	26.842	27.711
4628	26.411	27.705
4629	26.006	27.761
4630	25.612	27.802
4631	25.239	27.819
4632	24.886	27.864
4633	24.554	27.842
4634	24.241	27.86
4635	23.939	27.888
4636	23.667	27.905
4637	23.417	27.881
4638	23.192	27.9
4639	22.972	27.945
4640	22.772	27.902
4641	22.59	27.903
4642	22.41	27.95
4643	22.289	27.886
4644	22.196	27.809
4645	22.068	27.843
4646	21.985	27.85
4647	21.938	27.859
4648	21.903	27.823
4649	21.882	27.847
4650	21.878	27.87
4651	21.914	27.887
4652	21.931	27.934
4653	22.005	28.013
4654	22.11	27.953
4655	22.243	27.928
4656	22.396	27.965
4657	22.583	27.904
4658	22.789	27.941
4659	23.027	27.899
4660	23.28	27.905
4661	23.565	27.816
4662	23.879	27.799
4663	24.213	27.788
4664	24.601	27.671
4665	25.005	27.622
4666	25.438	27.616
4667	25.891	27.601
4668	26.369	27.6
4669	26.86	27.619
4670	27.42	27.556
4671	27.985	27.502
4672	28.542	27.476
4673	29.144	27.471
4674	29.785	27.386
4675	30.421	27.362
4676	31.077	27.294
4677	31.738	27.246
4678	32.395	27.189
4679	33.055	27.153
4680	33.713	27.156
4681	34.38	27.049
4682	35.001	27.033
4683	35.638	26.999
4684	36.236	27.01
4685	36.833	26.977
4686	37.385	27.012
4687	37.891	27.015
4688	38.381	27.026
4689	38.79	27.084
4690	39.17	27.192
4691	39.467	27.231
4692	39.739	27.205
4693	39.955	27.233
4694	40.13	27.287
4695	40.276	27.292
4696	40.328	27.335
4697	40.335	27.355
4698	40.276	27.353
4699	40.136	27.386
4700	39.969	27.395
4701	39.684	27.462
4702	39.427	27.453
4703	39.133	27.42
4704	38.735	27.473
4705	38.356	27.431
4706	37.902	27.487
4707	37.446	27.512
4708	36.948	27.525
4709	36.445	27.513
4710	35.915	27.534
