1	24.176	27.693
2	23.951	27.663
3	23.772	27.684
4	23.607	27.609
5	23.452	27.604
6	23.305	27.601
7	23.174	27.6
8	23.077	27.574
9	22.977	27.576
10	22.898	27.544
11	22.821	27.566
12	22.777	27.531
13	22.76	27.468
14	22.746	27.493
15	22.76	27.431
16	22.788	27.427
17	22.826	27.386
18	22.897	27.406
19	23.017	27.373
20	23.111	27.392
21	23.251	27.447
22	23.427	27.395
23	23.614	27.38
24	23.847	27.323
25	24.082	27.379
26	24.345	27.357
27	24.656	27.338
28	24.973	27.864
29	25.319	27.856
30	25.665	27.888
31	26.047	27.856
32	26.472	27.805
33	26.926	27.729
34	27.409	27.658
35	27.902	27.659
36	28.424	27.664
37	28.924	27.647
38	29.44	27.641
39	29.997	27.607
40	30.568	27.572
41	31.154	27.548
42	31.77	27.562
43	32.364	27.496
44	32.969	27.482
45	33.592	27.488
46	34.22	27.365
47	34.773	27.392
48	35.351	27.435
49	35.874	27.459
50	36.415	27.382
51	36.924	27.418
52	37.381	27.454
53	37.839	26.869
54	38.214	26.895
55	38.584	26.89
56	38.896	26.927
57	39.122	26.939
58	39.293	27.023
59	39.399	27.096
60	39.502	27.081
61	39.567	27.031
62	39.602	27.01
63	39.555	27.083
64	39.449	27.081
65	39.279	27.148
66	39.068	27.138
67	38.802	27.162
68	38.46	27.207
69	38.087	27.237
70	37.675	27.281
71	37.23	27.378
72	36.8	27.402
73	36.305	27.421
74	35.811	27.455
75	35.297	27.517
76	34.76	27.562
77	34.22	27.6
78	33.65	27.687
79	33.092	27.689
80	32.525	27.722
81	31.986	27.817
82	31.471	27.831
83	30.949	27.84
84	30.451	27.841
85	29.94	27.85
86	29.449	27.868
87	28.968	27.972
88	28.503	27.982
89	28.073	27.991
90	27.643	27.977
91	27.232	27.968
92	26.836	27.969
93	26.471	28.049
94	26.103	28.087
95	25.775	28.055
96	25.44	28.064
97	25.134	28.037
98	24.855	28.059
99	24.583	28.057
100	24.339	28.015
101	24.107	27.939
102	23.886	27.921
103	23.687	27.916
104	23.517	27.939
105	23.36	27.911
106	23.202	27.826
107	23.082	27.818
108	22.97	27.806
109	22.869	27.821
110	22.793	27.817
111	22.721	27.822
112	22.657	27.762
113	22.636	27.719
114	22.615	27.764
115	22.622	27.821
116	22.651	27.835
117	22.705	27.837
118	22.792	27.783
119	22.899	27.757
120	23.009	27.743
121	23.173	27.685
122	23.353	27.641
123	23.575	27.547
124	23.793	27.585
125	24.033	27.595
126	24.33	27.547
127	24.632	27.572
128	24.958	27.524
129	25.311	27.886
130	25.684	27.913
131	26.115	27.856
132	26.532	27.803
133	26.993	27.746
134	27.459	27.715
135	27.965	27.654
136	28.469	27.684
137	29.03	27.681
138	29.565	27.647
139	30.141	27.565
140	30.716	27.513
141	31.307	27.47
142	31.728	27.427
143	32.289	27.375
144	32.889	27.33
145	33.482	27.38
146	34.021	27.406
147	34.57	27.465
148	35.104	27.438
149	35.633	27.436
150	36.124	27.473
151	36.553	27.521
152	37.026	27.468
153	37.44	27.471
154	37.827	27.077
155	38.162	27.046
156	38.425	27.104
157	38.687	27.154
158	38.88	27.175
159	39.041	27.232
160	39.12	27.312
161	39.223	27.256
162	39.222	27.313
163	39.185	27.344
164	39.052	27.411
165	38.92	27.427
166	38.725	27.499
167	38.722	27.518
168	38.475	27.599
169	38.113	27.667
170	37.749	27.649
171	37.388	27.654
172	36.975	27.63
173	36.509	27.704
174	36.052	27.692
175	35.575	27.658
176	35.052	27.697
177	34.495	27.728
178	33.999	27.711
179	33.446	27.773
180	32.933	27.771
181	32.403	27.771
182	31.881	27.751
183	31.333	27.864
184	30.8	27.889
185	30.278	27.873
186	29.747	27.981
187	29.251	27.977
188	28.783	27.982
189	28.328	27.969
190	27.896	27.939
191	27.48	27.873
192	27.061	27.884
193	26.66	27.834
194	26.279	27.861
195	25.927	27.852
196	25.573	27.898
197	25.223	27.921
198	24.902	27.956
199	24.601	28.021
200	24.329	28.116
201	24.116	28.075
202	23.896	28.075
203	23.667	28.104
204	23.481	28.065
205	23.299	28.083
206	23.131	28.146
207	22.991	28.14
208	22.878	28.043
209	22.782	27.987
210	22.716	27.957
211	22.647	27.92
212	22.606	27.9
213	22.584	27.884
214	22.589	27.866
215	22.59	27.878
216	22.609	27.955
217	22.665	27.96
218	22.754	27.936
219	22.87	27.889
220	22.984	27.869
221	23.142	27.829
222	23.323	27.82
223	23.531	27.781
224	23.79	27.634
225	24.034	27.543
226	24.301	27.538
227	24.609	27.524
228	24.932	27.491
229	25.288	27.459
230	25.664	27.466
231	26.075	27.409
232	26.483	27.442
233	26.947	27.393
234	27.415	27.368
235	27.883	27.427
236	28.407	27.352
237	28.937	27.287
238	29.48	27.27
239	30.023	27.274
240	30.575	27.31
241	31.159	27.25
242	31.784	27.202
243	32.347	27.221
244	32.936	27.195
245	33.537	27.212
246	34.109	27.22
247	34.681	27.211
248	35.226	27.207
249	35.722	27.27
250	36.254	27.258
251	36.716	27.333
252	37.17	27.283
253	37.582	27.299
254	37.969	27.298
255	38.301	27.289
256	38.603	27.25
257	38.85	27.26
258	38.993	27.326
259	39.152	27.309
260	39.262	27.266
261	39.314	27.29
262	39.288	27.317
263	39.258	27.308
264	39.159	27.33
265	39.067	27.269
266	38.865	27.279
267	38.601	27.301
268	38.333	27.3
269	37.998	27.361
270	37.608	27.363
271	37.191	27.373
272	36.752	27.393
273	36.323	27.412
274	35.849	27.457
275	35.354	27.476
276	34.843	27.483
277	34.314	27.568
278	33.809	27.591
279	33.27	27.62
280	32.76	27.622
281	32.22	27.675
282	31.679	27.702
283	31.18	27.694
284	30.656	27.728
285	30.138	27.824
286	29.644	27.874
287	29.188	27.857
288	28.682	27.913
289	28.244	27.891
290	27.786	27.917
291	27.342	27.944
292	26.941	27.958
293	26.563	27.962
294	26.19	27.981
295	25.833	28.002
296	25.509	28.029
297	25.2	28.053
298	24.899	28.055
299	24.6	28.023
300	24.314	28.048
301	24.078	27.998
302	23.857	27.94
303	23.65	27.914
304	23.456	27.94
305	23.267	27.96
306	23.117	27.927
307	22.989	27.905
308	22.866	27.938
309	22.786	27.889
310	22.71	27.821
311	22.644	27.797
312	22.59	27.849
313	22.583	27.82
314	22.571	27.786
315	22.572	27.771
316	22.631	27.744
317	22.668	27.776
318	22.742	27.804
319	22.841	27.745
320	22.998	27.703
321	23.17	27.632
322	23.358	27.602
323	23.552	27.586
324	23.808	27.537
325	24.12	27.47
326	24.398	27.468
327	24.705	27.448
328	25.031	27.416
329	25.389	27.378
330	25.772	27.35
331	26.175	27.332
332	26.603	27.3
333	27.05	27.279
334	27.505	27.265
335	27.981	27.242
336	28.477	27.283
337	28.986	27.23
338	29.516	27.228
339	30.06	27.274
340	30.643	27.294
341	31.207	27.275
342	31.797	27.203
343	32.209	27.135
344	32.803	27.133
345	33.386	27.076
346	33.909	27.079
347	34.447	27.068
348	34.999	27.052
349	35.504	27.041
350	35.93	27.103
351	36.394	27.08
352	36.825	27.151
353	37.231	27.18
354	37.602	27.16
355	37.909	27.206
356	38.196	27.275
357	38.437	27.295
358	38.659	27.271
359	38.822	27.338
360	38.951	27.364
361	39.028	27.389
362	39.067	27.455
363	39.08	27.426
364	38.975	27.436
365	38.862	27.422
366	38.711	27.435
367	38.498	27.487
368	38.449	27.589
369	38.175	27.583
370	37.794	27.69
371	37.429	27.794
372	37.063	27.782
373	36.608	27.843
374	36.13	27.96
375	35.649	27.967
376	35.165	28.001
377	34.681	27.958
378	34.154	27.96
379	33.606	28.063
380	33.088	28.061
381	32.542	28.021
382	31.986	28.043
383	31.437	28.105
384	30.897	28.158
385	30.382	28.189
386	29.89	28.127
387	29.381	28.132
388	28.891	28.165
389	28.428	28.164
390	27.957	28.219
391	27.495	28.278
392	27.062	28.326
393	26.673	28.249
394	26.243	28.354
395	25.871	28.381
396	25.517	28.361
397	25.179	28.374
398	24.894	28.331
399	24.605	28.275
400	24.327	28.238
401	24.066	28.26
402	23.811	28.302
403	23.587	28.345
404	23.386	28.278
405	23.204	28.31
406	23.045	28.329
407	22.924	28.288
408	22.822	28.215
409	22.73	28.132
410	22.65	28.1
411	22.579	28.069
412	22.547	28.036
413	22.517	28.047
414	22.521	28.047
415	22.543	28.014
416	22.593	27.986
417	22.662	27.951
418	22.74	28.005
419	22.854	27.918
420	22.982	27.859
421	23.15	27.802
422	23.333	27.795
423	23.517	27.808
424	23.754	27.814
425	24.014	27.828
426	24.29	27.751
427	24.592	27.709
428	24.951	27.67
429	25.324	27.656
430	25.699	27.566
431	26.118	27.504
432	26.547	27.482
433	26.98	27.495
434	27.447	27.508
435	27.916	27.467
436	28.418	27.459
437	28.944	27.412
438	29.464	27.378
439	30.018	27.351
440	30.595	27.293
441	31.18	27.224
442	31.775	27.161
443	32.351	27.096
444	32.95	27.07
445	33.549	27.07
446	34.122	27.059
447	34.659	27.079
448	35.213	27.074
449	35.71	27.027
450	36.193	27.02
451	36.663	27.112
452	37.117	27.096
453	37.5	27.121
454	37.872	27.09
455	38.222	27.14
456	38.509	27.148
457	38.743	27.206
458	38.911	27.23
459	39.052	27.242
460	39.192	27.285
461	39.247	27.335
462	39.248	27.387
463	39.203	27.493
464	39.079	27.527
465	38.916	27.581
466	38.709	27.628
467	38.424	27.7
468	38.134	27.764
469	37.835	27.773
470	37.477	27.774
471	37.082	27.811
472	36.665	27.851
473	36.22	27.884
474	35.809	27.884
475	35.356	27.869
476	34.868	27.836
477	34.355	27.863
478	33.83	27.88
479	33.308	27.918
480	32.782	27.924
481	32.232	28.002
482	31.71	28.028
483	31.217	28.057
484	30.704	28.056
485	30.199	28.08
486	29.706	28.114
487	29.232	28.102
488	28.774	28.058
489	28.326	28.084
490	27.883	28.11
491	27.44	28.155
492	27.04	28.147
493	26.666	28.108
494	26.278	28.128
495	25.922	28.175
496	25.584	28.186
497	25.269	28.181
498	24.962	28.212
499	24.651	28.31
500	24.383	28.341
501	24.139	28.363
502	23.907	28.408
503	23.702	28.37
504	23.508	28.353
505	23.343	28.264
506	23.198	28.222
507	23.062	28.173
508	22.931	28.177
509	22.818	28.16
510	22.733	28.126
511	22.658	28.125
512	22.608	28.14
513	22.586	28.095
514	22.58	28.111
515	22.598	28.041
516	22.634	27.985
517	22.716	27.923
518	22.799	27.91
519	22.913	27.893
520	23.039	27.869
521	23.177	27.816
522	23.342	27.774
523	23.553	27.72
524	23.647	27.731
525	23.889	27.775
526	24.147	27.701
527	24.445	27.678
528	24.768	27.676
529	25.103	27.673
530	25.453	27.709
531	25.846	27.682
532	26.265	27.696
533	26.721	27.649
534	27.193	27.647
535	27.679	27.654
536	28.201	27.56
537	28.724	27.533
538	29.255	27.559
539	29.842	27.45
540	30.408	27.474
541	31.011	27.463
542	31.551	27.495
543	32.151	27.466
544	32.707	27.466
545	33.324	27.276
546	33.919	27.327
547	34.51	27.321
548	35.062	27.29
549	35.832	27.259
550	36.37	27.184
551	36.887	27.22
552	37.353	27.239
553	37.789	27.211
554	38.19	27.283
555	38.583	27.256
556	38.91	27.241
557	39.176	27.192
558	39.392	27.175
559	39.583	27.146
560	39.688	27.153
561	39.715	27.189
562	39.713	27.187
563	39.656	27.158
564	39.496	27.198
565	39.331	27.222
566	39.129	27.226
567	38.897	27.215
568	38.551	27.309
569	38.232	27.329
570	37.827	27.484
571	37.388	27.485
572	36.948	27.479
573	36.472	27.495
574	35.968	27.488
575	35.441	27.542
576	34.914	27.557
577	34.376	27.553
578	33.816	27.634
579	33.267	27.611
580	32.706	27.707
581	32.16	27.75
582	31.608	27.859
583	31.088	27.887
584	30.552	27.983
585	30.041	27.971
586	29.558	28.015
587	29.055	28.116
588	28.586	28.221
589	28.142	28.255
590	27.699	28.271
591	27.25	28.306
592	26.835	28.393
593	26.438	28.376
594	26.082	28.357
595	25.735	28.369
596	25.425	28.368
597	25.094	28.395
598	24.805	28.39
599	24.535	28.344
600	24.292	28.319
601	24.063	28.293
602	23.833	28.268
603	23.649	28.204
604	23.477	28.164
605	23.305	28.134
606	23.168	28.098
607	23.038	28.077
608	22.897	28.102
609	22.802	28.021
610	22.719	28.064
611	22.641	28.025
612	22.606	27.984
613	22.587	27.91
614	22.56	27.888
615	22.578	27.882
616	22.619	27.852
617	22.687	27.841
618	22.785	27.82
619	22.882	27.85
620	23.009	27.853
621	23.157	27.817
622	23.347	27.792
623	23.559	27.75
624	23.79	27.777
625	24.021	27.767
626	24.278	27.746
627	24.599	27.724
628	24.934	27.689
629	25.281	27.661
630	25.665	27.62
631	26.049	27.622
632	26.473	27.588
633	26.916	27.532
634	27.373	27.592
635	27.852	27.534
636	28.385	27.504
637	28.911	27.472
638	29.444	27.468
639	30.035	27.435
640	30.599	27.425
641	31.188	27.436
642	31.781	27.339
643	32.357	27.378
644	32.931	27.391
645	33.499	27.4
646	34.105	27.344
647	34.692	27.341
648	35.188	27.367
649	35.722	27.316
650	36.235	27.371
651	36.746	27.386
652	37.198	27.38
653	37.576	27.408
654	37.964	27.44
655	38.291	27.515
656	38.552	27.536
657	38.787	27.528
658	39.049	27.521
659	39.2	27.47
660	39.333	27.463
661	39.376	27.507
662	39.393	27.484
663	39.343	27.51
664	39.231	27.572
665	39.095	27.601
666	38.884	27.67
667	38.611	27.768
668	38.328	27.717
669	38.018	27.703
670	37.662	27.688
671	37.247	27.73
672	36.801	27.729
673	36.383	27.749
674	35.904	27.786
675	35.417	27.775
676	34.928	27.761
677	34.405	27.781
678	33.872	27.791
679	33.304	27.82
680	32.773	27.774
681	32.268	27.794
682	31.746	27.809
683	31.202	27.855
684	30.69	27.877
685	30.156	27.902
686	29.653	27.897
687	29.157	27.952
688	28.705	27.913
689	28.251	27.932
690	27.817	27.91
691	27.403	27.852
692	26.997	27.812
693	26.603	27.838
694	26.242	27.804
695	25.899	27.8
696	25.549	27.858
697	25.22	27.87
698	24.918	27.872
699	24.65	27.844
700	24.385	27.846
701	24.125	27.867
702	23.9	27.87
703	23.69	27.904
704	23.514	27.896
705	23.343	27.923
706	23.177	27.938
707	23.041	27.941
708	22.939	27.907
709	22.843	27.892
710	22.777	27.887
711	22.718	27.893
712	22.661	27.83
713	22.616	27.896
714	22.611	27.828
715	22.61	27.784
716	22.647	27.768
717	22.713	27.734
718	22.797	27.703
719	22.909	27.663
720	23.04	27.636
721	23.197	27.57
722	23.379	27.588
723	23.492	27.558
724	23.705	27.599
725	23.957	27.549
726	24.226	27.547
727	24.521	27.551
728	24.847	27.506
729	25.2	27.475
730	25.58	27.412
731	25.986	27.351
732	26.4	27.307
733	26.816	27.369
734	27.287	27.337
735	27.774	27.286
736	28.266	27.239
737	28.806	27.258
738	29.359	27.169
739	29.918	27.167
740	30.496	27.187
741	31.061	27.238
742	31.662	27.218
743	32.245	27.224
744	32.817	27.226
745	33.372	27.267
746	33.921	27.271
747	34.489	27.083
748	35.164	27.097
749	35.725	27.019
750	36.236	27.028
751	36.726	27.029
752	37.216	26.957
753	37.638	27.031
754	38.002	27.038
755	38.315	27.068
756	38.61	27.114
757	38.875	27.106
758	39.097	27.052
759	39.21	27.084
760	39.311	27.121
761	39.394	27.158
762	39.392	27.173
763	39.346	27.174
764	39.243	27.181
765	39.131	27.139
766	38.906	27.155
767	38.631	27.179
768	38.349	27.216
769	37.986	27.346
770	37.622	27.381
771	37.239	27.432
772	36.787	27.649
773	36.343	27.735
774	35.831	27.873
775	35.347	27.887
776	34.833	27.892
777	34.29	27.955
778	33.771	27.916
779	33.254	27.937
780	32.732	27.973
781	32.197	28.008
782	31.681	28.066
783	31.142	28.12
784	30.673	28.095
785	30.168	28.122
786	29.661	28.167
787	29.177	28.167
788	28.695	28.24
789	28.243	28.279
790	27.773	28.356
791	27.375	28.319
792	26.956	28.429
793	26.566	28.455
794	26.203	28.406
795	25.86	28.369
796	25.51	28.366
797	25.222	28.32
798	24.932	28.258
799	24.648	28.189
800	24.391	28.212
801	24.146	28.276
802	23.915	28.263
803	23.694	28.274
804	23.494	28.277
805	23.309	28.248
806	23.141	28.227
807	22.995	28.249
808	22.879	28.247
809	22.765	28.275
810	22.665	28.263
811	22.602	28.247
812	22.563	28.269
813	22.544	28.256
814	22.538	28.227
815	22.556	28.178
816	22.608	28.106
817	22.672	28.075
818	22.748	27.998
819	22.855	27.986
820	22.981	27.974
821	23.165	27.901
822	23.323	27.927
823	23.535	27.879
824	23.769	27.919
825	24.016	27.842
826	24.295	27.82
827	24.6	27.84
828	24.934	27.85
829	25.298	27.823
830	25.682	27.809
831	26.095	27.825
832	26.522	27.753
833	26.982	27.688
834	27.44	27.686
835	27.935	27.665
836	28.447	27.617
837	28.974	27.533
838	29.513	27.509
839	30.054	27.487
840	30.62	27.514
841	31.168	27.56
842	31.761	27.464
843	32.364	27.457
844	32.964	27.39
845	33.528	27.36
846	34.078	27.415
847	34.631	27.444
848	35.214	27.43
849	35.764	27.339
850	36.26	27.379
851	36.747	27.318
852	37.186	27.331
853	37.619	27.272
854	37.971	27.267
855	38.325	27.268
856	38.631	27.248
857	38.887	27.285
858	39.086	27.287
859	39.256	27.292
860	39.378	27.33
861	39.409	27.402
862	39.396	27.506
863	39.331	27.563
864	39.272	27.565
865	39.12	27.573
866	38.916	27.583
867	38.654	27.609
868	38.342	27.711
869	37.987	27.803
870	37.629	27.841
871	37.228	27.875
872	36.808	27.871
873	36.317	27.904
874	35.794	27.952
875	35.297	27.982
876	34.76	28.034
877	34.219	28.021
878	33.707	28.035
879	33.221	28.036
880	32.695	28.051
881	32.175	28.009
882	31.669	27.972
883	31.137	28.048
884	30.616	28.057
885	30.114	28.069
886	29.603	28.046
887	29.11	28.004
888	28.649	27.969
889	28.183	28.017
890	27.75	28.084
891	27.34	28.077
892	26.936	28.134
893	26.563	28.073
894	26.194	28.061
895	25.844	28.11
896	25.516	28.057
897	25.207	28.048
898	24.9	28.082
899	24.638	28.091
900	24.397	28.046
901	24.164	28.093
902	23.97	28.061
903	23.749	28.095
904	23.545	28.13
905	23.361	28.195
906	23.187	28.226
907	23.032	28.279
908	22.908	28.271
909	22.805	28.291
910	22.722	28.278
911	22.681	28.22
912	22.666	28.179
913	22.633	28.131
914	22.637	28.089
915	22.658	28.001
916	22.694	28.01
917	22.758	27.987
918	22.842	27.94
919	22.939	27.922
920	23.071	27.839
921	23.212	27.849
922	23.38	27.82
923	23.571	27.804
924	23.804	27.772
925	24.041	27.802
926	24.308	27.7
927	24.598	27.683
928	24.924	27.627
929	25.277	27.558
930	25.666	27.446
931	26.075	27.432
932	26.493	27.399
933	26.949	27.373
934	27.419	27.344
935	27.896	27.305
936	28.402	27.321
937	28.904	27.314
938	29.442	27.308
939	29.974	27.326
940	30.552	27.266
941	31.114	27.244
942	31.713	27.164
943	32.269	27.163
944	32.856	27.153
945	33.434	27.163
946	34.016	27.114
947	34.588	27.079
948	35.165	27.054
949	35.687	27.067
950	36.196	27.032
951	36.699	27.091
952	37.184	27.086
953	37.621	27.089
954	37.984	27.109
955	38.305	27.203
956	38.615	27.19
957	38.888	27.207
958	39.099	27.18
959	39.238	27.179
960	39.351	27.234
961	39.381	27.257
962	39.377	27.294
963	39.346	27.337
964	39.252	27.324
965	39.073	27.411
966	38.864	27.456
967	38.578	27.533
968	38.297	27.633
969	37.967	27.665
970	37.591	27.716
971	37.227	27.746
972	36.79	27.771
973	36.304	27.844
974	35.825	27.86
975	35.353	27.856
976	34.842	27.864
977	34.293	27.909
978	33.768	27.929
979	33.236	27.959
980	32.7	27.95
981	32.204	27.957
982	31.681	27.944
983	31.178	27.946
984	30.674	27.981
985	30.164	28.028
986	29.672	28.013
987	29.196	28.034
988	28.73	28.024
989	28.261	28.074
990	27.818	28.111
991	27.398	28.128
992	26.996	28.156
993	26.634	28.056
994	26.271	28.026
995	25.918	28.037
996	25.561	28.096
997	25.239	28.166
998	24.949	28.114
999	24.671	28.103
1000	24.388	28.17
1001	24.136	28.143
1002	23.903	28.165
1003	23.684	28.194
1004	23.492	28.21
1005	23.327	28.166
1006	23.135	28.2
1007	22.992	28.184
1008	22.841	28.199
1009	22.758	28.132
1010	22.679	28.081
1011	22.613	28.102
1012	22.566	28.099
1013	22.535	28.134
1014	22.535	28.152
1015	22.552	28.047
1016	22.603	27.969
1017	22.677	27.889
1018	22.747	27.933
1019	22.855	27.926
1020	22.992	27.867
1021	23.163	27.801
1022	23.351	27.756
1023	23.552	27.806
1024	23.784	27.765
1025	24.039	27.739
1026	24.325	27.739
1027	24.62	27.689
1028	24.95	27.668
1029	25.327	27.61
1030	25.701	27.571
1031	26.112	27.538
1032	26.522	27.538
1033	26.983	27.538
1034	27.436	27.545
1035	27.933	27.523
1036	28.454	27.496
1037	28.986	27.455
1038	29.53	27.416
1039	30.096	27.314
1040	30.673	27.324
1041	31.235	27.385
1042	31.777	27.416
1043	32.376	27.357
1044	32.949	27.371
1045	33.503	27.376
1046	33.831	27.383
1047	34.384	27.335
1048	34.935	27.267
1049	35.469	27.254
1050	35.984	27.205
1051	36.464	27.2
1052	36.907	27.21
1053	37.307	27.26
1054	37.669	27.303
1055	38.006	27.356
1056	38.309	27.371
1057	38.579	27.387
1058	38.84	27.345
1059	38.99	27.402
1060	39.115	27.382
1061	39.169	27.445
1062	39.183	27.454
1063	39.169	27.432
1064	39.051	27.488
1065	38.939	27.485
1066	38.761	27.488
1067	38.563	27.478
1068	38.25	27.542
1069	37.955	27.537
1070	37.618	27.579
1071	37.477	27.618
1072	37.055	27.68
1073	36.612	27.713
1074	36.112	27.804
1075	35.626	27.831
1076	35.684	27.805
1077	35.181	27.861
1078	34.631	27.898
1079	34.068	27.904
1080	33.515	27.881
1081	32.939	27.874
1082	32.407	27.854
1083	32.249	27.976
1084	31.685	27.93
1085	31.092	27.959
1086	30.54	27.903
1087	30.011	27.902
1088	29.476	27.977
1089	28.986	28.005
1090	28.474	28.081
1091	27.98	28.067
1092	27.395	28.093
1093	26.97	28.076
1094	26.547	28.1
1095	26.163	28.059
1096	25.801	28.034
1097	25.422	28.011
1098	25.07	28.071
1099	24.748	28.069
1100	24.447	28.058
1101	23.847	28.045
1102	23.61	27.986
1103	23.373	27.923
1104	23.168	27.941
1105	22.981	27.942
1106	22.816	28.005
1107	22.647	28.037
1108	22.248	27.961
1109	22.15	28.005
1110	22.108	27.959
1111	22.06	27.97
1112	22.024	27.987
1113	22.003	27.918
1114	22.032	27.859
1115	22.073	27.839
1116	22.171	27.782
1117	22.85	27.838
1118	22.958	27.809
1119	23.096	27.803
1120	23.248	27.822
1121	23.433	27.804
1122	23.668	27.789
1123	23.912	27.697
1124	24.183	27.612
1125	24.465	27.589
1126	24.747	27.579
1127	25.061	27.574
1128	25.436	27.541
1129	25.802	27.535
1130	26.2	27.538
1131	26.623	27.452
1132	27.095	27.381
1133	27.547	27.388
1134	28.026	27.316
1135	28.478	27.329
1136	28.991	27.267
1137	29.503	27.225
1138	30.065	27.208
1139	30.576	27.219
1140	31.117	27.203
1141	31.628	27.255
1142	31.426	27.183
1143	31.967	27.162
1144	32.499	27.151
1145	33.032	27.143
1146	33.538	27.171
1147	34.042	27.142
1148	34.527	27.006
1149	35.015	27.004
1150	35.459	27.039
1151	35.919	27.072
1152	36.307	27.089
1153	36.695	27.111
1154	37.072	27.106
1155	37.408	27.106
1156	37.748	27.09
1157	37.982	27.109
1158	38.203	27.143
1159	38.388	27.202
1160	38.558	27.195
1161	38.687	27.203
1162	38.744	27.245
1163	38.718	27.265
1164	38.685	27.338
1165	38.617	27.354
1166	38.496	27.352
1167	38.322	27.434
1168	38.098	27.508
1169	37.852	27.476
1170	37.56	27.468
1171	37.227	27.467
1172	36.848	27.575
1173	36.466	27.767
1174	35.995	27.827
1175	35.581	27.806
1176	35.094	27.84
1177	34.631	27.885
1178	34.104	27.882
1179	33.588	27.666
1180	33.057	27.721
1181	32.494	27.809
1182	31.965	27.89
1183	31.438	27.902
1184	30.907	27.89
1185	30.908	27.951
1186	30.367	27.994
1187	29.842	27.996
1188	29.33	28.02
1189	28.841	27.973
1190	28.364	27.989
1191	27.931	27.993
1192	27.504	27.909
1193	27.082	27.915
1194	26.663	27.936
1195	26.08	27.968
1196	25.713	28.007
1197	25.348	27.942
1198	25.015	27.915
1199	24.719	27.947
1200	24.435	27.935
1201	24.16	27.929
1202	23.924	27.874
1203	23.704	27.887
1204	23.503	28.075
1205	23.315	28.022
1206	23.139	28.041
1207	22.987	27.987
1208	22.842	27.926
1209	22.733	27.932
1210	22.284	27.87
1211	22.209	27.878
1212	22.153	27.873
1213	22.141	27.899
1214	22.16	27.85
1215	22.18	27.787
1216	22.207	27.789
1217	22.255	27.805
1218	22.355	27.764
1219	22.477	27.751
1220	22.786	27.727
1221	22.956	27.684
1222	23.176	27.641
1223	23.394	27.685
1224	23.65	27.627
1225	23.912	27.634
1226	24.243	27.549
1227	24.534	27.55
1228	24.888	27.516
1229	25.253	27.488
1230	25.643	27.525
1231	26.077	27.435
1232	26.515	27.412
1233	26.991	27.38
1234	27.478	27.327
1235	27.992	27.298
1236	28.52	27.273
1237	29.075	27.288
1238	29.629	27.22
1239	30.17	27.217
1240	30.761	27.185
1241	31.334	27.159
1242	31.966	27.096
1243	32.539	27.092
1244	33.119	27.101
1245	33.686	27.097
1246	34.255	27.047
1247	34.791	27.043
1248	35.32	26.968
1249	35.852	26.931
1250	36.338	26.943
1251	36.755	27.013
1252	37.247	26.997
1253	37.626	26.982
1254	37.964	27.048
1255	38.256	27.006
1256	38.525	27.007
1257	38.725	27.024
1258	38.917	27.081
1259	39.022	27.127
1260	39.089	27.184
1261	39.117	27.217
1262	39.103	27.259
1263	39.046	27.312
1264	38.916	27.409
1265	38.726	27.443
1266	38.523	27.5
1267	38.233	27.56
1268	37.946	27.597
1269	37.615	27.625
1270	37.25	27.694
1271	36.862	27.739
1272	36.444	27.816
1273	36	27.855
1274	35.527	27.899
1275	35.034	27.98
1276	34.555	27.997
1277	34.962	28.049
1278	34.447	28.085
1279	33.933	28.057
1280	33.425	28.08
1281	32.87	28.11
1282	32.334	28.135
1283	31.793	28.169
1284	31.269	28.243
1285	30.736	28.265
1286	30.199	28.273
1287	29.68	28.233
1288	29.191	28.228
1289	28.721	28.209
1290	28.278	28.206
1291	27.838	28.163
1292	27.412	28.185
1293	27.012	28.129
1294	26.613	28.143
1295	26.232	28.093
1296	25.854	28.1
1297	25.511	28.069
1298	25.187	28.142
1299	24.868	28.145
1300	24.569	28.097
1301	24.291	28.048
1302	23.445	28.06
1303	23.212	28.091
1304	23.013	28.064
1305	22.828	28.037
1306	22.675	28.031
1307	22.543	28.053
1308	22.428	27.996
1309	22.354	27.892
1310	22.283	27.884
1311	22.246	27.853
1312	22.225	27.836
1313	22.217	27.81
1314	22.228	27.784
1315	22.259	27.768
1316	22.316	27.733
1317	22.386	27.712
1318	22.48	27.74
1319	22.598	27.691
1320	22.758	27.661
1321	22.959	27.614
1322	23.16	27.618
1323	23.415	27.483
1324	23.653	27.469
1325	23.94	27.452
1326	24.25	27.436
1327	24.598	27.415
1328	24.958	27.382
1329	25.329	27.406
1330	25.737	27.369
1331	26.161	27.328
1332	26.609	27.288
1333	27.09	27.234
1334	27.545	27.289
1335	28.035	27.297
1336	28.544	27.273
1337	29.077	27.266
1338	29.613	27.275
1339	30.149	27.233
1340	30.689	27.308
1341	31.259	27.301
1342	31.827	27.279
1343	32.41	27.243
1344	32.998	27.254
1345	33.575	27.235
1346	34.104	27.272
1347	34.663	27.249
1348	35.131	27.284
1349	35.669	27.291
1350	36.169	27.26
1351	36.616	27.332
1352	37.022	27.315
1353	37.416	27.297
1354	37.747	27.276
1355	38.054	27.306
1356	38.306	27.352
1357	38.535	27.364
1358	38.68	27.457
1359	38.835	27.446
1360	38.933	27.398
1361	38.978	27.457
1362	38.973	27.467
1363	38.919	27.521
1364	38.852	27.573
1365	38.744	27.516
1366	38.534	27.565
1367	38.329	27.615
1368	38.056	27.658
1369	37.746	27.696
1370	36.99	27.758
1371	36.658	27.744
1372	36.285	27.578
1373	35.865	27.629
1374	35.421	27.638
1375	34.959	27.703
1376	34.486	27.727
1377	33.993	27.76
1378	33.504	27.782
1379	33.022	27.807
1380	32.519	27.832
1381	32.023	27.821
1382	31.524	27.871
1383	31.06	27.82
1384	30.593	27.788
1385	30.095	27.826
1386	29.626	27.841
1387	29.167	27.838
1388	28.704	27.806
1389	28.247	27.806
1390	27.8	27.847
1391	27.393	27.868
1392	26.994	27.853
1393	26.608	27.849
1394	26.237	27.836
1395	26.113	27.822
1396	25.752	27.906
1397	25.417	28.101
1398	25.132	28.11
1399	24.865	28.08
1400	24.586	28.105
1401	24.326	28.026
1402	24.112	27.992
1403	23.886	28.025
1404	23.672	28.088
1405	23.478	28.093
1406	23.308	28.146
1407	23.164	28.085
1408	22.997	28.109
1409	22.88	28.085
1410	22.806	28.058
1411	22.724	28.051
1412	22.659	28.057
1413	22.618	28.037
1414	22.615	28.028
1415	22.64	27.971
1416	22.677	27.935
1417	22.724	27.899
1418	22.799	27.902
1419	22.89	27.87
1420	23.01	27.854
1421	23.16	27.8
1422	23.324	27.787
1423	23.521	27.729
1424	23.719	27.772
1425	23.969	27.755
1426	24.248	27.809
1427	24.531	27.81
1428	24.856	27.727
1429	25.215	27.669
1430	25.593	27.696
1431	26.003	27.662
1432	26.421	27.676
1433	26.904	27.625
1434	27.351	27.656
1435	27.842	27.644
1436	28.359	27.595
1437	28.896	27.585
1438	29.462	27.571
1439	30.023	27.566
1440	30.581	27.554
1441	31.144	27.599
1442	31.732	27.623
1443	32.307	27.609
1444	32.926	27.589
1445	33.54	27.585
1446	34.129	27.534
1447	34.699	27.538
1448	35.253	27.513
1449	35.802	27.473
1450	36.329	27.411
1451	36.806	27.362
1452	37.288	27.338
1453	37.706	27.418
1454	38.12	27.363
1455	38.475	27.293
1456	38.764	27.292
1457	39.006	27.343
1458	39.194	27.383
1459	39.369	27.354
1460	39.445	27.405
1461	39.494	27.419
1462	39.491	27.436
1463	39.423	27.501
1464	39.275	27.499
1465	39.098	27.571
1466	38.88	27.539
1467	38.634	27.517
1468	38.35	27.548
1469	38.003	27.612
1470	37.616	27.608
1471	37.18	27.679
1472	36.736	27.67
1473	36.273	27.697
1474	35.785	27.761
1475	35.252	27.796
1476	34.732	27.832
1477	34.17	27.876
1478	33.665	27.822
1479	33.129	27.854
1480	32.612	27.878
1481	32.111	27.851
1482	31.579	27.844
1483	31.053	27.876
1484	30.524	27.956
1485	30.034	27.951
1486	29.532	28.019
1487	29.056	28.054
1488	28.578	28.006
1489	28.155	28.023
1490	27.721	28.054
1491	27.312	28.067
1492	26.907	28.138
1493	26.505	28.128
1494	26.133	28.141
1495	25.788	28.19
1496	25.465	28.193
1497	25.167	27.952
1498	24.867	28.017
1499	24.579	27.991
1500	24.339	27.748
1501	24.116	27.728
1502	23.91	27.798
1503	23.69	27.843
1504	23.492	27.893
1505	23.313	27.9
1506	23.153	27.906
1507	23.03	27.847
1508	22.905	27.884
1509	22.795	27.843
1510	22.703	27.835
1511	22.643	27.778
1512	22.603	27.707
1513	22.599	27.691
1514	22.611	27.692
1515	22.615	27.635
1516	22.663	27.598
1517	22.712	27.54
1518	22.814	27.512
1519	22.933	27.453
1520	23.065	27.434
1521	23.229	27.381
1522	23.399	27.661
1523	23.6	27.587
1524	23.85	27.538
1525	24.101	27.774
1526	24.371	27.739
1527	24.672	27.707
1528	25.013	27.627
1529	25.345	27.589
1530	25.726	27.554
1531	26.119	27.536
1532	26.54	27.492
1533	26.992	27.389
1534	27.482	27.356
1535	27.973	27.382
1536	28.489	27.34
1537	29.007	27.332
1538	29.54	27.304
1539	30.06	27.306
1540	30.647	27.282
1541	31.215	27.286
1542	31.82	27.256
1543	32.412	27.224
1544	32.984	27.202
1545	33.539	27.172
1546	34.117	27.137
1547	34.686	27.068
1548	35.269	27.045
1549	35.783	27.088
1550	36.298	27.071
1551	36.76	27.085
1552	37.201	27.084
1553	37.576	27.106
1554	38.575	27.081
1555	38.874	27.116
1556	39.153	27.124
1557	39.419	27.163
1558	39.626	27.197
1559	39.739	27.217
1560	39.838	27.147
1561	39.854	27.234
1562	39.792	27.256
1563	39.721	27.27
1564	39.596	27.275
1565	39.382	27.311
1566	39.132	27.367
1567	38.818	27.398
1568	38.494	27.426
1569	38.134	27.456
1570	37.76	27.498
1571	37.318	27.581
1572	36.844	27.609
1573	36.313	27.724
1574	35.811	27.75
1575	35.299	27.753
1576	34.79	27.804
1577	34.27	27.767
1578	33.734	27.824
1579	32.708	27.871
1580	32.213	27.845
1581	31.689	27.875
1582	31.14	27.885
1583	30.641	27.872
1584	30.153	27.872
1585	29.654	27.965
1586	29.19	27.897
1587	28.754	27.885
1588	28.285	27.915
1589	27.863	27.898
1590	27.456	27.917
1591	27.069	27.9
1592	26.688	27.923
1593	26.335	27.917
1594	25.97	27.934
1595	25.649	27.89
1596	25.324	27.86
1597	25.033	27.941
1598	24.774	27.894
1599	24.505	27.875
1600	24.241	27.883
1601	24.018	27.869
1602	23.808	27.905
1603	23.643	27.848
1604	23.481	27.83
1605	23.301	27.873
1606	23.159	27.894
1607	23.05	27.861
1608	22.921	27.947
1609	22.832	27.93
1610	22.75	27.869
1611	22.691	27.859
1612	22.649	27.875
1613	22.655	27.71
1614	22.631	27.693
1615	22.654	27.694
1616	22.676	27.643
1617	22.752	27.635
1618	22.806	27.657
1619	22.918	27.697
1620	23.04	27.696
1621	23.201	27.668
1622	23.384	27.587
1623	23.591	27.529
1624	23.828	27.484
1625	24.092	27.45
1626	24.353	27.405
1627	24.655	27.332
1628	24.952	27.386
1629	25.278	27.383
1630	25.661	27.359
1631	26.063	27.312
1632	26.478	27.297
1633	26.92	27.229
1634	27.365	27.231
1635	27.878	27.193
1636	28.366	27.209
1637	28.895	27.174
1638	29.419	27.292
1639	29.972	27.262
1640	30.536	27.241
1641	31.128	27.21
1642	31.719	27.14
1643	32.32	27.123
1644	32.916	27.075
1645	33.497	27.086
1646	34.095	27.061
1647	34.653	27.072
1648	35.203	27.069
1649	35.718	27.133
1650	36.248	27.14
1651	36.762	27.135
1652	37.212	27.157
1653	37.611	27.12
1654	38.02	27.155
1655	38.341	27.15
1656	38.638	27.15
1657	38.874	27.185
1658	39.059	27.172
1659	39.235	27.206
1660	39.294	27.234
1661	39.361	27.299
1662	39.357	27.315
1663	39.274	27.343
1664	39.207	27.387
1665	39.068	27.382
1666	38.873	27.456
1667	38.609	27.546
1668	38.35	27.544
1669	38.019	27.537
1670	37.641	27.62
1671	37.235	27.659
1672	36.804	27.675
1673	36.32	27.759
1674	35.876	27.718
1675	35.35	27.782
1676	34.833	27.813
1677	34.323	27.817
1678	33.812	27.834
1679	33.276	27.815
1680	32.753	27.821
1681	32.214	27.831
1682	31.685	27.858
1683	31.157	27.876
1684	30.651	27.881
1685	30.172	27.865
1686	29.707	27.775
1687	29.221	27.818
1688	28.771	27.844
1689	28.317	27.843
1690	27.873	27.851
1691	27.437	27.89
1692	27.012	27.866
1693	26.62	27.88
1694	26.236	27.921
1695	25.909	27.825
1696	25.562	27.854
1697	25.248	27.871
1698	24.948	27.886
1699	24.632	27.911
1700	24.375	27.868
1701	24.121	27.886
1702	23.878	27.911
1703	23.665	27.924
1704	23.49	27.902
1705	23.325	27.885
1706	23.169	27.869
1707	23.038	27.863
1708	22.933	27.838
1709	22.825	27.845
1710	22.735	27.833
1711	22.652	27.844
1712	22.597	27.802
1713	22.453	27.819
1714	22.437	27.822
1715	22.45	27.834
1716	22.489	27.797
1717	22.566	27.809
1718	22.639	27.795
1719	22.751	27.814
1720	22.866	27.844
1721	23.025	27.811
1722	23.199	27.775
1723	23.406	27.7
1724	23.643	27.69
1725	23.898	27.706
1726	24.193	27.69
1727	24.514	27.638
1728	24.839	27.599
1729	25.177	27.611
1730	25.546	27.633
1731	25.955	27.63
1732	26.369	27.641
1733	26.824	27.615
1734	27.313	27.547
1735	27.798	27.611
1736	28.325	27.582
1737	28.874	27.585
1738	29.579	27.532
1739	30.135	27.481
1740	30.71	27.431
1741	31.3	27.41
1742	31.882	27.427
1743	32.476	27.4
1744	33.077	27.335
1745	33.671	27.287
1746	34.223	27.297
1747	34.789	27.3
1748	35.327	27.337
1749	35.905	27.287
1750	36.41	27.248
1751	36.909	27.194
1752	37.333	27.232
1753	37.802	27.202
1754	38.177	27.209
1755	38.512	27.192
1756	38.778	27.275
1757	39.029	27.29
1758	39.245	27.293
1759	39.409	27.311
1760	39.505	27.299
1761	39.521	27.32
1762	39.306	27.382
1763	39.232	27.429
1764	39.128	27.524
1765	38.996	27.529
1766	38.784	27.536
1767	38.492	27.503
1768	38.175	27.557
1769	37.822	27.636
1770	37.412	27.672
1771	37.027	27.689
1772	36.571	27.68
1773	36.138	27.662
1774	35.62	27.784
1775	35.129	27.801
1776	34.598	27.917
1777	34.085	27.935
1778	33.541	28.015
1779	33.01	28.056
1780	32.472	28.094
1781	31.983	28.02
1782	31.441	28.007
1783	30.903	28.111
1784	30.364	28.17
1785	29.857	28.178
1786	29.369	28.296
1787	29.02	28.293
1788	28.57	28.307
1789	28.143	28.237
1790	27.715	28.249
1791	27.302	28.239
1792	26.95	28.227
1793	26.567	28.304
1794	26.217	28.226
1795	25.882	28.309
1796	25.553	28.31
1797	25.263	28.322
1798	24.964	28.365
1799	24.682	28.303
1800	24.429	28.334
1801	24.19	28.257
1802	23.96	28.224
1803	23.753	28.193
1804	23.563	28.142
1805	23.405	28.146
1806	23.238	28.168
1807	23.106	28.159
1808	22.991	28.116
1809	22.896	28.131
1810	22.849	28.089
1811	22.781	27.994
1812	22.717	27.957
1813	22.684	27.913
1814	22.653	27.904
1815	22.647	27.94
1816	22.683	27.949
1817	22.709	27.933
1818	22.788	27.903
1819	22.881	27.933
1820	23.011	27.868
1821	23.161	27.869
1822	23.336	27.877
1823	23.535	27.841
1824	23.772	27.831
1825	24.015	27.832
1826	24.288	27.831
1827	24.582	27.816
1828	24.905	27.824
1829	25.247	27.792
1830	25.612	27.795
1831	25.995	27.758
1832	26.434	27.747
1833	26.865	27.72
1834	27.313	27.664
1835	27.775	27.626
1836	28.299	27.589
1837	28.826	27.563
1838	29.369	27.57
1839	29.945	27.58
1840	30.521	27.551
1841	31.11	27.511
1842	31.711	27.503
1843	32.311	27.411
1844	32.901	27.372
1845	33.482	27.37
1846	34.076	27.326
1847	34.609	27.289
1848	35.167	27.272
1849	35.707	27.278
1850	36.224	27.24
1851	36.745	27.202
1852	37.254	27.176
1853	37.679	27.179
1854	38.114	27.162
1855	38.478	27.129
1856	38.795	27.191
1857	39.06	27.181
1858	39.278	27.223
1859	39.462	27.23
1860	39.549	27.376
1861	39.563	27.439
1862	39.622	27.409
1863	39.559	27.416
1864	39.419	27.42
1865	39.248	27.421
1866	38.991	27.444
1867	38.739	27.465
1868	38.415	27.577
1869	38.09	27.602
1870	37.746	27.574
1871	37.319	27.601
1872	36.902	27.659
1873	36.43	27.694
1874	35.955	27.664
1875	35.446	27.683
1876	34.872	27.769
1877	34.346	27.798
1878	33.805	27.785
1879	33.218	27.852
1880	32.661	27.889
1881	32.117	27.873
1882	31.565	27.931
1883	31.036	27.926
1884	30.519	27.949
1885	29.998	27.886
1886	29.51	27.915
1887	29.004	27.972
1888	28.54	27.953
1889	28.094	27.984
1890	27.656	28.037
1891	27.248	28.137
1892	26.842	28.194
1893	26.474	28.13
1894	26.096	28.18
1895	25.733	28.244
1896	25.405	28.265
1897	25.097	28.231
1898	24.81	28.221
1899	24.495	28.26
1900	24.234	28.323
1901	24.019	28.316
1902	23.785	28.407
1903	23.588	28.395
1904	23.425	28.394
1905	23.271	28.348
1906	23.129	28.346
1907	22.994	28.311
1908	22.888	28.287
1909	22.786	28.291
1910	22.721	28.289
1911	22.679	28.19
1912	22.641	28.214
1913	22.624	28.233
1914	22.64	28.206
1915	22.67	28.139
1916	22.715	28.041
1917	22.782	28.012
1918	22.866	27.989
1919	22.983	27.935
1920	23.116	27.889
1921	23.271	27.876
1922	23.447	27.882
1923	23.649	27.877
1924	23.888	27.838
1925	24.14	27.805
1926	24.4	27.781
1927	24.696	27.737
1928	25.018	27.72
1929	25.36	27.71
1930	25.728	27.724
1931	26.112	27.716
1932	26.564	27.646
1933	26.994	27.639
1934	27.478	27.553
1935	27.965	27.504
1936	28.454	27.52
1937	28.984	27.467
1938	29.514	27.453
1939	30.048	27.48
1940	30.602	27.502
1941	31.177	27.48
1942	31.751	27.4
1943	32.331	27.388
1944	32.904	27.378
1945	33.447	27.348
1946	33.978	27.331
1947	34.545	27.278
1948	35.082	27.248
1949	35.654	27.218
1950	36.178	27.143
1951	36.67	27.137
1952	37.137	27.082
1953	37.556	27.126
1954	37.947	27.093
1955	38.289	27.099
1956	38.622	27.073
1957	38.846	27.137
1958	39.068	27.16
1959	39.204	27.247
1960	39.297	27.279
1961	39.369	27.286
1962	39.353	27.335
1963	39.288	27.352
1964	39.21	27.307
1965	39.054	27.311
1966	38.856	27.353
1967	38.614	27.403
1968	38.293	27.429
1969	37.966	27.453
1970	37.668	27.475
1971	37.297	27.531
1972	36.867	27.593
1973	36.41	27.61
1974	35.928	27.661
1975	35.389	27.728
1976	34.877	27.763
1977	34.354	27.807
1978	33.827	27.824
1979	33.266	27.864
1980	32.709	27.875
1981	32.16	27.931
1982	31.629	27.944
1983	31.1	27.955
1984	30.572	28.018
1985	30.073	28.017
1986	29.558	28.054
1987	29.084	28.06
1988	28.644	28.055
1989	28.188	28.105
1990	27.871	28.124
1991	27.472	28.086
1992	27.034	28.12
1993	26.663	28.145
1994	26.288	28.127
1995	25.914	28.164
1996	25.58	28.163
1997	25.264	28.15
1998	24.967	28.171
1999	24.676	28.207
2000	24.425	28.243
2001	24.179	28.215
2002	23.949	28.229
2003	23.732	28.247
2004	24.029	28.289
2005	23.857	28.266
2006	23.693	28.288
2007	23.543	28.315
2008	23.436	28.253
2009	23.326	28.164
2010	23.223	28.171
2011	23.146	28.201
2012	23.09	28.149
2013	23.049	28.132
2014	23.016	28.098
2015	22.924	28.095
2016	22.925	28.121
2017	22.989	28.115
2018	23.065	28.04
2019	23.172	27.988
2020	23.271	27.959
2021	23.402	27.939
2022	23.551	27.961
2023	23.733	27.958
2024	23.924	27.91
2025	24.168	27.811
2026	24.433	27.788
2027	24.721	27.755
2028	25.03	27.727
2029	24.858	27.703
2030	25.21	27.709
2031	25.593	27.628
2032	25.991	27.47
2033	26.404	27.455
2034	26.863	27.458
2035	27.354	27.443
2036	27.846	27.383
2037	28.369	27.382
2038	28.911	27.358
2039	29.479	27.367
2040	30.058	27.321
2041	30.642	27.321
2042	31.235	27.34
2043	31.828	27.359
2044	32.41	27.413
2045	33.026	27.454
2046	33.628	27.482
2047	34.235	27.468
2048	34.802	27.428
2049	35.432	27.389
2050	35.98	27.44
2051	36.5	27.429
2052	36.996	27.417
2053	37.51	27.361
2054	37.946	27.347
2055	38.355	27.341
2056	38.708	27.375
2057	39.013	27.464
2058	39.229	27.504
2059	39.437	27.482
2060	39.583	27.454
2061	39.721	27.43
2062	39.73	27.432
2063	39.702	27.437
2064	39.611	27.457
2065	39.442	27.52
2066	39.238	27.55
2067	38.988	27.541
2068	38.642	27.584
2069	38.304	27.561
2070	37.937	27.519
2071	37.53	27.477
2072	37.05	27.472
2073	36.575	27.543
2074	36.032	27.619
2075	35.538	27.598
2076	35.008	27.633
2077	34.455	27.694
2078	33.869	27.776
2079	33.311	27.787
2080	32.776	27.768
2081	32.234	27.745
2082	31.683	27.803
2083	31.162	27.827
2084	30.613	27.874
2085	30.079	27.933
2086	29.546	28.008
2087	29.055	28.028
2088	28.558	28.115
2089	28.089	28.121
2090	27.644	28.11
2091	27.214	28.092
2092	26.791	28.106
2093	26.43	28.115
2094	26.078	28.133
2095	25.725	28.15
2096	25.392	28.189
2097	25.112	28.151
2098	24.818	28.19
2099	24.552	28.177
2100	24.279	28.18
2101	24.037	28.193
2102	23.821	28.196
2103	23.618	28.153
2104	23.442	28.14
2105	23.26	28.14
2106	23.086	28.169
2107	22.96	28.169
2108	22.85	28.16
2109	22.759	28.154
2110	22.686	28.141
2111	22.643	28.083
2112	22.607	28.062
2113	22.588	28.058
2114	22.601	28.02
2115	22.626	28.029
2116	22.665	28.002
2117	22.745	27.988
2118	22.828	27.95
2119	22.908	27.958
2120	23.037	27.922
2121	23.197	27.852
2122	23.355	27.92
2123	23.567	27.821
2124	23.793	27.771
2125	24.033	27.789
2126	24.309	27.787
2127	24.61	27.75
2128	24.939	27.751
2129	25.289	27.73
2130	25.662	27.726
2131	26.06	27.708
2132	26.487	27.651
2133	26.924	27.631
2134	27.41	27.574
2135	27.876	27.535
2136	28.36	27.579
2137	28.876	27.58
2138	29.412	27.522
2139	29.957	27.508
2140	30.538	27.436
2141	31.121	27.452
2142	31.674	27.422
2143	32.253	27.405
2144	32.854	27.369
2145	33.44	27.361
2146	34.004	27.399
2147	34.572	27.365
2148	35.125	27.362
2149	35.647	27.394
2150	36.149	27.379
2151	36.634	27.332
2152	37.095	27.311
2153	37.505	27.319
2154	37.892	27.309
2155	38.216	27.328
2156	38.582	27.292
2157	38.849	27.283
2158	39.051	27.313
2159	39.164	27.353
2160	39.316	27.359
2161	39.366	27.369
2162	39.376	27.373
2163	39.334	27.401
2164	39.237	27.428
2165	39.068	27.447
2166	38.876	27.44
2167	38.658	27.48
2168	38.345	27.563
2169	38.02	27.595
2170	37.648	27.585
2171	37.255	27.576
2172	36.816	27.633
2173	36.353	27.654
2174	35.877	27.651
2175	35.404	27.658
2176	34.856	27.711
2177	34.327	27.743
2178	33.773	27.757
2179	33.239	27.786
2180	32.69	27.816
2181	32.134	27.9
2182	31.598	27.956
2183	31.08	27.93
2184	30.57	27.98
2185	30.039	28.043
2186	29.569	27.988
2187	29.065	28.036
2188	28.595	28.101
2189	28.141	28.085
2190	27.721	28.091
2191	27.315	28.101
2192	26.914	28.112
2193	26.551	28.054
2194	26.177	28.045
2195	25.83	28.068
2196	25.495	28.084
2197	25.203	27.999
2198	24.887	28.01
2199	24.615	28.042
2200	24.351	28.079
2201	24.125	28.105
2202	23.892	28.079
2203	23.711	28.044
2204	23.522	28.074
2205	23.356	28.044
2206	23.202	28.005
2207	23.065	27.995
2208	22.941	28.075
2209	22.837	28.032
2210	22.77	27.983
2211	22.699	28.02
2212	22.67	27.978
2213	22.653	27.88
2214	22.643	27.935
2215	22.634	27.954
2216	22.658	27.959
2217	22.726	27.893
2218	22.801	27.919
2219	22.913	27.898
2220	23.047	27.869
2221	23.204	27.84
2222	23.382	27.809
2223	23.611	27.765
2224	23.835	27.739
2225	24.103	27.662
2226	24.398	27.599
2227	24.706	27.585
2228	25.011	27.575
2229	25.356	27.522
2230	25.763	27.468
2231	26.155	27.445
2232	26.564	27.411
2233	26.996	27.313
2234	27.474	27.272
2235	27.94	27.266
2236	28.426	27.271
2237	28.948	27.299
2238	29.469	27.34
2239	30.013	27.269
2240	30.578	27.241
2241	31.131	27.207
2242	31.701	27.189
2243	32.262	27.183
2244	32.845	27.164
2245	33.403	27.21
2246	33.985	27.177
2247	34.518	27.229
2248	35.078	27.217
2249	35.598	27.234
2250	36.057	27.251
2251	36.489	27.267
2252	36.944	27.26
2253	37.371	27.284
2254	37.755	27.316
2255	38.038	27.37
2256	38.319	27.388
2257	38.605	27.402
2258	38.82	27.417
2259	39.018	27.41
2260	39.166	27.39
2261	39.245	27.354
2262	39.255	27.358
2263	39.229	27.323
2264	39.165	27.33
2265	39.041	27.384
2266	38.884	27.43
2267	38.624	27.471
2268	38.352	27.487
2269	38.003	27.606
2270	37.654	27.604
2271	37.24	27.663
2272	36.807	27.658
2273	36.32	27.747
2274	35.822	27.751
2275	35.37	27.758
2276	34.878	27.834
2277	34.368	27.872
2278	33.879	27.84
2279	33.376	27.771
2280	32.873	27.817
2281	32.343	27.832
2282	31.796	27.9
2283	31.266	27.924
2284	30.742	27.954
2285	30.219	28.027
2286	29.716	28.109
2287	29.207	28.101
2288	28.725	28.111
2289	28.261	28.149
2290	27.801	28.15
2291	27.37	28.178
2292	26.982	28.192
2293	26.577	28.172
2294	26.217	28.13
2295	25.849	28.167
2296	25.494	28.173
2297	25.183	28.202
2298	24.88	28.195
2299	24.619	28.168
2300	24.343	28.188
2301	24.096	28.19
2302	23.866	28.195
2303	23.641	28.268
2304	23.433	28.311
2305	23.272	28.242
2306	23.124	28.269
2307	22.992	28.255
2308	22.896	28.248
2309	22.772	28.291
2310	22.708	28.221
2311	22.656	28.175
2312	22.635	28.155
2313	22.613	28.171
2314	22.602	28.164
2315	22.635	28.133
2316	22.671	28.067
2317	22.723	28.063
2318	22.83	28.036
2319	22.932	28.038
2320	23.072	28.023
2321	23.238	28.056
2322	23.421	28.01
2323	23.621	27.979
2324	23.848	27.971
2325	24.103	27.974
2326	24.382	27.942
2327	24.679	27.943
2328	24.998	27.867
2329	25.344	27.882
2330	25.703	27.922
2331	26.087	27.855
2332	26.506	27.769
2333	26.945	27.725
2334	27.438	27.632
2335	27.89	27.628
2336	28.388	27.617
2337	28.9	27.619
2338	29.448	27.588
2339	29.998	27.566
2340	30.549	27.562
2341	31.121	27.605
2342	31.695	27.615
2343	32.27	27.605
2344	32.851	27.549
2345	33.428	27.495
2346	33.993	27.45
2347	34.533	27.462
2348	35.08	27.49
2349	35.585	27.507
2350	36.099	27.48
2351	36.593	27.424
2352	37.055	27.394
2353	37.509	27.389
2354	37.864	27.378
2355	38.246	27.337
2356	38.569	27.339
2357	38.841	27.38
2358	39.049	27.393
2359	39.158	27.493
2360	39.289	27.509
2361	39.332	27.537
2362	39.368	27.495
2363	39.32	27.492
2364	39.275	27.472
2365	39.138	27.503
2366	38.955	27.514
2367	38.72	27.48
2368	38.429	27.542
2369	38.091	27.61
2370	37.716	27.691
2371	37.313	27.747
2372	36.887	27.766
2373	36.442	27.763
2374	35.974	27.807
2375	35.464	27.82
2376	34.966	27.813
2377	34.437	27.845
2378	33.889	27.91
2379	33.385	27.906
2380	32.81	27.996
2381	32.252	28.05
2382	31.694	28.082
2383	31.15	28.152
2384	30.64	28.116
2385	30.132	28.172
2386	29.627	28.183
2387	29.116	28.236
2388	28.624	28.262
2389	28.154	28.291
2390	27.711	28.307
2391	27.289	28.291
2392	26.889	28.325
2393	26.495	28.308
2394	26.123	28.315
2395	25.782	28.269
2396	25.476	28.194
2397	25.16	28.213
2398	24.869	28.191
2399	24.59	28.184
2400	24.33	28.231
2401	24.073	28.275
2402	23.851	28.281
2403	23.64	28.344
2404	23.467	28.326
2405	23.295	28.3
2406	23.163	28.271
2407	23.038	28.248
2408	22.924	28.268
2409	22.831	28.255
2410	22.753	28.188
2411	22.712	28.134
2412	22.672	28.174
2413	22.655	28.143
2414	22.649	28.136
2415	22.662	28.116
2416	22.704	28.077
2417	22.758	28.057
2418	22.851	28.016
2419	22.956	28.007
2420	23.076	28.023
2421	23.215	28.027
2422	23.392	28.029
2423	23.6	27.992
2424	23.828	27.953
2425	24.074	27.889
2426	24.346	27.89
2427	24.637	27.886
2428	24.968	27.766
2429	25.303	27.77
2430	25.677	27.744
2431	26.072	27.739
2432	26.475	27.719
2433	26.93	27.622
2434	27.39	27.629
2435	27.878	27.613
2436	28.364	27.6
2437	28.891	27.524
2438	29.421	27.525
2439	29.973	27.503
2440	30.537	27.511
2441	31.122	27.465
2442	31.699	27.508
2443	32.27	27.541
2444	32.854	27.516
2445	33.413	27.491
2446	33.984	27.466
2447	34.548	27.446
2448	35.08	27.455
2449	35.602	27.445
2450	36.112	27.481
2451	36.592	27.493
2452	37.051	27.445
2453	37.441	27.456
2454	37.819	27.488
2455	38.174	27.476
2456	38.466	27.501
2457	38.768	27.484
2458	38.978	27.517
2459	39.11	27.506
2460	39.228	27.519
2461	39.288	27.607
2462	39.29	27.659
2463	39.306	27.64
2464	39.223	27.659
2465	39.088	27.647
2466	38.869	27.702
2467	38.629	27.685
2468	38.332	27.715
2469	37.986	27.707
2470	37.664	27.7
2471	37.239	27.756
2472	36.818	27.78
2473	36.386	27.781
2474	35.935	27.79
2475	35.442	27.82
2476	34.946	27.784
2477	34.455	27.802
2478	33.942	27.909
2479	33.396	27.963
2480	32.849	27.97
2481	32.307	27.954
2482	31.786	27.97
2483	31.253	27.969
2484	30.754	28.002
2485	30.23	28.037
2486	29.736	27.98
2487	29.252	28.014
2488	28.761	28.051
2489	28.297	28.067
2490	27.871	28.034
2491	27.435	28.096
2492	27.022	28.146
2493	26.632	28.167
2494	26.271	28.203
2495	25.93	28.196
2496	25.601	28.25
2497	25.271	28.292
2498	24.934	28.345
2499	24.637	28.395
2500	24.372	28.395
2501	24.116	28.474
2502	23.861	28.571
2503	23.653	28.485
2504	23.473	28.414
2505	23.287	28.412
2506	23.141	28.437
2507	22.991	28.437
2508	22.89	28.408
2509	22.79	28.382
2510	22.713	28.356
2511	22.645	28.374
2512	22.606	28.281
2513	22.576	28.332
2514	22.568	28.332
2515	22.564	28.41
2516	22.605	28.379
2517	22.67	28.309
2518	22.753	28.281
2519	22.879	28.201
2520	22.98	28.223
2521	23.141	28.166
2522	23.324	28.111
2523	23.552	28.078
2524	23.794	27.995
2525	24.054	27.949
2526	24.329	27.85
2527	24.645	27.767
2528	24.975	27.728
2529	25.323	27.744
2530	25.715	27.723
2531	26.119	27.696
2532	26.55	27.691
2533	26.971	27.765
2534	27.442	27.748
2535	27.925	27.721
2536	28.432	27.691
2537	28.966	27.687
2538	29.535	27.575
2539	30.096	27.539
2540	30.697	27.426
2541	31.281	27.386
2542	31.858	27.387
2543	32.471	27.297
2544	33.013	27.319
2545	33.596	27.316
2546	34.147	27.277
2547	34.714	27.22
2548	35.22	27.199
2549	35.712	27.246
2550	36.207	27.259
2551	36.702	27.288
2552	37.152	27.266
2553	37.56	27.28
2554	37.931	27.264
2555	38.257	27.306
2556	38.545	27.308
2557	38.785	27.311
2558	39.001	27.235
2559	39.135	27.25
2560	39.2	27.288
2561	39.248	27.282
2562	39.255	27.285
2563	39.171	27.368
2564	39.068	27.421
2565	38.891	27.448
2566	38.672	27.518
2567	38.44	27.539
2568	38.122	27.635
2569	37.821	27.655
2570	37.446	27.667
2571	37.069	27.725
2572	36.615	27.782
2573	36.183	27.814
2574	35.702	27.823
2575	35.213	27.848
2576	34.723	27.848
2577	34.181	27.891
2578	33.665	27.951
2579	33.148	27.989
2580	32.602	27.996
2581	32.083	28.047
2582	31.547	28.128
2583	31.01	28.177
2584	30.5	28.216
2585	30.006	28.239
2586	29.532	28.287
2587	29.036	28.374
2588	28.573	28.4
2589	28.135	28.388
2590	27.699	28.454
2591	27.293	28.443
2592	26.88	28.433
2593	26.505	28.437
2594	26.146	28.421
2595	25.821	28.461
2596	25.48	28.438
2597	25.193	28.43
2598	24.905	28.469
2599	24.664	28.444
2600	24.41	28.463
2601	24.152	28.477
2602	23.959	28.454
2603	23.768	28.396
2604	23.575	28.442
2605	23.413	28.441
2606	23.257	28.392
2607	23.123	28.369
2608	23.014	28.336
2609	22.918	28.325
2610	22.864	28.27
2611	22.797	28.224
2612	22.747	28.215
2613	22.72	28.191
2614	22.718	28.146
2615	22.725	28.085
2616	22.753	28.024
2617	22.809	27.998
2618	22.884	27.983
2619	22.975	27.996
2620	23.099	27.903
2621	23.264	27.885
2622	23.443	27.835
2623	23.632	27.774
2624	23.837	27.778
2625	24.101	27.683
2626	24.379	27.656
2627	24.655	27.707
2628	24.982	27.67
2629	25.352	27.538
2630	25.723	27.511
2631	26.105	27.499
2632	26.537	27.435
2633	26.972	27.485
2634	27.433	27.482
2635	27.893	27.551
2636	28.397	27.521
2637	28.918	27.444
2638	29.445	27.386
2639	29.983	27.376
2640	30.566	27.357
2641	31.144	27.367
2642	31.732	27.388
2643	32.335	27.324
2644	32.937	27.27
2645	33.517	27.301
2646	34.086	27.284
2647	34.633	27.321
2648	35.205	27.315
2649	35.736	27.32
2650	36.232	27.333
2651	36.732	27.311
2652	37.198	27.235
2653	37.582	27.283
2654	37.933	27.318
2655	38.293	27.339
2656	38.612	27.367
2657	38.875	27.347
2658	39.085	27.35
2659	39.256	27.31
2660	39.375	27.294
2661	39.426	27.309
2662	39.433	27.327
2663	39.399	27.369
2664	39.26	27.411
2665	39.081	27.487
2666	38.888	27.502
2667	38.634	27.523
2668	38.319	27.576
2669	37.959	27.688
2670	37.59	27.732
2671	37.177	27.793
2672	36.729	27.873
2673	36.263	27.918
2674	35.786	27.965
2675	35.265	28.004
2676	34.722	28.03
2677	34.209	28.062
2678	33.688	28.086
2679	33.152	28.158
2680	32.596	28.157
2681	32.071	28.17
2682	31.541	28.221
2683	31.023	28.16
2684	30.508	28.214
2685	29.99	28.236
2686	29.498	28.309
2687	29.027	28.352
2688	28.569	28.352
2689	28.15	28.37
2690	27.725	28.376
2691	27.307	28.39
2692	26.925	28.368
2693	26.536	28.398
2694	26.171	28.389
2695	25.826	28.404
2696	25.508	28.36
2697	25.211	28.289
2698	24.928	28.286
2699	24.651	28.308
2700	24.391	28.381
2701	24.176	28.382
2702	23.937	28.396
2703	23.743	28.361
2704	23.554	28.353
2705	23.396	28.375
2706	23.244	28.314
2707	23.112	28.29
2708	22.994	28.345
2709	22.876	28.33
2710	22.809	28.299
2711	22.734	28.26
2712	22.685	28.265
2713	22.668	28.238
2714	22.661	28.205
2715	22.658	28.157
2716	22.689	28.186
2717	22.742	28.154
2718	22.844	28.084
2719	22.96	28.014
2720	23.086	28.02
2721	23.238	27.999
2722	23.415	27.988
2723	23.611	27.992
2724	23.843	27.908
2725	24.096	27.798
2726	24.348	27.791
2727	24.663	27.763
2728	24.974	27.746
2729	25.313	27.679
2730	25.7	27.601
2731	26.096	27.582
2732	26.523	27.549
2733	26.969	27.506
2734	27.448	27.539
2735	27.932	27.505
2736	28.454	27.487
2737	28.981	27.44
2738	29.502	27.447
2739	30.044	27.46
2740	30.636	27.434
2741	31.213	27.366
2742	31.818	27.326
2743	32.372	27.365
2744	32.947	27.383
2745	33.521	27.351
2746	34.089	27.353
2747	34.633	27.346
2748	35.171	27.334
2749	35.663	27.337
2750	36.148	27.369
2751	36.673	27.329
2752	37.108	27.365
2753	37.524	27.416
2754	37.905	27.424
2755	38.23	27.443
2756	38.509	27.501
2757	38.725	27.544
2758	38.961	27.522
2759	39.142	27.454
2760	39.247	27.507
2761	39.285	27.526
2762	39.285	27.531
2763	39.231	27.569
2764	39.133	27.609
2765	38.973	27.671
2766	38.791	27.678
2767	38.506	27.794
2768	38.268	27.753
2769	37.913	27.77
2770	37.57	27.749
2771	37.172	27.774
2772	36.763	27.784
2773	36.329	27.775
2774	35.876	27.863
2775	35.414	27.854
2776	34.895	27.916
2777	34.382	27.928
2778	33.884	27.883
2779	33.373	27.913
2780	32.835	27.938
2781	32.311	27.934
2782	31.779	27.97
2783	31.237	28.042
2784	30.69	28.092
2785	30.155	28.08
2786	29.667	28.117
2787	29.17	28.168
2788	28.704	28.184
2789	28.266	28.14
2790	27.82	28.197
2791	27.392	28.228
2792	26.991	28.193
2793	26.559	28.26
2794	26.203	28.261
2795	25.847	28.325
2796	25.513	28.369
2797	25.172	28.387
2798	24.854	28.406
2799	24.577	28.368
2800	24.317	28.393
2801	24.087	28.376
2802	23.858	28.401
2803	23.622	28.508
2804	23.426	28.488
2805	23.252	28.534
2806	23.097	28.576
2807	22.963	28.535
2808	22.844	28.511
2809	22.756	28.506
2810	22.711	28.466
2811	22.665	28.38
2812	22.645	28.316
2813	22.641	28.237
2814	22.634	28.227
2815	22.656	28.151
2816	22.713	28.087
2817	22.768	28.103
2818	22.867	28.088
2819	22.977	28.087
2820	23.106	28.054
2821	23.256	28.023
2822	23.464	27.969
2823	23.676	27.964
2824	23.914	27.902
2825	24.156	27.916
2826	24.438	27.868
2827	24.74	27.823
2828	25.077	27.765
2829	25.432	27.749
2830	25.817	27.68
2831	26.234	27.594
2832	26.663	27.591
2833	27.105	27.588
2834	27.549	27.541
2835	28.007	27.566
2836	28.487	27.559
2837	28.987	27.604
2838	29.495	27.63
2839	30.017	27.626
2840	30.588	27.583
2841	31.122	27.628
2842	31.709	27.581
2843	32.283	27.555
2844	32.857	27.497
2845	33.431	27.476
2846	34.003	27.461
2847	34.532	27.481
2848	35.071	27.499
2849	35.566	27.528
2850	36.068	27.515
2851	36.5	27.553
2852	36.939	27.54
2853	37.386	27.468
2854	37.77	27.466
2855	38.105	27.469
2856	38.378	27.525
2857	38.635	27.533
2858	38.874	27.502
2859	39.087	27.52
2860	39.203	27.567
2861	39.242	27.612
2862	39.296	27.573
2863	39.226	27.578
2864	39.156	27.625
2865	39.039	27.627
2866	38.859	27.65
2867	38.62	27.669
2868	38.355	27.695
2869	38.044	27.732
2870	37.693	27.733
2871	37.286	27.762
2872	36.861	27.782
2873	36.411	27.818
2874	35.944	27.894
2875	35.448	27.865
2876	34.957	27.904
2877	34.424	27.927
2878	33.863	28.002
2879	33.334	28.019
2880	32.811	28.033
2881	32.274	28.019
2882	31.711	28.051
2883	31.159	28.07
2884	30.636	28.092
2885	30.137	28.041
2886	29.661	28.091
2887	29.166	28.111
2888	28.717	28.122
2889	28.259	28.145
2890	27.815	28.173
2891	27.387	28.172
2892	26.955	28.205
2893	26.557	28.186
2894	26.174	28.186
2895	25.797	28.247
2896	25.444	28.217
2897	25.117	28.267
2898	24.8	28.226
2899	24.508	28.179
2900	24.238	28.23
2901	23.988	28.198
2902	23.772	28.196
2903	23.581	28.16
2904	23.377	28.194
2905	23.186	28.27
2906	23.034	28.279
2907	22.91	28.279
2908	22.801	28.296
2909	22.706	28.257
2910	22.623	28.249
2911	22.556	28.21
2912	22.509	28.203
2913	22.495	28.196
2914	22.52	28.097
2915	22.529	28.153
2916	22.598	28.083
2917	22.691	28.017
2918	22.809	27.977
2919	22.94	28.002
2920	23.1	27.946
2921	23.293	27.915
2922	23.515	27.834
2923	23.747	27.8
2924	24.008	27.801
2925	24.296	27.781
2926	24.601	27.765
2927	24.946	27.689
2928	25.289	27.692
2929	25.673	27.714
2930	26.092	27.627
2931	26.523	27.575
2932	26.98	27.525
2933	27.443	27.524
2934	27.928	27.528
2935	28.441	27.541
2936	28.973	27.523
2937	29.523	27.498
2938	30.054	27.482
2939	30.604	27.493
2940	31.193	27.412
2941	31.753	27.435
2942	32.32	27.453
2943	32.877	27.45
2944	33.453	27.407
2945	34.012	27.432
2946	34.565	27.495
2947	35.064	27.512
2948	35.605	27.534
2949	36.099	27.473
2950	36.596	27.416
2951	37.031	27.439
2952	37.396	27.493
2953	37.768	27.519
2954	38.098	27.482
2955	38.389	27.497
2956	38.63	27.56
2957	38.796	27.575
2958	38.94	27.551
2959	39.062	27.557
2960	39.12	27.572
2961	39.163	27.545
2962	39.111	27.6
2963	39.083	27.578
2964	38.941	27.624
2965	38.751	27.679
2966	38.5	27.728
2967	38.218	27.748
2968	37.899	27.78
2969	37.538	27.804
2970	37.192	27.744
2971	36.802	27.701
2972	36.379	27.761
2973	35.908	27.759
2974	35.438	27.833
2975	34.916	27.928
2976	34.404	27.984
2977	33.881	28.009
2978	33.346	28.036
2979	32.822	28.086
2980	32.29	28.118
2981	31.761	28.117
2982	31.256	28.173
2983	30.757	28.187
2984	30.23	28.271
2985	29.738	28.233
2986	29.223	28.347
2987	28.73	28.347
2988	28.251	28.381
2989	27.8	28.403
2990	27.371	28.43
2991	26.968	28.448
2992	26.609	28.42
2993	26.239	28.43
2994	25.888	28.425
2995	25.523	28.482
2996	25.194	28.526
2997	24.899	28.503
2998	24.605	28.509
2999	24.343	28.498
3000	24.09	28.521
3001	23.859	28.501
3002	23.666	28.518
3003	23.487	28.474
3004	23.311	28.442
3005	23.143	28.411
3006	23.01	28.423
3007	22.901	28.368
3008	22.795	28.434
3009	22.727	28.361
3010	22.659	28.401
3011	22.627	28.311
3012	22.622	28.305
3013	22.62	28.34
3014	22.641	28.309
3015	22.687	28.237
3016	22.758	28.168
3017	22.825	28.206
3018	22.931	28.19
3019	23.056	28.183
3020	23.238	28.108
3021	23.407	28.091
3022	23.603	28.108
3023	23.863	28.043
3024	24.111	28.015
3025	24.394	27.947
3026	24.702	27.925
3027	25.022	27.93
3028	25.355	27.957
3029	25.754	27.873
3030	26.161	27.882
3031	26.582	27.838
3032	26.999	27.823
3033	27.474	27.724
3034	27.966	27.674
3035	28.473	27.636
3036	28.995	27.607
3037	29.524	27.552
3038	30.062	27.557
3039	30.648	27.514
3040	31.199	27.576
3041	31.755	27.632
3042	32.334	27.626
3043	32.915	27.614
3044	33.483	27.631
3045	34.012	27.708
3046	34.61	27.631
3047	35.15	27.562
3048	35.646	27.619
3049	36.144	27.653
3050	36.635	27.603
3051	37.072	27.627
3052	37.497	27.607
3053	37.856	27.573
3054	38.167	27.649
3055	38.473	27.628
3056	38.697	27.628
3057	38.908	27.638
3058	39.05	27.672
3059	39.124	27.759
3060	39.175	27.752
3061	39.16	27.813
3062	39.091	27.867
3063	38.976	27.832
3064	38.781	27.848
3065	38.598	27.852
3066	38.346	27.823
3067	38.06	27.85
3068	37.715	27.892
3069	37.39	27.878
3070	37.003	27.883
3071	36.57	27.936
3072	36.122	27.961
3073	35.64	27.963
3074	35.203	27.892
3075	34.674	27.954
3076	34.165	28.001
3077	33.672	27.974
3078	33.19	28.024
3079	32.652	28.032
3080	32.105	28.076
3081	31.589	28.1
3082	31.094	28.143
3083	30.603	28.163
3084	30.091	28.16
3085	29.627	28.19
3086	29.161	28.211
3087	28.72	28.227
3088	28.293	28.296
3089	27.865	28.398
3090	27.435	28.393
3091	27.051	28.439
3092	26.682	28.438
3093	26.34	28.425
3094	25.986	28.451
3095	25.671	28.414
3096	25.346	28.429
3097	25.055	28.491
3098	24.778	28.51
3099	24.487	28.574
3100	24.27	28.532
3101	24.052	28.444
3102	23.828	28.433
3103	23.617	28.445
3104	23.46	28.384
3105	23.311	28.39
3106	23.176	28.445
3107	23.069	28.386
3108	22.946	28.432
3109	22.869	28.412
3110	22.789	28.424
3111	22.737	28.387
3112	22.69	28.378
3113	22.674	28.326
3114	22.685	28.277
3115	22.725	28.214
3116	22.798	28.112
3117	22.874	28.042
3118	22.96	28.073
3119	23.072	28.085
3120	23.194	28.067
3121	23.352	28.057
3122	23.546	28.014
3123	23.786	27.958
3124	24.044	27.909
3125	24.282	27.924
3126	24.576	27.927
3127	24.908	27.907
3128	25.268	27.845
3129	25.618	27.872
3130	26.02	27.814
3131	26.428	27.729
3132	26.862	27.729
3133	27.353	27.631
3134	27.863	27.581
3135	28.37	27.543
3136	28.905	27.487
3137	29.474	27.45
3138	30.031	27.404
3139	30.605	27.325
3140	31.187	27.307
3141	31.744	27.317
3142	32.335	27.284
3143	32.938	27.215
3144	33.519	27.207
3145	34.141	27.187
3146	34.711	27.182
3147	35.242	27.149
3148	35.775	27.161
3149	36.283	27.15
3150	36.833	27.102
3151	37.282	27.132
3152	37.688	27.139
3153	38.078	27.126
3154	38.44	27.134
3155	38.773	27.118
3156	39.044	27.174
3157	39.224	27.228
3158	39.356	27.251
3159	39.421	27.257
3160	39.48	27.266
3161	39.462	27.303
3162	39.378	27.372
3163	39.285	27.372
3164	39.105	27.464
3165	38.904	27.494
3166	38.633	27.58
3167	38.295	27.666
3168	37.942	27.699
3169	37.603	27.645
3170	37.16	27.718
3171	36.754	27.747
3172	36.333	27.767
3173	35.838	27.77
3174	35.32	27.838
3175	34.782	27.908
3176	34.271	27.889
3177	33.737	27.911
3178	33.194	27.955
3179	32.641	27.973
3180	32.09	28.037
3181	31.591	27.987
3182	31.085	27.966
3183	30.559	28.027
3184	30.051	28.105
3185	29.548	28.158
3186	29.07	28.192
3187	28.609	28.169
3188	28.175	28.193
3189	27.747	28.191
3190	27.322	28.245
3191	26.937	28.206
3192	26.573	28.179
3193	26.202	28.251
3194	25.854	28.298
3195	25.533	28.256
3196	25.229	28.229
3197	24.925	28.225
3198	24.669	28.211
3199	24.404	28.187
3200	24.162	28.178
3201	23.926	28.194
3202	23.736	28.185
3203	23.537	28.17
3204	23.371	28.22
3205	23.218	28.21
3206	23.073	28.201
3207	22.942	28.266
3208	22.853	28.209
3209	22.762	28.161
3210	22.702	28.129
3211	22.652	28.12
3212	22.632	28.097
3213	22.616	28.139
3214	22.642	28.1
3215	22.684	28.076
3216	22.74	28.087
3217	22.807	28.132
3218	22.916	28.061
3219	23.029	28.072
3220	23.181	28.076
3221	23.364	28.034
3222	23.565	28.083
3223	23.76	28.104
3224	24.009	28.067
3225	24.283	28.068
3226	24.584	28.091
3227	24.88	28.089
3228	25.239	28.085
3229	25.619	28.021
3230	26.016	28.007
3231	26.445	27.993
3232	26.899	27.93
3233	27.354	27.967
3234	27.85	27.98
3235	28.343	28.006
3236	28.877	27.95
3237	29.404	27.938
3238	29.96	27.891
3239	30.509	27.896
3240	31.1	27.825
3241	31.704	27.746
3242	32.287	27.705
3243	32.893	27.666
3244	33.481	27.589
3245	34.039	27.577
3246	34.575	27.588
3247	35.157	27.487
3248	35.701	27.48
3249	36.228	27.524
3250	36.705	27.545
3251	37.184	27.454
3252	37.664	27.432
3253	38.069	27.401
3254	38.396	27.406
3255	38.666	27.408
3256	38.896	27.484
3257	39.105	27.461
3258	39.281	27.41
3259	39.405	27.392
3260	39.468	27.357
3261	39.449	27.435
3262	39.439	27.408
3263	39.311	27.453
3264	39.147	27.464
3265	38.912	27.531
3266	38.605	27.616
3267	38.303	27.694
3268	37.934	27.76
3269	37.568	27.814
3270	37.202	27.81
3271	36.771	27.856
3272	36.265	27.917
3273	35.781	27.981
3274	35.316	27.934
3275	34.79	27.984
3276	34.246	28.021
3277	33.671	28.094
3278	33.132	28.129
3279	32.619	28.121
3280	32.102	28.182
3281	31.551	28.16
3282	31.041	28.169
3283	30.516	28.268
3284	30.01	28.309
3285	29.505	28.321
3286	29.019	28.31
3287	28.547	28.372
3288	28.106	28.356
3289	27.686	28.374
3290	27.273	28.417
3291	26.89	28.423
3292	26.518	28.385
3293	26.165	28.397
3294	25.813	28.473
3295	25.474	28.533
3296	25.159	28.566
3297	24.879	28.608
3298	24.606	28.612
3299	24.322	28.645
3300	24.088	28.601
3301	23.876	28.656
3302	23.68	28.683
3303	23.478	28.686
3304	23.311	28.702
3305	23.162	28.631
3306	23.039	28.631
3307	22.901	28.626
3308	22.825	28.522
3309	22.749	28.497
3310	22.716	28.454
3311	22.67	28.422
3312	22.632	28.374
3313	22.625	28.384
3314	22.633	28.397
3315	22.674	28.377
3316	22.735	28.333
3317	22.817	28.32
3318	22.923	28.265
3319	23.057	28.198
3320	23.209	28.156
3321	23.397	28.079
3322	23.605	28.023
3323	23.831	27.924
3324	24.098	27.899
3325	24.386	27.82
3326	24.689	27.743
3327	25.022	27.647
3328	25.387	27.615
3329	25.761	27.56
3330	26.167	27.538
3331	26.598	27.521
3332	27.052	27.51
3333	27.492	27.537
3334	27.971	27.487
3335	28.454	27.523
3336	28.992	27.554
3337	29.546	27.546
3338	30.105	27.472
3339	30.674	27.441
3340	31.238	27.363
3341	31.8	27.367
3342	32.376	27.329
3343	32.954	27.298
3344	33.527	27.304
3345	34.085	27.295
3346	34.647	27.276
3347	35.193	27.275
3348	35.732	27.286
3349	36.235	27.274
3350	36.7	27.326
3351	37.142	27.347
3352	37.551	27.37
3353	37.901	27.38
3354	38.24	27.398
3355	38.494	27.428
3356	38.733	27.451
3357	38.915	27.462
3358	39.083	27.462
3359	39.16	27.508
3360	39.179	27.497
3361	39.188	27.504
3362	39.166	27.5
3363	39.1	27.513
3364	38.972	27.492
3365	38.769	27.557
3366	38.51	27.569
3367	38.248	27.584
3368	37.925	27.647
3369	37.553	27.698
3370	37.178	27.7
3371	36.743	27.765
3372	36.282	27.781
3373	35.8	27.838
3374	35.327	27.852
3375	34.849	27.83
3376	34.308	27.853
3377	33.793	27.877
3378	33.291	27.93
3379	32.728	27.969
3380	32.232	27.975
3381	31.717	27.984
3382	31.19	28.024
3383	30.678	28.04
3384	30.216	28.016
3385	29.743	28.046
3386	29.279	28.008
3387	28.78	28.132
3388	28.312	28.166
3389	27.88	28.17
3390	27.465	28.158
3391	27.074	28.189
3392	26.665	28.182
3393	26.283	28.251
3394	25.931	28.195
3395	25.594	28.194
3396	25.288	28.178
3397	24.986	28.219
3398	24.692	28.201
3399	24.422	28.218
3400	24.146	28.249
3401	23.932	28.27
3402	23.714	28.266
3403	23.514	28.297
3404	23.371	28.257
3405	23.224	28.216
3406	23.077	28.214
3407	22.978	28.187
3408	22.876	28.154
3409	22.778	28.181
3410	22.709	28.202
3411	22.656	28.212
3412	22.639	28.122
3413	22.615	28.139
3414	22.617	28.121
3415	22.655	28.128
3416	22.71	28.092
3417	22.805	28.07
3418	22.911	27.983
3419	23.061	27.935
3420	23.21	27.954
3421	23.368	27.931
3422	23.57	27.929
3423	23.808	27.958
3424	24.04	27.933
3425	24.338	27.917
3426	24.641	27.85
3427	24.965	27.806
3428	25.322	27.768
3429	25.687	27.761
3430	26.061	27.799
3431	26.493	27.743
3432	26.94	27.704
3433	27.4	27.726
3434	27.887	27.706
3435	28.412	27.597
3436	28.931	27.572
3437	29.451	27.57
3438	30.02	27.561
3439	30.592	27.572
3440	31.167	27.555
3441	31.766	27.518
3442	32.324	27.532
3443	32.912	27.538
3444	33.454	27.576
3445	34.003	27.56
3446	34.594	27.537
3447	35.115	27.48
3448	35.636	27.451
3449	36.145	27.469
3450	36.607	27.473
3451	37.068	27.476
3452	37.501	27.492
3453	37.88	27.45
3454	38.197	27.487
3455	38.515	27.491
3456	38.756	27.537
3457	38.942	27.602
3458	39.082	27.572
3459	39.181	27.564
3460	39.202	27.669
3461	39.186	27.665
3462	39.171	27.703
3463	39.054	27.723
3464	38.893	27.77
3465	38.716	27.739
3466	38.462	27.8
3467	38.204	27.843
3468	37.869	27.908
3469	37.533	27.908
3470	37.195	27.891
3471	36.734	27.969
3472	36.327	27.995
3473	35.895	27.968
3474	35.439	27.977
3475	34.937	28.017
3476	34.397	28.082
3477	33.859	28.15
3478	33.336	28.162
3479	32.801	28.188
3480	32.275	28.186
3481	31.743	28.207
3482	31.229	28.195
3483	30.724	28.269
3484	30.222	28.313
3485	29.756	28.245
3486	29.287	28.281
3487	28.83	28.226
3488	28.387	28.225
3489	27.956	28.208
3490	27.497	28.25
3491	27.079	28.274
3492	26.686	28.293
3493	26.32	28.256
3494	25.96	28.271
3495	25.61	28.281
3496	25.305	28.241
3497	25	28.223
3498	24.691	28.29
3499	24.411	28.325
3500	24.167	28.298
3501	23.949	28.282
3502	23.746	28.254
3503	23.557	28.241
3504	23.374	28.225
3505	23.199	28.24
3506	23.069	28.175
3507	22.937	28.138
3508	22.836	28.071
3509	22.749	28.047
3510	22.663	28.119
3511	22.597	28.096
3512	22.547	28.124
3513	22.54	28.079
3514	22.543	28.118
3515	22.597	28.122
3516	22.679	28.035
3517	22.763	27.974
3518	22.851	27.942
3519	22.98	27.927
3520	23.128	27.921
3521	23.298	27.935
3522	23.494	27.998
3523	23.722	27.985
3524	23.977	27.903
3525	24.253	27.918
3526	24.553	27.9
3527	24.871	27.931
3528	25.211	27.962
3529	25.615	27.906
3530	26.024	27.9
3531	26.445	27.936
3532	26.886	27.952
3533	27.369	27.921
3534	27.871	27.872
3535	28.379	27.855
3536	28.932	27.823
3537	29.496	27.834
3538	30.048	27.855
3539	30.616	27.793
3540	31.173	27.759
3541	31.738	27.785
3542	32.34	27.754
3543	32.956	27.723
3544	33.533	27.705
3545	34.099	27.744
3546	34.651	27.73
3547	35.211	27.653
3548	35.727	27.597
3549	36.221	27.619
3550	36.702	27.576
3551	37.124	27.532
3552	37.531	27.477
3553	37.92	27.452
3554	38.244	27.508
3555	38.523	27.495
3556	38.776	27.476
3557	39.031	27.468
3558	39.148	27.565
3559	39.262	27.58
3560	39.296	27.551
3561	39.25	27.605
3562	39.182	27.627
3563	39.08	27.608
3564	38.953	27.615
3565	38.778	27.648
3566	38.524	27.685
3567	38.198	27.741
3568	37.861	27.812
3569	37.499	27.886
3570	37.099	27.945
3571	36.689	27.961
3572	36.245	27.978
3573	35.794	28.046
3574	35.327	28.079
3575	34.852	28.081
3576	34.379	28.102
3577	33.875	28.114
3578	33.356	28.106
3579	32.824	28.131
3580	32.308	28.164
3581	31.785	28.169
3582	31.241	28.179
3583	30.744	28.139
3584	30.216	28.206
3585	29.754	28.213
3586	29.294	28.216
3587	28.817	28.255
3588	28.357	28.329
3589	27.895	28.354
3590	27.469	28.346
3591	27.068	28.34
3592	26.692	28.324
3593	26.312	28.38
3594	25.946	28.388
3595	25.613	28.333
3596	25.273	28.349
3597	24.962	28.398
3598	24.684	28.354
3599	24.418	28.337
3600	24.136	28.355
3601	23.91	28.36
3602	23.691	28.395
3603	23.504	28.404
3604	23.334	28.355
3605	23.176	28.313
3606	23.027	28.347
3607	22.891	28.361
3608	22.778	28.4
3609	22.691	28.363
3610	22.605	28.342
3611	22.556	28.371
3612	22.522	28.282
3613	22.528	28.211
3614	22.544	28.189
3615	22.579	28.161
3616	22.633	28.179
3617	22.713	28.195
3618	22.836	28.065
3619	22.974	28.02
3620	23.151	27.951
3621	23.344	27.958
3622	23.556	27.895
3623	23.788	27.86
3624	24.027	27.851
3625	24.33	27.822
3626	24.625	27.814
3627	24.964	27.761
3628	25.294	27.766
3629	25.669	27.726
3630	26.089	27.683
3631	26.519	27.666
3632	26.992	27.627
3633	27.445	27.56
3634	27.927	27.558
3635	28.449	27.504
3636	28.971	27.459
3637	29.547	27.459
3638	30.102	27.459
3639	30.691	27.446
3640	31.259	27.439
3641	31.836	27.42
3642	32.436	27.409
3643	32.978	27.424
3644	33.551	27.371
3645	34.102	27.371
3646	34.678	27.329
3647	35.172	27.331
3648	35.684	27.33
3649	36.184	27.318
3650	36.642	27.332
3651	37.072	27.37
3652	37.467	27.38
3653	37.826	27.39
3654	38.126	27.435
3655	38.393	27.544
3656	38.663	27.523
3657	38.882	27.525
3658	39.077	27.547
3659	39.161	27.573
3660	39.214	27.622
3661	39.212	27.645
3662	39.166	27.658
3663	39.048	27.684
3664	38.88	27.694
3665	38.69	27.748
3666	38.471	27.772
3667	38.148	27.765
3668	37.869	27.821
3669	37.523	27.855
3670	37.12	27.888
3671	36.68	27.913
3672	36.26	27.975
3673	35.776	28.052
3674	35.311	28.114
3675	34.825	28.194
3676	34.317	28.163
3677	33.811	28.211
3678	33.297	28.263
3679	32.782	28.341
3680	32.25	28.327
3681	31.708	28.312
3682	31.171	28.353
3683	30.655	28.369
3684	30.178	28.35
3685	29.677	28.387
3686	29.184	28.42
3687	28.705	28.45
3688	28.266	28.475
3689	27.847	28.488
3690	27.419	28.502
3691	26.997	28.521
3692	26.626	28.55
3693	26.262	28.528
3694	25.909	28.578
3695	25.589	28.609
3696	25.264	28.592
3697	24.968	28.533
3698	24.69	28.499
3699	24.434	28.441
3700	24.181	28.338
3701	23.954	28.357
3702	23.741	28.311
3703	23.558	28.219
3704	23.404	28.134
3705	23.246	28.046
3706	23.109	28.092
3707	22.981	28.098
3708	22.878	28.1
3709	22.806	28.095
3710	22.744	28.038
3711	22.718	27.987
3712	22.695	27.913
3713	22.678	27.863
3714	22.68	27.844
3715	22.723	27.801
3716	22.795	27.714
3717	22.866	27.717
3718	22.96	27.707
3719	23.071	27.667
3720	23.192	27.666
3721	23.375	27.654
3722	23.578	27.68
3723	23.806	27.687
3724	24.044	27.698
3725	24.317	27.732
3726	24.599	27.726
3727	24.921	27.705
3728	25.275	27.718
3729	25.634	27.705
3730	26.056	27.719
3731	26.473	27.673
3732	26.923	27.635
3733	27.38	27.627
3734	27.85	27.554
3735	28.358	27.554
3736	28.872	27.561
3737	29.406	27.607
3738	29.96	27.61
3739	30.537	27.568
3740	31.136	27.526
3741	31.685	27.549
3742	32.275	27.508
3743	32.856	27.481
3744	33.462	27.457
3745	34.074	27.422
3746	34.659	27.394
3747	35.2	27.381
3748	35.709	27.34
3749	36.235	27.352
3750	36.708	27.304
3751	37.167	27.339
3752	37.599	27.333
3753	37.972	27.364
3754	38.312	27.354
3755	38.558	27.33
3756	38.815	27.387
3757	39.026	27.414
3758	39.182	27.374
3759	39.282	27.456
3760	39.352	27.496
3761	39.372	27.521
3762	39.293	27.571
3763	39.183	27.634
3764	39.034	27.689
3765	38.824	27.749
3766	38.615	27.743
3767	38.329	27.757
3768	38.002	27.835
3769	37.629	27.842
3770	37.198	27.893
3771	36.744	27.94
3772	36.31	27.932
3773	35.862	28
3774	35.352	28.013
3775	34.847	28.105
3776	34.35	28.107
3777	33.811	28.237
3778	33.286	28.251
3779	32.745	28.306
3780	32.221	28.39
3781	31.708	28.423
3782	31.154	28.432
3783	30.641	28.527
3784	30.124	28.594
3785	29.597	28.63
3786	29.112	28.586
3787	28.653	28.536
3788	28.206	28.493
3789	27.751	28.517
3790	27.325	28.496
3791	26.923	28.522
3792	26.517	28.547
3793	26.145	28.502
3794	25.809	28.533
3795	25.497	28.566
3796	25.187	28.582
3797	24.888	28.59
3798	24.611	28.554
3799	24.36	28.556
3800	24.124	28.511
3801	23.893	28.543
3802	23.688	28.524
3803	23.486	28.493
3804	23.321	28.502
3805	23.169	28.524
3806	23.022	28.462
3807	22.917	28.45
3808	22.816	28.411
3809	22.733	28.372
3810	22.668	28.359
3811	22.625	28.372
3812	22.614	28.33
3813	22.61	28.371
3814	22.64	28.332
3815	22.674	28.314
3816	22.723	28.31
3817	22.824	28.255
3818	22.928	28.26
3819	23.044	28.28
3820	23.177	28.216
3821	23.334	28.184
3822	23.538	28.191
3823	23.771	28.171
3824	24.016	28.095
3825	24.314	28.064
3826	24.615	28.022
3827	24.931	27.953
3828	25.291	27.954
3829	25.646	27.961
3830	26.047	27.894
3831	26.473	27.874
3832	26.922	27.908
3833	27.396	27.904
3834	27.897	27.933
3835	28.428	27.907
3836	28.948	27.901
3837	29.491	27.878
3838	30.066	27.801
3839	30.625	27.819
3840	31.204	27.847
3841	31.773	27.848
3842	32.354	27.834
3843	32.964	27.784
3844	33.554	27.736
3845	34.115	27.73
3846	34.703	27.764
3847	35.213	27.773
3848	35.726	27.77
3849	36.234	27.813
3850	36.674	27.838
3851	37.142	27.791
3852	37.578	27.752
3853	37.973	27.706
3854	38.318	27.63
3855	38.604	27.684
3856	38.876	27.667
3857	39.073	27.615
3858	39.185	27.589
3859	39.275	27.552
3860	39.312	27.566
3861	39.31	27.59
3862	39.214	27.648
3863	39.078	27.704
3864	38.946	27.681
3865	38.744	27.709
3866	38.504	27.72
3867	38.218	27.779
3868	37.866	27.836
3869	37.52	27.826
3870	37.133	27.87
3871	36.706	27.9
3872	36.285	27.912
3873	35.81	27.941
3874	35.333	28.02
3875	34.825	28.069
3876	34.31	28.138
3877	33.785	28.202
3878	33.227	28.312
3879	32.708	28.332
3880	32.163	28.326
3881	31.605	28.388
3882	31.08	28.445
3883	30.591	28.53
3884	30.078	28.571
3885	29.601	28.577
3886	29.105	28.596
3887	28.638	28.627
3888	28.186	28.586
3889	27.739	28.616
3890	27.331	28.625
3891	26.928	28.658
3892	26.545	28.661
3893	26.16	28.657
3894	25.808	28.751
3895	25.496	28.716
3896	25.188	28.711
3897	24.89	28.725
3898	24.603	28.754
3899	24.336	28.712
3900	24.093	28.668
3901	23.872	28.625
3902	23.662	28.639
3903	23.484	28.617
3904	23.312	28.674
3905	23.177	28.662
3906	23.059	28.606
3907	22.942	28.58
3908	22.834	28.502
3909	22.767	28.48
3910	22.704	28.461
3911	22.669	28.401
3912	22.658	28.348
3913	22.663	28.386
3914	22.662	28.39
3915	22.697	28.337
3916	22.763	28.311
3917	22.827	28.303
3918	22.948	28.325
3919	23.074	28.215
3920	23.221	28.204
3921	23.397	28.143
3922	23.6	28.118
3923	23.853	28.056
3924	24.104	28.035
3925	24.387	28.016
3926	24.676	28.026
3927	24.998	27.934
3928	25.347	27.871
3929	25.75	27.813
3930	26.142	27.76
3931	26.552	27.802
3932	27.003	27.736
3933	27.474	27.737
3934	27.953	27.628
3935	28.451	27.602
3936	28.989	27.543
3937	29.544	27.528
3938	30.095	27.484
3939	30.693	27.431
3940	31.262	27.449
3941	31.84	27.395
3942	32.451	27.355
3943	33.026	27.336
3944	33.6	27.341
3945	34.145	27.336
3946	34.719	27.305
3947	35.261	27.255
3948	35.764	27.241
3949	36.267	27.208
3950	36.731	27.196
3951	37.191	27.133
3952	37.594	27.177
3953	38	27.164
3954	38.281	27.186
3955	38.562	27.209
3956	38.833	27.214
3957	39.017	27.281
3958	39.17	27.297
3959	39.277	27.383
3960	39.312	27.376
3961	39.276	27.468
3962	39.204	27.482
3963	39.081	27.517
3964	38.903	27.6
3965	38.675	27.658
3966	38.456	27.7
3967	38.176	27.729
3968	37.851	27.72
3969	37.481	27.789
3970	37.113	27.822
3971	36.67	27.838
3972	36.232	27.911
3973	35.747	27.971
3974	35.243	28.019
3975	34.759	28.052
3976	34.265	28.119
3977	33.734	28.153
3978	33.186	28.171
3979	32.711	28.161
3980	32.196	28.259
3981	31.654	28.309
3982	31.177	28.277
3983	30.687	28.292
3984	30.175	28.302
3985	29.679	28.405
3986	29.221	28.363
3987	28.763	28.38
3988	28.323	28.375
3989	27.874	28.361
3990	27.492	28.301
3991	27.085	28.301
3992	26.694	28.28
3993	26.341	28.275
3994	25.977	28.257
3995	25.642	28.307
3996	25.325	28.325
3997	25.018	28.372
3998	24.763	28.338
3999	24.507	28.377
4000	24.258	28.362
4001	24.01	28.443
4002	23.819	28.415
4003	23.614	28.471
4004	23.417	28.442
4005	23.257	28.38
4006	23.108	28.334
4007	22.969	28.319
4008	22.859	28.277
4009	22.778	28.262
4010	22.701	28.205
4011	22.643	28.198
4012	22.592	28.219
4013	22.579	28.221
4014	22.603	28.205
4015	22.628	28.193
4016	22.678	28.141
4017	22.755	28.142
4018	22.844	28.185
4019	22.973	28.115
4020	23.117	28.075
4021	23.295	28.072
4022	23.502	27.974
4023	23.722	27.959
4024	23.974	27.917
4025	24.243	27.878
4026	24.551	27.827
4027	24.874	27.796
4028	25.237	27.773
4029	25.606	27.745
4030	25.997	27.703
4031	26.437	27.684
4032	26.884	27.708
4033	27.347	27.694
4034	27.849	27.712
4035	28.385	27.703
4036	28.916	27.67
4037	29.472	27.646
4038	30.025	27.652
4039	30.603	27.579
4040	31.182	27.572
4041	31.772	27.62
4042	32.34	27.651
4043	32.936	27.555
4044	33.519	27.596
4045	34.101	27.528
4046	34.654	27.571
4047	35.194	27.515
4048	35.724	27.525
4049	36.24	27.504
4050	36.698	27.539
4051	37.131	27.483
4052	37.554	27.501
4053	37.947	27.451
4054	38.296	27.516
4055	38.615	27.565
4056	38.879	27.547
4057	39.074	27.537
4058	39.239	27.556
4059	39.322	27.548
4060	39.336	27.563
4061	39.33	27.619
4062	39.263	27.641
4063	39.21	27.599
4064	39.014	27.67
4065	38.803	27.663
4066	38.557	27.653
4067	38.263	27.645
4068	37.924	27.734
4069	37.575	27.733
4070	37.161	27.818
4071	36.732	27.826
4072	36.3	27.913
4073	35.801	27.966
4074	35.334	28.003
4075	34.847	28.081
4076	34.334	28.133
4077	33.803	28.154
4078	33.262	28.253
4079	32.727	28.293
4080	32.167	28.303
4081	31.613	28.332
4082	31.096	28.361
4083	30.58	28.42
4084	30.067	28.456
4085	29.591	28.52
4086	29.103	28.585
4087	28.647	28.623
4088	28.191	28.686
4089	27.78	28.747
4090	27.364	28.76
4091	26.96	28.818
4092	26.579	28.858
4093	26.215	28.824
4094	25.854	28.843
4095	25.536	28.831
4096	25.225	28.864
4097	24.924	28.944
4098	24.662	28.901
4099	24.377	28.898
4100	24.145	28.827
4101	23.931	28.777
4102	23.738	28.753
4103	23.56	28.673
4104	23.393	28.623
4105	23.262	28.57
4106	23.132	28.521
4107	23.024	28.503
4108	22.933	28.434
4109	22.88	28.389
4110	22.799	28.334
4111	22.772	28.247
4112	22.764	28.183
4113	22.741	28.094
4114	22.759	28.018
4115	22.772	28.013
4116	22.827	27.922
4117	22.907	27.879
4118	23.006	27.846
4119	23.123	27.871
4120	23.272	27.867
4121	23.449	27.763
4122	23.652	27.641
4123	23.872	27.617
4124	24.118	27.573
4125	24.395	27.535
4126	24.691	27.529
4127	24.988	27.545
4128	25.312	27.548
4129	25.668	27.534
4130	26.042	27.557
4131	26.456	27.583
4132	26.884	27.624
4133	27.331	27.626
4134	27.765	27.622
4135	28.297	27.58
4136	28.794	27.609
4137	29.292	27.626
4138	29.837	27.664
4139	30.38	27.654
4140	30.974	27.675
4141	31.564	27.657
4142	32.146	27.654
4143	32.723	27.642
4144	33.324	27.619
4145	33.898	27.538
4146	34.46	27.621
4147	34.988	27.662
4148	35.529	27.669
4149	36.039	27.696
4150	36.502	27.761
4151	36.925	27.762
4152	37.37	27.737
4153	37.765	27.739
4154	38.129	27.727
4155	38.481	27.682
4156	38.742	27.638
4157	38.962	27.606
4158	39.123	27.59
4159	39.257	27.598
4160	39.31	27.611
4161	39.367	27.584
4162	39.362	27.602
4163	39.336	27.585
4164	39.212	27.667
4165	39.041	27.623
4166	38.792	27.682
4167	38.529	27.695
4168	38.228	27.733
4169	37.847	27.746
4170	37.419	27.828
4171	36.985	27.799
4172	36.526	27.846
4173	36.021	27.896
4174	35.524	27.913
4175	35.017	27.87
4176	34.499	27.897
4177	33.96	27.916
4178	33.427	27.935
4179	32.886	27.972
4180	32.324	28.091
4181	31.766	28.158
4182	31.212	28.23
4183	30.679	28.305
4184	30.194	28.288
4185	29.677	28.33
4186	29.15	28.408
4187	28.67	28.408
4188	28.175	28.461
4189	27.722	28.429
4190	27.282	28.514
4191	26.873	28.53
4192	26.487	28.541
4193	26.116	28.509
4194	25.774	28.522
4195	25.461	28.495
4196	25.147	28.508
4197	24.841	28.492
4198	24.555	28.469
4199	24.297	28.474
4200	24.055	28.511
4201	23.836	28.561
4202	23.632	28.607
4203	23.444	28.615
4204	23.281	28.619
4205	23.149	28.525
4206	23.027	28.53
4207	22.929	28.464
4208	22.854	28.466
4209	22.756	28.49
4210	22.702	28.461
4211	22.663	28.442
4212	22.637	28.468
4213	22.638	28.513
4214	22.664	28.45
4215	22.705	28.383
4216	22.778	28.36
4217	22.858	28.31
4218	22.96	28.346
4219	23.091	28.281
4220	23.243	28.261
4221	23.438	28.21
4222	23.628	28.163
4223	23.854	28.12
4224	24.1	28.07
4225	24.364	28.066
4226	24.653	28
4227	24.972	27.934
4228	25.335	27.962
4229	25.692	27.939
4230	26.071	27.916
4231	26.487	27.896
4232	26.921	27.878
4233	27.375	27.842
4234	27.854	27.819
4235	28.369	27.805
4236	28.904	27.726
4237	29.443	27.699
4238	29.982	27.642
4239	30.523	27.627
4240	31.084	27.655
4241	31.63	27.666
4242	32.19	27.706
4243	32.769	27.657
4244	33.343	27.654
4245	33.889	27.695
4246	34.421	27.669
4247	35.006	27.629
4248	35.53	27.654
4249	36.046	27.684
4250	36.539	27.662
4251	37.008	27.631
4252	37.412	27.667
4253	37.773	27.621
4254	38.149	27.636
4255	38.454	27.64
4256	38.751	27.623
4257	38.988	27.628
4258	39.137	27.606
4259	39.283	27.562
4260	39.327	27.59
4261	39.338	27.618
4262	39.305	27.614
4263	39.232	27.614
4264	39.109	27.618
4265	38.907	27.618
4266	38.652	27.648
4267	38.389	27.642
4268	38.036	27.73
4269	37.676	27.765
4270	37.306	27.757
4271	36.878	27.825
4272	36.408	27.913
4273	35.937	27.964
4274	35.446	27.994
4275	34.924	28.022
4276	34.429	28.059
4277	33.91	28.036
4278	33.355	28.088
4279	32.81	28.106
4280	32.254	28.141
4281	31.69	28.17
4282	31.16	28.182
4283	30.646	28.187
4284	30.136	28.24
4285	29.638	28.278
4286	29.146	28.343
4287	28.672	28.292
4288	28.213	28.344
4289	27.771	28.398
4290	27.363	28.37
4291	26.983	28.368
4292	26.602	28.422
4293	26.231	28.412
4294	25.878	28.414
4295	25.537	28.387
4296	25.215	28.358
4297	24.941	28.315
4298	24.655	28.305
4299	24.401	28.279
4300	24.164	28.308
4301	23.917	28.371
4302	23.717	28.405
4303	23.551	28.343
4304	23.376	28.36
4305	23.228	28.336
4306	23.095	28.313
4307	22.981	28.308
4308	22.886	28.372
4309	22.8	28.35
4310	22.738	28.296
4311	22.696	28.276
4312	22.668	28.338
4313	22.657	28.305
4314	22.684	28.264
4315	22.706	28.294
4316	22.746	28.258
4317	22.821	28.184
4318	22.939	28.163
4319	23.059	28.201
4320	23.223	28.184
4321	23.402	28.206
4322	23.598	28.171
4323	23.818	28.146
4324	24.064	28.091
4325	24.323	28.069
4326	24.613	27.993
4327	24.927	27.978
4328	25.277	27.935
4329	25.663	27.852
4330	26.058	27.885
4331	26.485	27.897
4332	26.895	27.845
4333	27.367	27.749
4334	27.844	27.749
4335	28.356	27.712
4336	28.878	27.701
4337	29.429	27.638
4338	29.989	27.58
4339	30.532	27.592
4340	31.119	27.536
4341	31.725	27.528
4342	32.307	27.573
4343	32.883	27.557
4344	33.473	27.455
4345	34.033	27.441
4346	34.582	27.394
4347	35.111	27.42
4348	35.674	27.44
4349	36.143	27.463
4350	36.647	27.451
4351	37.138	27.449
4352	37.572	27.382
4353	37.9	27.462
4354	38.226	27.495
4355	38.54	27.437
4356	38.784	27.441
4357	39.005	27.497
4358	39.144	27.54
4359	39.249	27.578
4360	39.285	27.641
4361	39.275	27.684
4362	39.185	27.727
4363	39.094	27.792
4364	38.945	27.872
4365	38.725	27.935
4366	38.462	27.963
4367	38.191	27.938
4368	37.835	27.976
4369	37.473	28.046
4370	37.082	28.094
4371	36.654	28.174
4372	36.203	28.267
4373	35.729	28.303
4374	35.261	28.33
4375	34.767	28.333
4376	34.245	28.407
4377	33.703	28.493
4378	33.203	28.427
4379	32.675	28.436
4380	32.141	28.56
4381	31.616	28.572
4382	31.11	28.604
4383	30.592	28.708
4384	30.112	28.68
4385	29.633	28.631
4386	29.165	28.572
4387	28.71	28.623
4388	28.257	28.582
4389	27.821	28.523
4390	27.429	28.521
4391	27.016	28.527
4392	26.628	28.502
4393	26.28	28.473
4394	25.944	28.453
4395	25.595	28.47
4396	25.288	28.515
4397	24.967	28.442
4398	24.679	28.394
4399	24.44	28.444
4400	24.195	28.482
4401	23.972	28.428
4402	23.764	28.42
4403	23.592	28.461
4404	23.425	28.519
4405	23.286	28.446
4406	23.159	28.471
4407	23.029	28.465
4408	22.921	28.373
4409	22.826	28.386
4410	22.759	28.421
4411	22.712	28.495
4412	22.697	28.396
4413	22.684	28.411
4414	22.702	28.414
4415	22.721	28.411
4416	22.808	28.363
4417	22.88	28.421
4418	22.974	28.444
4419	23.088	28.472
4420	23.235	28.472
4421	23.4	28.378
4422	23.602	28.412
4423	23.822	28.334
4424	24.059	28.243
4425	24.322	28.179
4426	24.614	28.177
4427	24.959	28.117
4428	25.277	28.131
4429	25.625	28.092
4430	26.017	28.009
4431	26.432	27.95
4432	26.876	27.954
4433	27.345	27.888
4434	27.831	27.831
4435	28.331	27.836
4436	28.853	27.789
4437	29.382	27.896
4438	29.962	27.891
4439	30.526	27.879
4440	31.116	27.828
4441	31.663	27.792
4442	32.233	27.723
4443	32.828	27.646
4444	33.381	27.643
4445	33.952	27.605
4446	34.531	27.588
4447	35.111	27.532
4448	35.64	27.585
4449	36.14	27.611
4450	36.634	27.636
4451	37.077	27.614
4452	37.475	27.687
4453	37.877	27.707
4454	38.244	27.662
4455	38.51	27.739
4456	38.755	27.722
4457	38.974	27.657
4458	39.134	27.665
4459	39.271	27.687
4460	39.331	27.685
4461	39.334	27.663
4462	39.306	27.586
4463	39.145	27.604
4464	38.983	27.584
4465	38.778	27.589
4466	38.579	27.649
4467	38.308	27.719
4468	37.942	27.796
4469	37.575	27.817
4470	37.22	27.837
4471	36.797	27.833
4472	36.334	27.898
4473	35.866	27.934
4474	35.374	27.907
4475	34.864	27.889
4476	34.362	27.94
4477	33.849	27.895
4478	33.319	27.879
4479	32.771	27.905
4480	32.253	27.876
4481	31.736	27.935
4482	31.2	28.022
4483	30.693	28.127
4484	30.145	28.169
4485	29.655	28.162
4486	29.199	28.16
4487	28.714	28.209
4488	28.291	28.216
4489	27.862	28.261
4490	27.433	28.325
4491	27.008	28.338
4492	26.624	28.322
4493	26.285	28.282
4494	25.929	28.275
4495	25.589	28.305
4496	25.273	28.368
4497	24.983	28.307
4498	24.702	28.277
4499	24.448	28.286
4500	24.203	28.27
4501	23.974	28.217
4502	23.756	28.203
4503	23.572	28.189
4504	23.418	28.179
4505	23.255	28.193
4506	23.112	28.181
4507	23.006	28.082
4508	22.899	28.036
4509	22.844	28.018
4510	22.778	28.024
4511	22.712	28.034
4512	22.69	27.98
4513	22.67	27.933
4514	22.672	27.92
4515	22.719	27.855
4516	22.781	27.868
4517	22.851	27.843
4518	22.947	27.83
4519	23.07	27.807
4520	23.219	27.764
4521	23.378	27.746
4522	23.555	27.768
4523	23.785	27.778
4524	24.03	27.805
4525	24.306	27.838
4526	24.599	27.848
4527	24.926	27.897
4528	25.261	27.889
4529	25.615	27.907
4530	26.689	27.947
4531	27.139	27.861
4532	27.604	27.866
4533	28.073	28.523
4534	28.561	28.46
4535	29.057	28.443
4536	29.58	28.432
4537	30.125	28.382
4538	30.678	28.371
4539	31.251	28.348
4540	31.801	28.363
4541	32.369	28.341
4542	32.917	28.345
4543	33.488	28.352
4544	34.075	28.339
4545	34.637	28.333
4546	35.213	28.269
4547	35.789	28.271
4548	36.277	28.197
4549	36.746	28.178
4550	37.191	28.178
4551	37.592	28.19
4552	37.982	28.132
4553	38.345	28.129
4554	38.642	28.119
4555	37.71	28.098
4556	37.884	28.162
4557	38.014	28.172
4558	38.118	27.56
4559	38.141	27.621
4560	38.18	27.603
4561	38.165	27.56
4562	38.079	27.64
4563	37.982	27.672
4564	37.86	27.709
4565	37.703	27.724
4566	37.501	27.677
4567	37.298	27.692
4568	37.016	27.773
4569	36.712	27.741
4570	36.361	27.812
4571	35.995	27.82
4572	35.595	27.873
4573	35.218	27.966
4574	34.802	27.986
4575	34.369	28.039
4576	33.934	28.034
4577	33.477	28.062
4578	33.005	28.108
4579	32.56	28.093
4580	32.138	28.085
4581	31.67	28.105
4582	31.19	28.124
4583	30.73	28.104
4584	30.271	28.15
4585	29.809	28.153
4586	29.36	28.174
4587	28.92	28.205
4588	28.499	28.239
4589	28.067	28.219
4590	27.661	28.209
4591	27.283	28.254
4592	26.901	28.255
4593	26.531	28.264
4594	26.182	28.308
4595	25.849	28.258
4596	25.52	28.299
4597	25.207	28.225
4598	24.891	28.24
4599	24.607	28.266
4600	24.351	28.265
4601	24.11	28.25
4602	23.875	28.223
4603	23.66	28.198
4604	23.459	28.257
4605	23.274	28.285
4606	23.117	28.274
4607	22.982	28.343
4608	22.856	28.353
4609	22.787	28.289
4610	22.732	28.288
4611	22.681	28.338
4612	22.658	28.281
4613	22.632	28.281
4614	22.643	28.308
4615	22.666	28.377
4616	22.692	28.376
4617	22.747	28.359
4618	22.844	28.285
4619	22.96	28.283
4620	23.106	28.223
4621	23.285	28.191
4622	23.467	28.194
4623	23.716	28.119
4624	23.956	28.086
4625	24.232	28.027
4626	24.542	27.983
4627	24.882	28.583
4628	25.24	28.55
4629	25.611	28.533
4630	26.022	28.503
4631	26.432	28.483
4632	26.876	28.413
4633	27.36	28.317
4634	27.826	28.312
4635	28.317	28.324
4636	28.831	28.28
4637	29.383	28.253
4638	29.96	28.199
4639	30.522	28.185
4640	30.948	28.124
4641	31.564	28.075
4642	32.176	28.082
4643	32.772	28.052
4644	33.348	28.036
4645	33.906	28.085
4646	34.463	28.151
4647	35.053	28.11
4648	35.564	28.148
4649	36.108	28.102
4650	36.572	28.086
4651	36.986	28.156
4652	37.41	27.583
4653	37.795	27.603
4654	38.191	27.556
4655	38.498	27.547
4656	38.806	27.56
4657	39.027	27.599
4658	39.195	27.626
4659	39.316	27.65
4660	39.377	27.614
4661	39.406	27.64
4662	39.361	27.69
4663	39.214	27.742
4664	39.119	27.704
4665	39.166	27.705
4666	38.88	27.724
4667	38.592	27.727
4668	38.26	27.78
4669	37.903	27.794
4670	37.517	27.779
4671	37.087	27.798
4672	36.633	27.792
4673	36.124	27.804
4674	35.585	27.896
4675	35.102	27.914
4676	34.581	27.95
4677	34.032	27.998
4678	33.48	27.98
4679	32.896	28.047
4680	32.335	28.082
4681	31.765	28.13
4682	31.242	28.101
4683	30.715	28.127
4684	30.183	28.176
4685	29.668	28.278
4686	29.171	28.309
4687	28.678	28.337
4688	28.238	28.309
4689	27.77	28.341
4690	27.335	28.36
4691	26.933	28.396
4692	26.544	28.414
4693	26.159	28.415
4694	25.797	28.428
4695	25.455	28.507
4696	25.136	28.473
4697	24.818	28.553
4698	24.558	28.551
4699	24.318	28.525
4700	24.05	28.505
4701	23.828	28.531
4702	23.615	28.531
4703	23.427	28.58
4704	23.269	28.62
4705	23.117	28.619
4706	22.99	28.59
4707	22.878	28.543
4708	22.781	28.54
4709	22.715	28.492
4710	22.664	28.514
4711	22.623	28.471
4712	22.607	28.467
4713	22.61	28.512
4714	22.64	28.445
4715	22.673	28.475
4716	22.725	28.459
4717	22.827	28.419
4718	22.921	28.396
4719	23.048	28.377
4720	23.221	28.293
4721	23.412	28.247
4722	23.622	28.263
4723	23.85	28.242
4724	24.093	28.196
4725	24.375	28.181
4726	24.7	28.084
4727	25.032	28.085
4728	25.381	28.063
4729	25.747	27.967
4730	26.149	27.957
4731	26.392	27.958
4732	26.823	28.039
4733	27.283	28.014
4734	27.772	27.99
4735	28.264	27.898
4736	28.791	27.895
4737	29.326	27.823
4738	29.863	27.714
4739	30.402	27.769
4740	30.97	27.731
4741	31.541	27.725
4742	32.096	27.779
4743	32.704	27.77
4744	33.294	27.773
4745	33.86	27.772
4746	34.395	27.755
4747	34.92	27.755
4748	35.447	27.724
4749	35.946	27.749
4750	36.433	27.787
4751	36.856	27.785
4752	37.279	27.727
4753	37.652	27.71
4754	37.976	27.71
4755	38.289	27.712
4756	38.89	27.666
4757	39.149	27.616
4758	39.296	27.611
4759	39.376	27.65
4760	39.465	27.664
4761	39.464	27.682
4762	39.43	27.73
4763	39.335	27.765
4764	39.207	27.744
4765	39.045	27.707
4766	38.803	27.747
4767	38.529	27.701
4768	38.21	27.715
4769	37.846	27.699
4770	37.413	27.806
4771	36.982	27.866
4772	36.511	27.844
4773	36.032	27.837
4774	35.534	27.863
4775	35.033	27.893
4776	34.499	27.941
4777	33.959	28.048
4778	33.448	28.052
4779	32.906	28.106
4780	32.368	28.057
4781	31.783	28.137
4782	31.196	28.177
4783	30.682	28.244
4784	30.18	28.229
4785	29.658	28.245
4786	29.16	28.304
4787	28.696	28.32
4788	28.25	28.386
4789	27.804	28.408
4790	27.36	28.467
4791	26.951	28.499
4792	26.548	28.537
4793	26.177	28.551
4794	25.83	28.637
4795	25.5	28.55
4796	25.17	28.585
4797	24.907	28.575
4798	24.615	28.645
4799	24.349	28.652
4800	24.126	28.639
4801	23.912	28.627
4802	23.709	28.542
4803	23.516	28.561
4804	23.363	28.558
4805	23.219	28.598
4806	23.114	28.529
4807	23.023	28.506
4808	22.926	28.495
4809	22.835	28.53
4810	22.785	28.554
4811	22.766	28.472
4812	22.725	28.481
4813	22.716	28.429
4814	22.736	28.432
4815	22.776	28.388
4816	22.844	28.336
4817	22.933	28.355
4818	23.017	28.334
4819	23.139	28.331
4820	23.287	28.362
4821	23.469	28.316
4822	23.654	28.325
4823	23.892	28.311
4824	24.149	28.24
4825	24.393	28.199
4826	24.658	28.198
4827	24.966	28.207
4828	25.29	28.203
4829	25.66	28.15
4830	26.042	28.104
4831	26.436	28.146
4832	26.856	28.102
4833	27.303	28.066
4834	27.799	27.97
4835	28.277	27.91
4836	28.779	27.928
4837	29.316	27.886
4838	29.847	27.912
4839	30.407	27.858
4840	30.98	28.343
4841	31.526	28.317
4842	32.089	28.258
4843	32.692	28.295
4844	33.239	28.246
4845	33.815	28.166
4846	34.384	28.152
4847	34.937	28.122
4848	35.484	28.094
4849	35.99	28.16
4850	36.464	28.159
4851	36.962	28.151
4852	37.411	28.093
4853	37.823	28.11
4854	38.172	28.083
4855	38.46	28.098
4856	38.733	28.098
4857	38.954	28.156
4858	39.115	28.183
4859	39.229	28.288
4860	39.291	28.32
4861	39.276	28.353
4862	39.214	28.391
4863	39.145	28.397
4864	38.999	28.419
4865	38.782	27.936
4866	38.578	27.978