1	32.271	27.974
2	31.985	28.052
3	31.704	28.175
4	31.386	28.268
5	31.077	28.453
6	30.762	28.643
7	30.432	28.822
8	30.098	28.984
9	29.735	29.105
10	29.37	29.189
11	29.019	29.236
12	28.657	29.296
13	28.321	29.423
14	27.993	29.545
15	27.669	29.572
16	27.34	29.505
17	27.035	29.436
18	26.72	29.411
19	26.419	29.313
20	26.161	29.321
21	25.948	29.313
22	25.689	29.228
23	25.472	29.203
24	25.298	29.261
25	25.146	29.281
26	25.014	29.3
27	24.902	29.358
28	24.797	29.295
29	24.721	29.234
30	24.655	29.132
31	24.634	29.033
32	24.649	28.973
33	24.685	28.95
34	24.778	28.985
35	24.862	28.909
36	24.973	28.905
37	25.121	28.878
38	25.264	28.742
39	25.45	28.649
40	25.666	28.641
41	25.902	28.68
42	26.137	28.641
43	26.385	28.521
44	26.658	28.474
45	26.939	28.439
46	27.236	28.431
47	27.564	28.445
48	27.901	28.421
49	28.2	28.32
50	28.508	28.201
51	28.847	28.197
52	29.172	28.125
53	29.487	28.096
54	29.804	28.067
55	30.13	28.103
56	30.401	28.094
57	30.69	28.121
58	30.935	28.066
59	31.182	28.073
60	31.446	28.118
61	31.677	28.065
62	31.91	28.088
63	32.135	28.132
64	32.355	28.211
65	32.524	28.156
66	32.704	28.179
67	32.875	28.209
68	33.052	28.254
69	33.229	28.372
70	33.35	28.323
71	33.479	28.345
72	33.602	28.346
73	33.699	28.392
74	33.826	28.484
75	33.969	28.585
76	34.048	28.544
77	34.126	28.564
78	34.229	28.649
79	34.303	28.687
80	34.365	28.705
81	34.452	28.689
82	34.479	28.639
83	34.572	28.741
84	34.584	28.705
85	34.593	28.751
86	34.616	28.904
87	34.587	28.92
88	34.572	29.013
89	34.505	28.971
90	34.444	28.997
91	34.352	29.06
92	34.249	29.129
93	34.141	29.211
94	33.963	29.014
95	33.816	29.106
96	33.657	29.184
97	33.449	29.157
98	33.227	29.164
99	32.957	29.148
100	32.667	29.178
101	32.4	29.268
102	32.101	29.302
103	31.625	29.323
104	31.301	29.366
105	30.987	29.426
106	30.653	29.496
107	30.297	29.528
108	29.906	29.486
109	29.559	29.548
110	29.203	29.553
111	28.834	29.515
112	28.467	29.528
113	28.087	29.435
114	27.746	29.448
115	27.406	29.443
116	27.072	29.354
117	26.766	29.321
118	26.445	29.252
119	26.192	29.41
120	25.939	29.412
121	25.673	29.347
122	25.466	29.405
123	25.264	29.392
124	25.084	29.371
125	24.909	29.275
126	24.771	29.211
127	24.671	29.198
128	24.703	29.151
129	24.65	29.098
130	24.612	29.041
131	24.611	29.042
132	24.644	29.004
133	24.708	28.938
134	24.783	28.875
135	24.888	28.844
136	25.002	28.759
137	25.178	28.793
138	25.356	28.78
139	25.498	28.783
140	25.714	28.747
141	25.962	28.727
142	26.212	28.743
143	26.493	28.732
144	26.735	28.663
145	27.004	28.54
146	27.314	28.518
147	27.608	28.523
148	27.926	28.508
149	28.251	28.458
150	28.605	28.497
151	28.924	28.528
152	29.228	28.458
153	29.524	28.432
154	29.817	28.422
155	30.106	28.356
156	30.393	28.356
157	30.672	28.376
158	30.949	28.39
159	31.227	28.437
160	31.442	28.412
161	31.709	28.458
162	31.906	28.428
163	32.125	28.443
164	32.388	28.48
165	32.599	28.569
166	32.783	28.578
167	32.94	28.562
168	33.09	28.57
169	33.276	28.605
170	33.425	28.663
171	33.571	28.701
172	33.693	28.669
173	33.818	28.693
174	33.948	28.758
175	34.027	28.739
176	34.134	28.76
177	34.265	28.825
178	34.388	28.864
179	34.472	28.853
180	34.53	28.89
181	34.578	28.823
182	34.617	28.819
183	34.624	28.875
184	34.636	28.88
185	34.676	28.979
186	34.655	28.921
187	34.638	28.937
188	34.603	28.942
189	34.548	28.898
190	34.467	28.846
191	34.345	28.884
192	34.227	28.85
193	34.101	28.917
194	33.937	28.914
195	33.772	28.979
196	33.57	28.947
197	33.348	28.964
198	33.129	29.019
199	32.86	29.034
200	32.584	29.041
201	32.301	29.044
202	31.97	29.074
203	31.643	29.129
204	31.315	29.214
205	31.563	29.352
206	31.207	29.464
207	30.853	29.521
208	30.512	29.537
209	30.129	29.454
210	29.764	29.447
211	29.392	29.494
212	29.048	29.543
213	28.701	29.613
214	28.348	29.638
215	28.005	29.692
216	27.698	29.745
217	27.382	29.766
218	27.074	29.727
219	26.78	29.717
220	26.501	29.662
221	26.253	29.692
222	26.008	29.655
223	25.775	29.634
224	25.581	29.572
225	25.413	29.604
226	25.259	29.521
227	25.136	29.434
228	25.02	29.348
229	24.932	29.271
230	24.457	29.094
231	24.426	28.969
232	24.433	28.981
233	24.466	28.918
234	24.536	28.947
235	24.616	28.905
236	24.725	28.85
237	24.842	28.768
238	24.975	28.666
239	25.15	28.597
240	25.339	28.545
241	25.547	28.502
242	25.787	28.492
243	26.032	28.395
244	26.3	28.37
245	26.589	28.365
246	26.864	28.281
247	27.196	28.324
248	27.51	28.289
249	27.835	28.315
250	28.155	28.247
251	28.487	28.294
252	28.82	28.319
253	29.173	28.374
254	29.507	28.405
255	29.819	28.415
256	30.129	28.401
257	30.422	28.327
258	30.682	28.33
259	30.941	28.313
260	31.204	28.271
261	31.456	28.278
262	31.72	28.317
263	31.959	28.312
264	32.166	28.338
265	32.377	28.331
266	32.543	28.256
267	32.72	28.28
268	32.905	28.389
269	33.076	28.415
270	33.205	28.398
271	33.366	28.497
272	33.481	28.48
273	33.622	28.534
274	33.761	28.608
275	33.887	28.673
276	33.991	28.683
277	34.096	28.677
278	34.189	28.687
279	34.285	28.678
280	34.365	28.692
281	34.463	28.799
282	34.498	28.814
283	34.555	28.857
284	34.6	28.917
285	34.617	28.959
286	34.624	29.04
287	34.58	29.024
288	34.548	29.059
289	34.536	29.115
290	34.472	29.206
291	34.347	29.221
292	34.223	29.204
293	34.108	29.236
294	33.954	29.304
295	33.8	29.315
296	33.618	29.319
297	33.421	29.394
298	33.178	29.368
299	32.891	29.295
300	32.618	29.27
301	32.319	29.228
302	32.023	29.291
303	31.686	29.287
304	31.369	29.335
305	31.04	29.385
306	30.693	29.358
307	30.36	29.404
308	30.005	29.39
309	29.626	29.317
310	29.273	29.345
311	28.928	29.359
312	28.583	29.352
313	28.232	29.379
314	27.868	29.338
315	27.537	29.293
316	27.246	29.323
317	26.949	29.341
318	26.651	29.296
319	26.371	29.233
320	26.107	29.26
321	25.854	29.215
322	25.623	29.201
323	25.412	29.121
324	25.248	29.175
325	25.079	29.13
326	24.934	29.149
327	24.814	29.1
328	24.733	29.05
329	24.648	28.965
330	24.622	29.004
331	24.59	28.969
332	24.6	28.889
333	24.648	28.846
334	24.725	28.872
335	24.803	28.797
336	24.904	28.689
337	25.045	28.667
338	25.21	28.657
339	25.415	28.67
340	25.615	28.644
341	25.853	28.679
342	26.098	28.659
343	26.34	28.577
344	26.624	28.589
345	26.911	28.592
346	27.199	28.611
347	27.51	28.525
348	27.826	28.555
349	28.121	28.49
350	28.468	28.556
351	28.81	28.556
352	29.131	28.617
353	29.435	28.598
354	29.745	28.597
355	30.025	28.484
356	30.327	28.433
357	30.629	28.461
358	30.912	28.492
359	31.176	28.532
360	31.417	28.5
361	31.674	28.535
362	31.906	28.584
363	32.11	28.543
364	32.308	28.593
365	32.518	28.613
366	32.708	28.624
367	32.868	28.603
368	33.026	28.628
369	33.175	28.652
370	33.307	28.598
371	33.478	28.591
372	33.602	28.636
373	33.753	28.682
374	33.902	28.653
375	33.978	28.591
376	34.095	28.595
377	34.2	28.537
378	34.293	28.555
379	34.38	28.577
380	34.481	28.678
381	34.554	28.765
382	34.577	28.769
383	34.601	28.743
384	34.645	28.774
385	34.675	28.85
386	34.648	28.836
387	34.626	28.842
388	34.608	29.094
389	34.538	29.059
390	34.432	29.029
391	34.338	29.01
392	34.243	29.05
393	34.116	29.054
394	33.973	29.096
395	33.823	29.169
396	33.615	29.177
397	33.406	29.244
398	33.124	29.192
399	32.87	29.29
400	32.61	29.279
401	32.277	29.26
402	31.974	29.35
403	31.658	29.331
404	31.328	29.338
405	30.985	29.364
406	30.652	29.392
407	30.311	29.438
408	29.959	29.487
409	29.593	29.43
410	29.093	29.471
411	28.744	29.543
412	28.394	29.543
413	28.055	29.398
414	27.727	29.394
415	27.427	29.484
416	27.086	29.431
417	26.781	29.451
418	26.488	29.459
419	26.204	29.461
420	25.952	29.44
421	25.702	29.433
422	25.479	29.337
423	25.836	29.388
424	25.633	29.307
425	25.482	29.359
426	25.357	29.384
427	25.238	29.354
428	25.169	29.41
429	25.123	29.447
430	25.075	29.358
431	25.067	29.333
432	25.086	29.275
433	25.116	29.234
434	25.177	29.202
435	25.378	29.111
436	25.521	29.112
437	25.657	29.05
438	25.818	28.976
439	26.009	29.014
440	26.202	28.923
441	26.461	28.97
442	26.709	28.961
443	26.977	28.996
444	27.254	28.93
445	27.545	28.926
446	27.858	28.953
447	28.162	28.926
448	27.874	28.892
449	28.207	28.903
450	28.521	28.914
451	28.865	28.887
452	29.207	28.881
453	29.507	28.79
454	29.806	28.715
455	30.135	28.734
456	30.413	28.702
457	30.694	28.698
458	31.004	28.711
459	31.257	28.695
460	31.531	28.747
461	31.773	28.738
462	31.995	28.73
463	32.231	28.778
464	32.443	28.762
465	32.633	28.756
466	32.8	28.713
467	32.988	28.666
468	33.167	28.688
469	33.353	28.726
470	33.482	28.7
471	33.615	28.635
472	33.763	28.666
473	33.908	28.666
474	34.008	28.661
475	34.129	28.694
476	34.201	28.671
477	34.262	28.634
478	34.362	28.738
479	34.461	28.788
480	34.52	28.848
481	34.579	28.862
482	34.624	28.872
483	34.663	28.918
484	34.691	28.98
485	34.723	29.028
486	34.695	29.021
487	34.679	29.044
488	34.612	29
489	34.55	29.028
490	34.467	29.036
491	34.37	29.061
492	34.234	29.139
493	34.059	29.11
494	33.877	29.13
495	33.7	29.168
496	33.497	29.217
497	33.26	29.198
498	32.998	29.279
499	32.749	29.286
500	32.449	29.274
501	32.159	29.312
502	31.854	29.367
503	31.516	29.344
504	31.185	29.351
505	30.828	29.297
506	30.487	29.332
507	30.154	29.385
508	29.761	29.349
509	29.432	29.395
510	29.044	29.347
511	28.698	29.395
512	28.351	29.414
513	28.03	29.477
514	27.701	29.468
515	27.387	29.518
516	27.061	29.514
517	26.75	29.453
518	26.473	29.418
519	26.175	29.367
520	25.907	29.284
521	25.665	29.222
522	25.463	29.293
523	25.268	29.256
524	25.093	29.328
525	24.931	29.244
526	24.801	29.206
527	24.705	29.193
528	24.637	29.205
529	24.575	29.26
530	24.537	29.226
531	24.529	29.152
532	24.546	29.156
533	24.599	29.112
534	24.658	29.075
535	24.752	29.013
536	24.858	28.887
537	25.016	28.884
538	25.165	28.807
539	25.336	28.763
540	25.539	28.688
541	25.782	28.713
542	26.018	28.679
543	26.293	28.73
544	26.579	28.702
545	26.888	28.78
546	27.186	28.851
547	27.464	28.765
548	27.764	28.652
549	28.1	28.631
550	28.428	28.632
551	28.743	28.624
552	29.051	28.534
553	29.345	28.48
554	29.669	28.406
555	29.982	28.405
556	30.284	28.372
557	30.553	28.276
558	30.832	28.264
559	31.095	28.197
560	31.348	28.202
561	31.586	28.208
562	31.808	28.179
563	32.037	28.183
564	32.24	28.167
565	32.441	28.211
566	32.6	28.165
567	32.805	28.24
568	32.949	28.158
569	33.119	28.215
570	33.267	28.239
571	33.406	28.169
572	33.557	28.17
573	33.678	28.211
574	33.761	28.171
575	33.886	28.232
576	34.025	28.282
577	34.134	28.333
578	34.249	28.385
579	34.333	28.447
580	34.435	28.491
581	34.514	28.609
582	34.584	28.706
583	34.632	28.711
584	34.679	28.796
585	34.727	28.839
586	34.738	28.944
587	34.695	28.962
588	34.638	28.981
589	34.594	29.031
590	34.509	29.054
591	34.427	29.09
592	34.305	29.11
593	34.173	29.152
594	34.03	29.146
595	33.823	29.122
596	33.62	29.166
597	33.377	29.228
598	33.141	29.24
599	32.895	29.305
600	32.628	29.3
601	32.321	29.325
602	32.002	29.359
603	31.669	29.309
604	31.312	29.272
605	30.953	29.301
606	30.597	29.333
607	30.24	29.325
608	29.891	29.437
609	29.532	29.415
610	29.148	29.406
611	28.784	29.331
612	28.459	29.387
613	28.14	29.429
614	27.801	29.411
615	27.483	29.445
616	27.168	29.46
617	26.862	29.428
618	26.582	29.447
619	26.292	29.482
620	26.05	29.471
621	25.826	29.496
622	25.607	29.452
623	25.406	29.468
624	25.217	29.366
625	25.052	29.342
626	24.919	29.334
627	24.796	29.278
628	24.713	29.342
629	24.667	29.338
630	24.641	29.289
631	24.626	29.238
632	24.643	29.207
633	24.68	29.158
634	24.737	29.125
635	24.843	29.093
636	24.965	29.118
637	25.091	29.006
638	25.228	28.917
639	25.391	28.84
640	25.588	28.764
641	25.812	28.728
642	26.05	28.711
643	26.285	28.666
644	26.571	28.643
645	26.835	28.57
646	27.117	28.523
647	27.426	28.512
648	27.744	28.485
649	28.068	28.546
650	28.399	28.54
651	28.719	28.523
652	29.052	28.508
653	29.372	28.447
654	29.67	28.364
655	29.965	28.373
656	30.259	28.274
657	30.543	28.211
658	30.8	28.163
659	31.057	28.134
660	31.309	28.107
661	31.56	28.114
662	31.799	28.133
663	32.016	28.128
664	32.241	28.157
665	32.45	28.224
666	32.645	28.258
667	32.843	28.274
668	33.032	28.304
669	33.193	28.331
670	33.365	28.43
671	33.524	28.426
672	33.658	28.434
673	33.8	28.438
674	33.922	28.38
675	34.025	28.419
676	34.173	28.478
677	34.306	28.558
678	34.429	28.609
679	34.517	28.638
680	34.581	28.623
681	34.655	28.65
682	34.715	28.683
683	34.764	28.709
684	34.83	28.772
685	34.822	28.85
686	34.804	28.905
687	34.766	28.948
688	34.728	28.984
689	34.66	29.004
690	34.6	29.012
691	34.493	28.996
692	34.361	29.031
693	34.227	29.077
694	34.038	29
695	33.839	29.031
696	33.624	29.083
697	33.413	29.119
698	33.158	29.178
699	32.885	29.255
700	32.597	29.289
701	32.238	29.191
702	31.911	29.204
703	31.565	29.198
704	31.226	29.195
705	30.883	29.251
706	30.512	29.293
707	30.17	29.405
708	29.819	29.439
709	29.445	29.445
710	29.089	29.424
711	28.724	29.37
712	28.394	29.42
713	28.08	29.515
714	27.757	29.496
715	27.415	29.493
716	27.111	29.493
717	26.811	29.518
718	26.505	29.469
719	26.24	29.493
720	25.972	29.402
721	25.727	29.35
722	25.512	29.417
723	25.309	29.334
724	25.149	29.315
725	25.005	29.28
726	24.869	29.283
727	24.752	29.189
728	24.654	29.14
729	24.595	29.135
730	24.558	29.043
731	24.564	28.984
732	24.569	28.887
733	24.613	28.815
734	24.666	28.75
735	24.776	28.752
736	24.908	28.706
737	25.036	28.633
738	25.199	28.561
739	25.372	28.562
740	25.567	28.521
741	25.792	28.529
742	26.024	28.466
743	26.295	28.494
744	26.553	28.444
745	26.854	28.41
746	27.164	28.422
747	27.452	28.298
748	27.774	28.323
749	28.068	28.265
750	28.383	28.221
751	28.728	28.236
752	29.061	28.237
753	29.397	28.223
754	29.725	28.314
755	30.053	28.342
756	30.344	28.362
757	30.637	28.345
758	30.941	28.405
759	31.214	28.374
760	31.463	28.319
761	31.713	28.396
762	31.964	28.414
763	32.161	28.36
764	32.394	28.363
765	32.599	28.357
766	32.78	28.359
767	32.972	28.391
768	33.12	28.362
769	33.283	28.372
770	33.435	28.353
771	33.581	28.347
772	33.756	28.429
773	33.863	28.43
774	34.021	28.517
775	34.12	28.505
776	34.241	28.551
777	34.364	28.643
778	33.924	28.709
779	34.022	28.699
780	34.109	28.771
781	34.213	28.825
782	34.272	28.849
783	34.311	28.882
784	34.397	28.937
785	34.416	28.953
786	34.409	28.913
787	34.386	28.91
788	34.363	28.97
789	34.342	29.071
790	34.285	29.119
791	34.19	29.117
792	34.098	29.126
793	34.001	29.216
794	33.882	29.266
795	33.721	29.39
796	33.519	29.454
797	33.277	29.436
798	33.063	29.463
799	32.802	29.462
800	32.562	29.571
801	32.263	29.538
802	31.948	29.518
803	32.123	29.515
804	31.788	29.566
805	31.43	29.497
806	31.054	29.489
807	30.719	29.57
808	30.355	29.559
809	29.95	29.545
810	29.615	29.651
811	29.284	29.722
812	28.925	29.717
813	28.585	29.706
814	28.215	29.622
815	27.869	29.525
816	27.544	29.49
817	27.21	29.398
818	26.91	29.347
819	26.602	29.339
820	26.328	29.275
821	26.06	28.983
822	25.827	28.985
823	25.61	29.031
824	25.396	28.975
825	25.213	28.914
826	25.056	28.925
827	24.92	28.931
828	24.8	28.946
829	24.695	28.818
830	24.626	28.78
831	24.606	28.84
832	24.563	28.747
833	24.572	28.721
834	24.622	28.745
835	24.675	28.672
836	24.75	28.631
837	24.86	28.602
838	24.992	28.603
839	25.14	28.56
840	25.314	28.581
841	25.514	28.599
842	25.734	28.622
843	25.951	28.552
844	26.21	28.558
845	26.48	28.559
846	26.768	28.775
847	27.071	28.789
848	27.355	28.669
849	27.671	28.621
850	27.996	28.622
851	28.322	28.584
852	28.634	28.479
853	28.936	28.391
854	29.241	28.395
855	29.562	28.459
856	29.855	28.421
857	30.174	28.424
858	30.465	28.39
859	30.734	28.354
860	30.993	28.386
861	31.221	28.347
862	31.482	28.405
863	31.721	28.453
864	31.946	28.49
865	32.161	28.465
866	32.348	28.444
867	32.519	28.424
868	32.695	28.437
869	32.88	28.451
870	33.033	28.461
871	33.192	28.53
872	33.33	28.517
873	33.482	28.534
874	33.638	28.62
875	33.74	28.627
876	33.841	28.652
877	33.971	28.754
878	34.098	28.806
879	34.227	28.841
880	34.296	28.799
881	34.372	28.777
882	34.432	28.825
883	34.482	28.806
884	34.534	28.86
885	34.594	28.912
886	34.633	28.916
887	34.627	28.948
888	34.605	28.912
889	34.575	28.896
890	34.544	29.014
891	34.506	29.09
892	34.44	29.169
893	34.336	29.198
894	34.181	29.207
895	34.015	29.22
896	33.825	29.159
897	33.62	29.172
898	33.423	29.286
899	33.171	29.329
900	32.91	29.291
901	32.64	29.316
902	32.337	29.375
903	32.044	29.44
904	31.708	29.442
905	31.414	29.51
906	31.068	29.483
907	30.725	29.49
908	30.357	29.518
909	30.015	29.51
910	29.647	29.487
911	29.293	29.474
912	28.93	29.396
913	28.592	29.4
914	28.26	29.495
915	27.915	29.473
916	27.573	29.391
917	27.247	29.391
918	26.934	29.382
919	26.632	29.334
920	26.37	29.381
921	26.114	29.425
922	25.868	29.401
923	25.644	29.354
924	25.437	29.329
925	25.254	29.364
926	25.086	29.323
927	24.953	29.239
928	24.825	29.212
929	24.746	29.252
930	24.649	29.18
931	24.606	29.177
932	24.585	29.078
933	24.608	29.102
934	24.619	29.065
935	24.662	28.967
936	24.737	28.981
937	24.84	28.978
938	24.963	28.98
939	25.106	28.9
940	25.261	28.818
941	25.458	28.848
942	25.668	28.76
943	25.909	28.803
944	26.161	28.843
945	26.417	28.805
946	26.689	28.721
947	26.971	28.642
948	27.253	28.591
949	27.547	28.534
950	27.866	28.527
951	28.185	28.489
952	28.482	28.419
953	28.798	28.394
954	29.113	28.357
955	29.446	28.378
956	29.765	28.397
957	30.068	28.446
958	30.347	28.438
959	30.624	28.405
960	30.874	28.439
961	31.135	28.413
962	31.385	28.43
963	31.615	28.457
964	31.839	28.433
965	32.058	28.461
966	32.257	28.47
967	32.44	28.447
968	32.605	28.393
969	32.784	28.411
970	32.949	28.434
971	33.132	28.534
972	33.292	28.585
973	33.445	28.671
974	33.591	28.707
975	33.717	28.738
976	33.846	28.762
977	33.96	28.8
978	34.059	28.752
979	34.163	28.765
980	34.249	28.751
981	34.323	28.717
982	34.417	28.751
983	34.497	28.768
984	34.575	28.896
985	34.646	28.929
986	34.687	28.991
987	34.701	29.012
988	34.687	29.034
989	34.676	29.083
990	34.642	29.118
991	34.59	29.157
992	34.529	29.276
993	34.416	29.285
994	34.283	29.231
995	34.126	29.24
996	33.94	29.258
997	33.761	29.353
998	33.533	29.363
999	33.31	29.432
1000	33.063	29.443
1001	32.793	29.506
1002	32.514	29.549
1003	32.189	29.623
1004	31.791	29.635
1005	31.473	29.733
1006	31.139	29.782
1007	30.786	29.829
1008	30.423	29.792
1009	30.047	29.723
1010	29.696	29.777
1011	29.344	29.807
1012	28.992	29.795
1013	28.626	29.717
1014	28.276	29.772
1015	27.938	29.769
1016	27.613	29.761
1017	27.292	29.715
1018	27.002	29.799
1019	26.727	29.845
1020	26.463	29.804
1021	26.188	29.685
1022	25.931	29.575
1023	25.704	29.512
1024	25.486	29.432
1025	25.281	29.364
1026	25.105	29.305
1027	24.972	29.321
1028	24.884	29.276
1029	24.838	29.302
1030	24.753	29.222
1031	24.696	29.198
1032	24.671	29.182
1033	24.683	29.171
1034	24.724	29.172
1035	24.763	29.075
1036	24.825	28.956
1037	24.92	28.931
1038	25.067	28.918
1039	25.203	28.816
1040	25.375	28.772
1041	25.559	28.73
1042	25.755	28.672
1043	25.985	28.646
1044	26.204	28.596
1045	26.45	28.562
1046	26.735	28.645
1047	27.009	28.605
1048	27.304	28.556
1049	27.604	28.555
1050	27.925	28.533
1051	28.238	28.686
1052	28.559	28.654
1053	28.872	28.638
1054	29.174	28.548
1055	29.501	28.55
1056	29.805	28.548
1057	30.086	28.51
1058	30.37	28.531
1059	30.641	28.456
1060	30.915	28.487
1061	31.191	28.571
1062	31.444	28.612
1063	31.657	28.568
1064	31.886	28.62
1065	32.097	28.617
1066	32.284	28.607
1067	32.474	28.609
1068	32.651	28.616
1069	32.834	28.657
1070	33.001	28.667
1071	33.161	28.624
1072	33.331	28.751
1073	33.493	28.788
1074	33.631	28.734
1075	33.764	28.819
1076	33.918	28.727
1077	34	28.703
1078	34.107	28.74
1079	34.221	28.773
1080	34.293	28.777
1081	34.389	28.798
1082	34.478	28.799
1083	34.539	28.839
1084	34.601	28.982
1085	34.656	28.982
1086	34.661	29.01
1087	34.677	29.022
1088	34.681	29.106
1089	34.67	29.18
1090	34.614	29.194
1091	34.529	29.197
1092	34.447	29.206
1093	34.328	29.116
1094	34.189	29.078
1095	34.041	29.169
1096	33.836	29.174
1097	33.632	29.141
1098	33.409	29.187
1099	33.18	29.275
1100	32.898	29.212
1101	32.613	29.206
1102	32.33	29.599
1103	32.03	29.627
1104	31.688	29.708
1105	31.365	29.74
1106	31.038	29.761
1107	30.705	29.821
1108	30.378	29.852
1109	30.018	29.754
1110	29.662	29.807
1111	29.308	29.76
1112	28.964	29.739
1113	28.633	29.79
1114	28.271	29.695
1115	27.954	29.696
1116	27.634	29.662
1117	27.326	29.695
1118	27.042	29.781
1119	26.759	29.799
1120	26.461	29.728
1121	26.21	29.751
1122	25.973	29.682
1123	25.756	29.694
1124	25.561	29.663
1125	25.394	29.705
1126	25.231	29.655
1127	25.1	29.331
1128	24.985	29.298
1129	24.895	29.193
1130	24.824	29.174
1131	24.779	29.209
1132	24.763	29.163
1133	24.756	29.145
1134	24.789	29.119
1135	24.842	29.044
1136	24.938	29.065
1137	25.022	29.012
1138	25.141	28.921
1139	25.294	28.857
1140	25.438	28.813
1141	25.634	28.88
1142	25.845	28.934
1143	26.069	28.884
1144	26.301	28.842
1145	26.572	28.81
1146	26.833	28.755
1147	27.097	28.753
1148	27.368	28.643
1149	27.658	28.651
1150	27.963	28.594
1151	28.261	28.521
1152	28.581	28.45
1153	28.884	28.47
1154	29.216	28.462
1155	29.537	28.429
1156	29.831	28.308
1157	30.114	28.309
1158	30.403	28.273
1159	30.687	28.354
1160	30.932	28.331
1161	31.149	28.262
1162	31.383	28.278
1163	31.594	28.276
1164	31.833	28.338
1165	32.064	28.388
1166	32.248	28.332
1167	32.431	28.229
1168	32.608	28.227
1169	32.823	28.284
1170	32.984	28.245
1171	33.171	28.268
1172	33.343	28.296
1173	33.493	28.332
1174	33.615	28.284
1175	33.732	28.3
1176	33.869	28.343
1177	33.977	28.347
1178	34.091	28.284
1179	34.207	28.352
1180	34.293	28.367
1181	34.377	28.454
1182	34.449	28.498
1183	34.516	28.556
1184	34.559	28.538
1185	34.608	28.559
1186	34.654	28.619
1187	34.672	28.605
1188	34.688	28.666
1189	34.659	28.732
1190	34.634	28.757
1191	34.608	28.84
1192	34.497	28.901
1193	34.371	28.892
1194	34.204	28.875
1195	34.054	28.978
1196	33.863	29.028
1197	33.664	29.03
1198	33.434	29.086
1199	33.222	29.187
1200	32.975	29.234
1201	32.689	29.289
1202	32.394	29.352
1203	32.087	29.443
1204	31.745	29.395
1205	31.4	29.385
1206	31.054	29.355
1207	30.69	29.302
1208	30.326	29.268
1209	29.968	29.27
1210	29.615	29.25
1211	29.257	29.238
1212	28.92	29.341
1213	28.548	29.291
1214	28.203	29.23
1215	27.846	29.195
1216	27.51	29.164
1217	27.202	29.15
1218	26.905	29.148
1219	26.615	29.109
1220	26.355	29.114
1221	26.108	29.127
1222	25.871	29.118
1223	25.669	29.107
1224	25.465	29.093
1225	25.292	29.092
1226	25.138	29.074
1227	24.995	28.998
1228	24.874	28.908
1229	24.804	28.956
1230	24.743	28.919
1231	24.709	28.936
1232	24.705	28.899
1233	24.717	28.849
1234	24.751	28.816
1235	24.811	28.821
1236	24.885	28.793
1237	24.974	28.679
1238	25.117	28.693
1239	25.26	28.637
1240	25.442	28.615
1241	25.625	28.573
1242	25.828	28.528
1243	26.057	28.564
1244	26.295	28.566
1245	26.554	28.514
1246	26.829	28.464
1247	27.102	28.45
1248	27.399	28.419
1249	27.7	28.393
1250	28.001	28.343
1251	28.295	28.295
1252	28.6	28.318
1253	28.922	28.342
1254	29.212	28.3
1255	29.503	28.308
1256	29.82	28.303
1257	30.117	28.359
1258	30.397	28.379
1259	30.654	28.358
1260	30.931	28.417
1261	31.196	28.436
1262	31.448	28.499
1263	31.663	28.44
1264	31.899	28.527
1265	32.12	28.54
1266	32.32	28.515
1267	32.54	28.599
1268	32.718	28.577
1269	32.921	28.607
1270	33.059	28.591
1271	33.211	28.592
1272	33.369	28.629
1273	33.513	28.667
1274	33.647	28.656
1275	33.784	28.721
1276	33.932	28.774
1277	34.085	28.78
1278	34.188	28.799
1279	34.306	28.877
1280	34.426	28.917
1281	34.512	28.968
1282	34.599	28.974
1283	34.68	28.971
1284	34.763	29.058
1285	34.782	29.034
1286	34.8	29.001
1287	34.82	29.016
1288	34.845	29.132
1289	34.814	29.115
1290	34.737	29.142
1291	34.66	29.191
1292	34.554	29.131
1293	34.451	29.167
1294	34.293	29.206
1295	34.172	29.29
1296	33.978	29.281
1297	33.76	29.279
1298	33.509	29.293
1299	33.279	29.314
1300	33.006	29.291
1301	32.738	29.318
1302	32.433	29.403
1303	32.129	29.487
1304	31.791	29.404
1305	31.469	29.472
1306	31.11	29.479
1307	30.757	29.476
1308	30.394	29.521
1309	30.046	29.518
1310	29.708	29.526
1311	29.363	29.609
1312	28.999	29.616
1313	28.632	29.605
1314	28.277	29.562
1315	27.967	29.558
1316	27.64	29.535
1317	27.335	29.614
1318	27.025	29.599
1319	26.747	29.564
1320	26.459	29.515
1321	26.203	29.51
1322	25.978	29.567
1323	25.762	29.563
1324	25.544	29.553
1325	25.364	29.582
1326	25.184	29.554
1327	25.038	29.506
1328	24.928	29.415
1329	24.84	29.425
1330	24.756	29.337
1331	24.721	29.34
1332	24.686	29.246
1333	24.698	29.19
1334	24.722	29.176
1335	24.776	29.153
1336	24.837	29.074
1337	24.939	28.971
1338	25.062	28.859
1339	25.212	28.821
1340	25.358	28.781
1341	25.552	28.789
1342	25.751	28.7
1343	25.983	28.734
1344	26.24	28.759
1345	26.51	28.741
1346	26.77	28.726
1347	27.046	28.638
1348	27.325	28.567
1349	27.632	28.472
1350	27.952	28.425
1351	28.269	28.363
1352	28.587	28.315
1353	28.878	28.273
1354	29.184	28.268
1355	29.486	28.265
1356	29.77	28.151
1357	30.068	28.168
1358	30.334	28.154
1359	30.602	28.078
1360	30.845	28.047
1361	31.13	28.061
1362	31.366	28.121
1363	31.598	28.179
1364	31.821	28.226
1365	32.057	28.297
1366	32.263	28.286
1367	32.443	28.305
1368	32.628	28.302
1369	32.784	28.276
1370	32.938	28.296
1371	33.136	28.376
1372	33.296	28.389
1373	33.457	28.415
1374	33.587	28.456
1375	33.677	28.429
1376	33.796	28.468
1377	33.932	28.51
1378	34.064	28.523
1379	34.154	28.511
1380	34.256	28.524
1381	34.366	28.585
1382	34.45	28.651
1383	34.514	28.665
1384	34.58	28.725
1385	34.625	28.737
1386	34.63	28.724
1387	34.67	28.781
1388	34.672	28.836
1389	34.67	28.925
1390	34.637	28.942
1391	34.592	28.983
1392	34.519	29.032
1393	34.43	29.058
1394	34.314	29.116
1395	34.157	29.117
1396	33.939	29.078
1397	33.753	29.131
1398	33.547	29.178
1399	33.315	29.274
1400	33.101	29.364
1401	32.831	29.366
1402	32.502	29.338
1403	32.177	29.373
1404	31.886	29.434
1405	31.551	29.445
1406	31.191	29.405
1407	30.851	29.446
1408	30.519	29.546
1409	30.152	29.548
1410	29.804	29.552
1411	29.442	29.567
1412	29.062	29.512
1413	28.733	29.538
1414	28.369	29.452
1415	28.009	29.403
1416	27.682	29.403
1417	27.377	29.367
1418	27.057	29.333
1419	26.762	29.285
1420	26.497	29.305
1421	26.245	29.295
1422	25.971	29.253
1423	25.748	29.275
1424	25.536	29.178
1425	25.333	29.139
1426	25.17	29.103
1427	25.039	29.115
1428	24.941	29.14
1429	24.836	29.135
1430	24.77	29.112
1431	24.729	29.147
1432	24.702	29.101
1433	24.696	28.995
1434	24.726	28.956
1435	24.77	28.962
1436	24.858	28.964
1437	24.961	28.938
1438	25.075	28.818
1439	25.224	28.816
1440	25.395	28.751
1441	25.573	28.736
1442	25.777	28.762
1443	26.003	28.756
1444	26.251	28.734
1445	26.502	28.724
1446	26.794	28.743
1447	27.117	28.778
1448	27.39	28.681
1449	27.705	28.695
1450	28.021	28.659
1451	28.333	28.653
1452	28.643	28.583
1453	28.943	28.59
1454	29.264	28.55
1455	29.581	28.536
1456	29.871	28.505
1457	30.155	28.478
1458	30.438	28.468
1459	30.738	28.52
1460	31.021	28.533
1461	31.295	28.566
1462	31.544	28.594
1463	31.76	28.616
1464	31.967	28.602
1465	32.177	28.609
1466	32.383	28.586
1467	32.55	28.53
1468	32.71	28.492
1469	32.884	28.551
1470	33.045	28.526
1471	33.205	28.555
1472	33.355	28.563
1473	33.534	28.624
1474	33.661	28.606
1475	33.802	28.662
1476	33.935	28.747
1477	34.082	28.854
1478	34.205	28.838
1479	34.309	28.917
1480	34.416	28.989
1481	34.529	29.033
1482	34.609	29.042
1483	34.676	29.037
1484	34.699	29.039
1485	34.732	29.049
1486	34.736	29.086
1487	34.757	29.098
1488	34.778	29.191
1489	34.763	29.203
1490	34.739	29.271
1491	34.657	29.278
1492	34.602	29.398
1493	34.496	29.411
1494	34.364	29.423
1495	34.181	29.417
1496	33.992	29.401
1497	33.762	29.379
1498	33.514	29.393
1499	33.256	29.43
1500	32.97	29.415
1501	32.674	29.384
1502	32.379	29.403
1503	32.047	29.39
1504	31.72	29.353
1505	31.37	29.327
1506	31.021	29.355
1507	30.682	29.373
1508	30.329	29.375
1509	29.975	29.303
1510	29.613	29.275
1511	29.271	29.286
1512	28.912	29.25
1513	28.546	29.164
1514	28.215	29.248
1515	27.871	29.243
1516	27.552	29.208
1517	27.23	29.086
1518	26.957	29.149
1519	26.672	29.152
1520	26.416	29.202
1521	26.156	29.177
1522	25.923	29.17
1523	25.708	29.165
1524	25.513	29.127
1525	25.337	29.064
1526	25.184	29.042
1527	25.039	29.032
1528	24.922	29.009
1529	24.816	28.95
1530	24.76	29.013
1531	24.725	29.023
1532	24.706	29.006
1533	24.714	28.971
1534	24.746	29.006
1535	24.818	29.037
1536	24.888	28.946
1537	24.998	28.959
1538	25.13	29.004
1539	25.286	28.947
1540	25.465	28.97
1541	25.659	28.993
1542	25.869	28.995
1543	26.081	28.964
1544	26.308	28.881
1545	26.573	28.817
1546	26.848	28.837
1547	27.124	28.805
1548	27.418	28.813
1549	27.73	28.816
1550	28.023	28.784
1551	28.35	28.853
1552	28.666	28.806
1553	29.003	28.834
1554	29.321	28.85
1555	29.62	28.761
1556	29.905	28.698
1557	30.186	28.653
1558	30.479	28.7
1559	30.771	28.722
1560	31.01	28.7
1561	31.269	28.777
1562	31.492	28.749
1563	31.737	28.739
1564	31.944	28.71
1565	32.143	28.69
1566	32.33	28.664
1567	32.519	28.657
1568	32.7	28.663
1569	32.873	28.681
1570	33.028	28.67
1571	33.173	28.652
1572	33.344	28.719
1573	33.489	28.72
1574	33.625	28.783
1575	33.763	28.838
1576	33.885	28.809
1577	33.996	28.834
1578	34.083	28.802
1579	34.179	28.797
1580	34.279	28.821
1581	34.388	28.9
1582	34.476	28.9
1583	34.544	28.953
1584	34.599	28.964
1585	34.649	29.01
1586	34.684	28.986
1587	34.7	29.024
1588	34.694	29.058
1589	34.656	29.079
1590	34.595	29.079
1591	34.536	29.195
1592	34.452	29.296
1593	34.333	29.29
1594	34.195	29.271
1595	34.016	29.306
1596	33.819	29.312
1597	33.591	29.288
1598	33.357	29.227
1599	33.123	29.283
1600	32.872	29.29
1601	32.601	29.303
1602	32.318	29.331
1603	32.04	29.399
1604	31.741	29.457
1605	31.388	29.445
1606	31.044	29.385
1607	30.682	29.434
1608	30.326	29.451
1609	29.964	29.411
1610	29.628	29.446
1611	29.273	29.454
1612	28.933	29.499
1613	28.576	29.425
1614	28.243	29.387
1615	27.912	29.368
1616	27.602	29.367
1617	27.3	29.332
1618	27.008	29.36
1619	26.731	29.446
1620	26.48	29.444
1621	26.251	29.495
1622	26.03	29.56
1623	25.824	29.615
1624	25.624	29.57
1625	25.446	29.553
1626	25.258	29.51
1627	25.114	29.46
1628	24.989	29.483
1629	24.902	29.452
1630	24.854	29.458
1631	24.808	29.438
1632	24.813	29.452
1633	24.806	29.383
1634	24.839	29.378
1635	24.88	29.305
1636	24.949	29.284
1637	25.048	29.254
1638	25.173	29.279
1639	25.31	29.293
1640	25.484	29.287
1641	25.665	29.205
1642	25.86	29.173
1643	26.071	29.126
1644	26.291	29.02
1645	26.557	29.073
1646	26.833	29.044
1647	27.111	28.927
1648	27.397	28.935
1649	27.704	28.888
1650	28.011	28.898
1651	28.336	28.873
1652	28.647	28.799
1653	28.96	28.738
1654	29.272	28.754
1655	29.566	28.731
1656	29.851	28.698
1657	30.116	28.626
1658	30.418	28.666
1659	30.685	28.679
1660	30.942	28.702
1661	31.198	28.683
1662	31.438	28.606
1663	31.651	28.563
1664	31.893	28.582
1665	32.107	28.631
1666	32.299	28.66
1667	32.49	28.681
1668	32.713	28.716
1669	32.922	28.777
1670	33.099	28.747
1671	33.235	28.665
1672	33.383	28.709
1673	33.508	28.658
1674	33.65	28.7
1675	33.777	28.707
1676	33.916	28.737
1677	34.055	28.835
1678	34.171	28.811
1679	34.277	28.841
1680	34.391	28.924
1681	34.487	28.971
1682	34.59	29.045
1683	34.639	29.013
1684	34.686	28.984
1685	34.73	28.944
1686	34.771	28.974
1687	34.768	29.035
1688	34.79	29.124
1689	34.736	29.115
1690	34.714	29.149
1691	34.636	29.123
1692	34.548	29.208
1693	34.408	29.134
1694	34.246	29.098
1695	34.083	29.138
1696	33.913	29.271
1697	33.721	29.353
1698	33.497	29.379
1699	33.229	29.354
1700	32.975	29.423
1701	32.693	29.439
1702	32.387	29.49
1703	32.075	29.562
1704	31.73	29.507
1705	31.389	29.527
1706	31.066	29.538
1707	30.726	29.584
1708	30.398	29.641
1709	30.044	29.669
1710	29.709	29.723
1711	29.358	29.753
1712	29.021	29.772
1713	28.653	29.734
1714	28.322	29.761
1715	27.964	29.684
1716	27.653	29.716
1717	27.339	29.65
1718	27.043	29.696
1719	26.76	29.679
1720	26.481	29.649
1721	26.206	29.586
1722	25.945	29.473
1723	25.737	29.516
1724	25.535	29.546
1725	25.344	29.432
1726	25.193	29.468
1727	25.056	29.42
1728	24.928	29.384
1729	24.838	29.34
1730	24.776	29.296
1731	24.718	29.287
1732	24.703	29.219
1733	24.699	29.125
1734	24.743	29.181
1735	24.788	29.172
1736	24.858	29.089
1737	24.954	29.081
1738	25.088	29.046
1739	25.248	29.002
1740	25.426	29.031
1741	25.613	29.063
1742	25.821	29.035
1743	26.038	29.036
1744	26.278	29.091
1745	26.52	29.063
1746	26.799	29.039
1747	27.083	29.025
1748	27.382	28.948
1749	27.679	28.811
1750	27.996	28.895
1751	28.29	28.78
1752	28.6	28.705
1753	28.924	28.675
1754	29.244	28.66
1755	29.53	28.58
1756	29.824	28.536
1757	30.082	28.483
1758	30.353	28.499
1759	30.614	28.382
1760	30.889	28.372
1761	31.125	28.325
1762	31.357	28.275
1763	31.583	28.287
1764	31.789	28.294
1765	31.995	28.308
1766	32.184	28.263
1767	32.364	28.229
1768	32.563	28.22
1769	32.735	28.166
1770	32.922	28.21
1771	33.08	28.192
1772	33.26	28.165
1773	33.397	28.217
1774	33.546	28.313
1775	33.684	28.32
1776	33.84	28.435
1777	33.944	28.462
1778	34.076	28.498
1779	34.202	28.579
1780	34.312	28.576
1781	34.404	28.596
1782	34.503	28.6
1783	34.573	28.639
1784	34.617	28.672
1785	34.641	28.657
1786	34.702	28.804
1787	34.727	28.867
1788	34.716	28.88
1789	34.696	28.966
1790	34.65	28.963
1791	34.577	28.973
1792	34.508	29.086
1793	34.364	29.088
1794	34.255	29.177
1795	34.073	29.104
1796	33.898	29.16
1797	33.69	29.24
1798	33.447	29.244
1799	33.194	29.253
1800	32.93	29.276
1801	32.64	29.297
1802	32.348	29.308
1803	32.027	29.294
1804	31.707	29.339
1805	31.399	29.407
1806	31.075	29.439
1807	30.725	29.496
1808	30.392	29.517
1809	30.06	29.572
1810	29.72	29.606
1811	29.37	29.618
1812	29.04	29.639
1813	28.703	29.633
1814	28.351	29.558
1815	28.034	29.594
1816	27.737	29.624
1817	27.432	29.563
1818	27.165	29.591
1819	26.86	29.537
1820	26.591	29.549
1821	26.337	29.547
1822	26.098	29.565
1823	25.874	29.534
1824	25.679	29.543
1825	25.493	29.492
1826	25.329	29.416
1827	25.185	29.43
1828	25.06	29.43
1829	24.961	29.429
1830	24.87	29.371
1831	24.813	29.324
1832	24.803	29.361
1833	24.807	29.333
1834	24.838	29.306
1835	24.864	29.247
1836	24.914	29.142
1837	25	29.061
1838	25.131	29.086
1839	25.289	29.09
1840	25.451	29.035
1841	25.615	28.978
1842	25.791	28.933
1843	25.974	28.858
1844	26.205	28.817
1845	26.451	28.79
1846	26.725	28.773
1847	26.991	28.695
1848	27.308	28.675
1849	27.593	28.612
1850	27.89	28.559
1851	28.208	28.553
1852	28.52	28.504
1853	28.853	28.503
1854	29.145	28.397
1855	29.469	28.431
1856	29.785	28.488
1857	30.069	28.463
1858	30.365	28.457
1859	30.644	28.499
1860	30.927	28.516
1861	31.184	28.464
1862	31.428	28.524
1863	31.638	28.521
1864	31.868	28.555
1865	32.048	28.508
1866	32.269	28.477
1867	32.483	28.447
1868	32.699	28.467
1869	32.909	28.506
1870	33.075	28.492
1871	33.213	28.429
1872	33.38	28.467
1873	33.52	28.509
1874	33.708	28.58
1875	33.881	28.654
1876	33.993	28.633
1877	34.133	28.661
1878	34.227	28.653
1879	34.334	28.704
1880	34.426	28.717
1881	34.513	28.735
1882	34.575	28.705
1883	34.628	28.744
1884	34.673	28.745
1885	34.693	28.751
1886	34.721	28.779
1887	34.719	28.74
1888	34.715	28.739
1889	34.646	28.707
1890	34.612	28.752
1891	34.543	28.859
1892	34.449	28.981
1893	34.329	28.971
1894	34.175	28.961
1895	34.045	29.038
1896	33.872	29.149
1897	33.661	29.166
1898	33.421	29.14
1899	33.144	29.129
1900	32.846	29.119
1901	32.56	29.138
1902	32.256	29.189
1903	31.932	29.186
1904	31.604	29.183
1905	31.286	29.242
1906	30.929	29.206
1907	30.593	29.219
1908	30.254	29.261
1909	29.886	29.196
1910	29.547	29.19
1911	29.196	29.28
1912	28.847	29.312
1913	28.516	29.354
1914	28.182	29.35
1915	27.857	29.352
1916	27.547	29.323
1917	27.239	29.296
1918	26.944	29.357
1919	26.649	29.357
1920	26.376	29.33
1921	26.115	29.234
1922	25.881	29.19
1923	25.661	29.172
1924	25.465	29.19
1925	25.296	29.155
1926	25.141	29.16
1927	25.007	29.112
1928	24.907	29.126
1929	24.833	29.152
1930	24.765	29.134
1931	24.724	29.092
1932	24.726	29.127
1933	24.73	29.056
1934	24.768	29.022
1935	24.825	29.038
1936	24.911	28.995
1937	25.021	28.999
1938	25.134	28.936
1939	25.302	28.971
1940	25.483	28.98
1941	25.652	28.879
1942	25.864	28.818
1943	26.082	28.707
1944	26.333	28.706
1945	26.585	28.632
1946	26.864	28.658
1947	27.148	28.668
1948	27.448	28.684
1949	27.754	28.636
1950	28.053	28.602
1951	28.364	28.602
1952	28.68	28.646
1953	28.991	28.613
1954	29.315	28.605
1955	29.615	28.573
1956	29.937	28.645
1957	30.206	28.538
1958	30.483	28.565
1959	30.75	28.581
1960	31.01	28.51
1961	31.264	28.518
1962	31.521	28.522
1963	31.765	28.569
1964	31.974	28.586
1965	32.149	28.548
1966	32.374	28.648
1967	32.568	28.693
1968	32.757	28.713
1969	32.951	28.788
1970	33.139	28.898
1971	33.296	28.868
1972	33.462	28.866
1973	33.627	28.921
1974	33.761	28.939
1975	33.915	28.988
1976	34.06	28.996
1977	34.163	28.942
1978	34.3	29.013
1979	34.388	29.021
1980	34.495	29.021
1981	34.581	29.009
1982	34.686	29.142
1983	34.758	29.116
1984	34.834	29.214
1985	34.899	29.321
1986	34.919	29.339
1987	34.931	29.38
1988	34.91	29.309
1989	34.876	29.294
1990	34.855	29.359
1991	34.754	29.342
1992	34.648	29.345
1993	34.534	29.42
1994	34.39	29.43
1995	34.201	29.433
1996	34.031	29.481
1997	33.809	29.495
1998	33.568	29.52
1999	33.326	29.589
2000	33.064	29.634
2001	32.742	29.637
2002	32.443	29.692
2003	32.088	29.634
2004	31.777	29.663
2005	31.418	29.679
2006	31.08	29.718
2007	30.726	29.733
2008	30.357	29.726
2009	29.984	29.642
2010	29.616	29.589
2011	29.27	29.597
2012	28.912	29.55
2013	28.569	29.587
2014	28.23	29.523
2015	27.893	29.488
2016	27.596	29.481
2017	27.297	29.474
2018	26.992	29.433
2019	26.7	29.348
2020	26.448	29.36
2021	26.185	29.308
2022	25.959	29.359
2023	25.731	29.238
2024	25.516	29.116
2025	25.321	29.03
2026	25.167	29.004
2027	25.042	29.027
2028	24.93	29.037
2029	24.809	28.953
2030	24.738	28.905
2031	24.692	28.835
2032	24.654	28.719
2033	24.681	28.753
2034	24.709	28.721
2035	24.781	28.778
2036	24.845	28.674
2037	24.94	28.64
2038	25.072	28.598
2039	25.227	28.637
2040	25.406	28.647
2041	25.575	28.621
2042	25.769	28.597
2043	26.001	28.591
2044	26.232	28.572
2045	26.469	28.516
2046	26.751	28.577
2047	27.038	28.548
2048	27.346	28.62
2049	27.644	28.626
2050	27.958	28.648
2051	28.283	28.685
2052	28.606	28.651
2053	28.935	28.619
2054	29.266	28.631
2055	29.574	28.598
2056	29.876	28.612
2057	30.183	28.59
2058	30.472	28.586
2059	30.737	28.605
2060	30.999	28.596
2061	31.258	28.681
2062	31.486	28.67
2063	31.714	28.673
2064	31.922	28.633
2065	32.112	28.594
2066	32.327	28.621
2067	32.529	28.644
2068	32.717	28.665
2069	32.91	28.731
2070	33.082	28.751
2071	33.24	28.73
2072	33.377	28.679
2073	33.532	28.706
2074	33.696	28.813
2075	33.832	28.882
2076	33.965	28.922
2077	34.073	28.905
2078	34.171	28.899
2079	34.269	28.897
2080	34.398	28.964
2081	34.469	28.939
2082	34.535	29.001
2083	34.565	28.964
2084	34.62	28.995
2085	34.638	28.934
2086	34.676	28.932
2087	34.711	29.035
2088	34.703	29.099
2089	34.69	29.211
2090	34.648	29.219
2091	34.56	29.188
2092	34.478	29.183
2093	34.349	29.178
2094	34.194	29.136
2095	34.033	29.161
2096	33.827	29.151
2097	33.607	29.201
2098	33.361	29.179
2099	33.119	29.134
2100	32.869	29.146
2101	32.563	29.119
2102	32.279	29.186
2103	31.972	29.177
2104	31.656	29.193
2105	31.329	29.248
2106	30.994	29.256
2107	30.685	29.334
2108	30.355	29.432
2109	30.019	29.411
2110	29.687	29.476
2111	29.317	29.458
2112	28.976	29.475
2113	28.642	29.451
2114	28.297	29.317
2115	27.966	29.283
2116	27.673	29.367
2117	27.37	29.364
2118	27.09	29.45
2119	26.805	29.451
2120	26.525	29.396
2121	26.292	29.454
2122	26.081	29.496
2123	25.862	29.52
2124	25.651	29.498
2125	25.464	29.455
2126	25.312	29.4
2127	25.144	29.307
2128	25.019	29.332
2129	24.927	29.345
2130	24.824	29.241
2131	24.789	29.329
2132	24.745	29.255
2133	24.741	29.144
2134	24.76	29.184
2135	24.806	29.205
2136	24.889	29.168
2137	24.962	29.057
2138	25.074	29.07
2139	25.22	29.104
2140	25.379	29.12
2141	25.54	29.027
2142	25.726	29.051
2143	25.938	29.002
2144	26.186	28.987
2145	26.451	28.953
2146	26.699	28.867
2147	26.972	28.798
2148	27.265	28.723
2149	27.563	28.682
2150	27.863	28.684
2151	28.169	28.681
2152	28.511	28.682
2153	28.858	28.722
2154	29.166	28.696
2155	29.494	28.739
2156	29.785	28.651
2157	30.087	28.637
2158	30.372	28.641
2159	30.647	28.576
2160	30.921	28.536
2161	31.179	28.536
2162	31.458	28.544
2163	31.692	28.528
2164	31.914	28.548
2165	32.119	28.551
2166	32.345	28.63
2167	32.542	28.54
2168	32.719	28.468
2169	32.876	28.472
2170	33.058	28.554
2171	33.23	28.591
2172	33.38	28.645
2173	33.529	28.672
2174	33.682	28.707
2175	33.814	28.696
2176	33.937	28.711
2177	34.048	28.737
2178	34.147	28.737
2179	34.273	28.763
2180	34.367	28.745
2181	34.46	28.799
2182	34.551	28.876
2183	34.621	28.953
2184	34.699	29.079
2185	34.728	29.085
2186	34.738	29.152
2187	34.742	29.203
2188	34.743	29.225
2189	34.713	29.229
2190	34.661	29.259
2191	34.565	29.195
2192	34.482	29.314
2193	34.371	29.393
2194	34.256	29.443
2195	34.095	29.479
2196	33.93	29.553
2197	33.725	29.622
2198	33.511	29.705
2199	33.269	29.752
2200	32.982	29.735
2201	32.727	29.834
2202	32.429	29.861
2203	32.108	29.879
2204	31.792	29.885
2205	31.48	29.927
2206	31.151	29.902
2207	30.804	29.925
2208	30.463	29.935
2209	30.108	29.874
2210	29.746	29.859
2211	29.402	29.844
2212	29.043	29.854
2213	28.703	29.833
2214	28.366	29.824
2215	28.06	29.893
2216	27.756	29.97
2217	27.429	29.917
2218	27.121	29.889
2219	26.844	29.916
2220	26.568	29.914
2221	26.296	29.803
2222	26.049	29.656
2223	25.812	29.553
2224	25.602	29.534
2225	25.44	29.545
2226	25.265	29.466
2227	25.13	29.493
2228	25.023	29.473
2229	24.905	29.432
2230	24.823	29.399
2231	24.753	29.361
2232	24.72	29.308
2233	24.721	29.24
2234	24.74	29.182
2235	24.783	29.129
2236	24.843	29.077
2237	24.925	29.004
2238	25.042	29.036
2239	25.189	29.027
2240	25.343	28.982
2241	25.517	28.939
2242	25.735	28.898
2243	25.967	28.89
2244	26.199	28.857
2245	26.435	28.743
2246	26.692	28.718
2247	26.975	28.767
2248	27.267	28.739
2249	27.564	28.683
2250	27.87	28.701
2251	28.201	28.696
2252	28.517	28.665
2253	28.823	28.681
2254	29.153	28.708
2255	29.462	28.672
2256	29.783	28.691
2257	30.081	28.642
2258	30.358	28.617
2259	30.647	28.654
2260	30.918	28.642
2261	31.193	28.614
2262	31.436	28.613
2263	31.666	28.571
2264	31.898	28.573
2265	32.123	28.597
2266	32.322	28.517
2267	32.525	28.564
2268	32.702	28.543
2269	32.873	28.528
2270	33.079	28.583
2271	33.253	28.597
2272	33.44	28.643
2273	33.604	28.71
2274	33.762	28.75
2275	33.891	28.664
2276	34.009	28.663
2277	34.139	28.628
2278	34.268	28.579
2279	34.372	28.573
2280	34.457	28.58
2281	34.532	28.569
2282	34.599	28.551
2283	34.662	28.58
2284	34.73	28.631
2285	34.795	28.712
2286	34.819	28.744
2287	34.856	28.748
2288	34.847	28.784
2289	34.774	28.788
2290	34.729	28.809
2291	34.677	28.871
2292	34.555	28.82
2293	34.443	28.924
2294	34.319	28.969
2295	34.133	29
2296	33.949	29.125
2297	33.719	29.111
2298	33.472	29.076
2299	33.197	29.055
2300	32.911	29.132
2301	32.622	29.161
2302	32.304	29.169
2303	31.988	29.202
2304	31.66	29.241
2305	31.339	29.318
2306	31.031	29.396
2307	30.708	29.502
2308	30.372	29.549
2309	29.996	29.494
2310	29.629	29.489
2311	29.289	29.538
2312	28.953	29.635
2313	28.592	29.591
2314	28.271	29.634
2315	27.922	29.551
2316	27.596	29.55
2317	27.298	29.605
2318	26.996	29.528
2319	26.694	29.437
2320	26.443	29.353
2321	26.181	29.241
2322	25.937	29.192
2323	25.74	29.275
2324	25.549	29.276
2325	25.37	29.267
2326	25.215	29.261
2327	25.08	29.32
2328	24.965	29.295
2329	24.876	29.273
2330	24.812	29.218
2331	24.759	29.183
2332	24.734	29.11
2333	24.724	29.029
2334	24.768	29.038
2335	24.806	28.999
2336	24.884	28.987
2337	24.96	28.897
2338	25.092	28.954
2339	25.225	28.895
2340	25.403	28.931
2341	25.583	28.93
2342	25.767	28.885
2343	25.983	28.861
2344	26.227	28.946
2345	26.466	28.948
2346	26.76	29.027
2347	27.034	28.991
2348	27.313	28.903
2349	27.6	28.89
2350	27.909	28.838
2351	28.213	28.745
2352	28.525	28.654
2353	28.819	28.619
2354	29.138	28.591
2355	29.449	28.622
2356	29.753	28.58
2357	30.036	28.559
2358	30.352	28.612
2359	30.607	28.545
2360	30.9	28.594
2361	31.162	28.611
2362	31.414	28.579
2363	31.658	28.524
2364	31.895	28.476
2365	32.09	28.443
2366	32.305	28.434
2367	32.544	28.48
2368	32.768	28.532
2369	32.952	28.493
2370	33.128	28.522
2371	33.288	28.535
2372	33.478	28.616
2373	33.619	28.654
2374	33.804	28.687
2375	33.972	28.761
2376	34.109	28.864
2377	34.215	28.885
2378	34.363	28.966
2379	34.454	28.985
2380	34.526	28.924
2381	34.61	28.941
2382	34.708	28.97
2383	34.758	29.005
2384	34.802	29.05
2385	34.856	29.037
2386	34.87	29.036
2387	34.879	29.082
2388	34.865	29.168
2389	34.833	29.274
2390	34.78	29.276
2391	34.687	29.323
2392	34.558	29.262
2393	34.423	29.24
2394	34.277	29.237
2395	34.125	29.307
2396	33.916	29.315
2397	33.695	29.296
2398	33.462	29.252
2399	33.182	29.23
2400	32.892	29.185
2401	32.618	29.196
2402	32.345	29.294
2403	32.01	29.295
2404	31.687	29.299
2405	31.368	29.427
2406	31.024	29.455
2407	30.684	29.539
2408	30.316	29.463
2409	29.982	29.564
2410	29.604	29.52
2411	29.25	29.492
2412	28.911	29.535
2413	28.569	29.529
2414	28.235	29.505
2415	27.918	29.472
2416	27.602	29.438
2417	27.302	29.495
2418	26.999	29.454
2419	26.717	29.438
2420	26.445	29.435
2421	26.211	29.428
2422	25.983	29.466
2423	25.761	29.496
2424	25.553	29.509
2425	25.378	29.531
2426	25.211	29.562
2427	25.057	29.462
2428	24.954	29.43
2429	24.866	29.456
2430	24.801	29.365
2431	24.753	29.379
2432	24.71	29.286
2433	24.733	29.362
2434	24.749	29.243
2435	24.808	29.304
2436	24.892	29.353
2437	25.001	29.317
2438	25.107	29.207
2439	25.259	29.226
2440	25.425	29.298
2441	25.611	29.299
2442	25.828	29.316
2443	26.065	29.387
2444	26.317	29.4
2445	26.563	29.346
2446	26.813	29.248
2447	27.085	29.22
2448	27.378	29.187
2449	27.71	29.174
2450	28.02	29.112
2451	28.342	29.061
2452	28.674	29.064
2453	28.994	29.031
2454	29.297	28.953
2455	29.594	28.897
2456	29.9	28.844
2457	30.197	28.815
2458	30.475	28.742
2459	30.733	28.819
2460	31.02	28.795
2461	31.261	28.737
2462	31.508	28.744
2463	31.763	28.812
2464	32.005	28.799
2465	32.24	28.786
2466	32.455	28.776
2467	32.647	28.756
2468	32.827	28.729
2469	33	28.744
2470	33.197	28.772
2471	33.378	28.858
2472	33.518	28.8
2473	33.687	28.849
2474	33.817	28.875
2475	33.953	28.955
2476	34.092	28.996
2477	34.215	29.011
2478	34.332	29.051
2479	34.456	29.141
2480	34.57	29.242
2481	34.675	29.304
2482	34.761	29.355
2483	34.824	29.383
2484	34.906	29.314
2485	34.942	29.355
2486	34.983	29.411
2487	34.955	29.405
2488	34.922	29.341
2489	34.862	29.395
2490	34.787	29.407
2491	34.701	29.435
2492	34.583	29.493
2493	34.463	29.504
2494	34.294	29.492
2495	34.11	29.496
2496	33.901	29.454
2497	33.681	29.475
2498	33.443	29.527
2499	33.184	29.504
2500	32.926	29.524
2501	32.595	29.481
2502	32.277	29.468
2503	31.943	29.465
2504	31.614	29.488
2505	31.287	29.448
2506	30.945	29.438
2507	30.596	29.469
2508	30.255	29.529
2509	29.897	29.524
2510	29.545	29.541
2511	29.194	29.559
2512	28.861	29.575
2513	28.544	29.628
2514	28.225	29.61
2515	27.884	29.564
2516	27.574	29.608
2517	27.285	29.561
2518	26.974	29.54
2519	26.719	29.589
2520	26.448	29.59
2521	26.22	29.634
2522	25.998	29.672
2523	25.786	29.642
2524	25.591	29.702
2525	25.39	29.628
2526	25.242	29.621
2527	25.1	29.608
2528	24.986	29.647
2529	24.882	29.569
2530	24.807	29.6
2531	24.751	29.586
2532	24.733	29.579
2533	24.726	29.53
2534	24.741	29.543
2535	24.779	29.507
2536	24.849	29.436
2537	24.935	29.382
2538	25.054	29.39
2539	25.183	29.318
2540	25.312	29.318
2541	25.488	29.235
2542	25.664	29.171
2543	25.893	29.131
2544	26.128	29.043
2545	26.367	28.952
2546	26.609	28.841
2547	26.908	28.841
2548	27.203	28.802
2549	27.502	28.716
2550	27.814	28.704
2551	28.141	28.716
2552	28.481	28.732
2553	28.814	28.691
2554	29.148	28.712
2555	29.461	28.697
2556	29.775	28.7
2557	30.086	28.645
2558	30.381	28.649
2559	30.726	28.65
2560	31.005	28.645
2561	31.264	28.675
2562	31.515	28.669
2563	31.723	28.603
2564	31.961	28.601
2565	32.268	28.644
2566	32.484	28.671
2567	32.691	28.692
2568	32.902	28.791
2569	33.053	28.786
2570	33.247	28.779
2571	33.434	28.809
2572	33.575	28.787
2573	33.717	28.815
2574	33.858	28.827
2575	34.04	28.921
2576	34.16	28.926
2577	34.28	28.973
2578	34.395	29.015
2579	34.475	28.985
2580	34.569	28.923
2581	34.665	28.934
2582	34.718	28.922
2583	34.794	28.953
2584	34.802	29.01
2585	34.833	29.014
2586	34.84	29.009
2587	34.858	29.082
2588	34.853	29.149
2589	34.823	29.225
2590	34.743	29.213
2591	34.646	29.208
2592	34.538	29.242
2593	34.396	29.22
2594	34.279	29.332
2595	34.122	29.46
2596	33.928	29.54
2597	33.728	29.565
2598	33.488	29.607
2599	33.221	29.624
2600	32.939	29.638
2601	32.645	29.62
2602	32.324	29.565
2603	32.011	29.601
2604	31.684	29.614
2605	31.356	29.712
2606	30.985	29.701
2607	30.663	29.788
2608	30.299	29.743
2609	29.947	29.746
2610	29.606	29.739
2611	29.255	29.706
2612	28.921	29.738
2613	28.6	29.767
2614	28.265	29.745
2615	27.952	29.763
2616	27.651	29.826
2617	27.36	29.824
2618	27.056	29.778
2619	26.767	29.718
2620	26.478	29.633
2621	26.227	29.641
2622	25.976	29.602
2623	25.747	29.475
2624	25.558	29.522
2625	25.367	29.481
2626	25.215	29.521
2627	25.077	29.501
2628	24.935	29.411
2629	24.834	29.373
2630	24.744	29.28
2631	24.711	29.257
2632	24.67	29.207
2633	24.672	29.229
2634	24.702	29.199
2635	24.734	29.177
2636	24.809	29.194
2637	24.894	29.152
2638	25.006	29.097
2639	25.131	29.045
2640	25.269	28.989
2641	25.453	28.958
2642	25.661	28.908
2643	25.88	28.896
2644	26.099	28.821
2645	26.361	28.783
2646	26.618	28.75
2647	26.892	28.706
2648	27.209	28.768
2649	27.524	28.749
2650	27.819	28.65
2651	28.127	28.586
2652	28.441	28.591
2653	28.768	28.566
2654	29.115	28.632
2655	29.434	28.649
2656	29.731	28.616
2657	30.027	28.581
2658	30.339	28.567
2659	30.616	28.519
2660	30.892	28.436
2661	31.162	28.484
2662	31.43	28.483
2663	31.668	28.46
2664	31.883	28.444
2665	32.118	28.398
2666	32.326	28.355
2667	32.525	28.398
2668	32.736	28.421
2669	32.955	28.565
2670	33.134	28.623
2671	33.315	28.641
2672	33.488	28.751
2673	33.617	28.719
2674	33.76	28.707
2675	33.935	28.802
2676	34.064	28.795
2677	34.197	28.78
2678	34.299	28.801
2679	34.395	28.774
2680	34.506	28.78
2681	34.589	28.774
2682	34.662	28.773
2683	34.702	28.779
2684	34.756	28.878
2685	34.793	28.995
2686	34.806	28.973
2687	34.775	28.913
2688	34.727	28.935
2689	34.69	28.958
2690	34.647	29.07
2691	34.549	29.17
2692	34.459	29.208
2693	34.304	29.183
2694	34.157	29.1
2695	33.974	29.113
2696	33.772	29.074
2697	33.57	29.092
2698	33.336	29.128
2699	33.075	29.195
2700	32.778	29.191
2701	32.49	29.28
2702	32.192	29.398
2703	31.872	29.398
2704	31.525	29.405
2705	31.213	29.503
2706	30.897	29.595
2707	30.566	29.655
2708	30.209	29.632
2709	29.847	29.583
2710	29.506	29.585
2711	29.182	29.647
2712	28.844	29.653
2713	28.528	29.675
2714	28.219	29.707
2715	27.89	29.733
2716	27.582	29.657
2717	27.248	29.578
2718	26.978	29.639
2719	26.691	29.688
2720	26.437	29.683
2721	26.176	29.66
2722	25.928	29.582
2723	25.725	29.568
2724	25.519	29.491
2725	25.327	29.452
2726	25.173	29.45
2727	25.023	29.37
2728	24.918	29.351
2729	24.831	29.296
2730	24.743	29.238
2731	24.685	29.232
2732	24.656	29.147
2733	24.655	29.115
2734	24.691	29.097
2735	24.724	29.019
2736	24.792	28.965
2737	24.89	28.952
2738	25.002	28.864
2739	25.144	28.884
2740	25.306	28.832
2741	25.487	28.838
2742	25.692	28.834
2743	25.917	28.818
2744	26.853	28.805
2745	27.119	28.799
2746	27.402	28.766
2747	27.68	28.717
2748	27.988	28.739
2749	28.292	28.716
2750	28.626	28.732
2751	28.943	28.594
2752	29.28	28.548
2753	29.616	28.584
2754	29.95	28.637
2755	30.284	28.604
2756	30.61	28.597
2757	30.932	28.599
2758	31.248	28.583
2759	31.544	28.593
2760	31.858	28.683
2761	32.123	28.647
2762	32.398	28.757
2763	32.674	28.811
2764	32.887	28.72
2765	33.117	28.734
2766	33.342	28.71
2767	33.558	28.751
2768	33.747	28.707
2769	32.978	28.638
2770	33.143	28.638
2771	33.306	28.65
2772	33.502	28.739
2773	33.633	28.713
2774	33.796	28.711
2775	33.938	28.729
2776	34.076	28.795
2777	34.221	28.866
2778	34.345	28.916
2779	34.439	28.905
2780	34.53	28.909
2781	34.59	28.834
2782	34.665	28.945
2783	34.709	28.969
2784	34.736	29.013
2785	34.751	28.955
2786	34.752	29.005
2787	34.738	28.981
2788	34.707	29.036
2789	34.668	29.101
2790	34.591	29.081
2791	34.514	29.117
2792	34.392	29.124
2793	34.252	29.182
2794	34.091	29.233
2795	33.916	29.28
2796	33.745	29.404
2797	33.509	29.373
2798	33.264	29.338
2799	33.016	29.436
2800	32.72	29.423
2801	32.404	29.445
2802	32.087	29.518
2803	31.755	29.475
2804	31.445	29.557
2805	31.104	29.605
2806	30.769	29.644
2807	30.41	29.609
2808	30.084	29.688
2809	29.742	29.685
2810	29.402	29.777
2811	29.045	29.726
2812	28.709	29.761
2813	28.364	29.748
2814	28.045	29.711
2815	27.721	29.663
2816	27.414	29.684
2817	27.122	29.667
2818	26.847	29.636
2819	26.571	29.63
2820	26.308	29.583
2821	26.048	29.472
2822	25.814	29.42
2823	25.596	29.406
2824	25.391	29.33
2825	25.223	29.365
2826	25.086	29.381
2827	24.946	29.269
2828	24.823	29.267
2829	24.716	29.138
2830	24.632	29.076
2831	24.571	29.035
2832	24.549	28.943
2833	24.551	28.892
2834	24.561	28.832
2835	24.6	28.757
2836	24.68	28.708
2837	24.783	28.651
2838	24.901	28.61
2839	25.033	28.571
2840	25.188	28.515
2841	25.363	28.459
2842	25.567	28.492
2843	25.773	28.408
2844	26.013	28.412
2845	26.266	28.381
2846	26.534	28.377
2847	26.806	28.393
2848	27.1	28.416
2849	27.39	28.374
2850	27.713	28.367
2851	28.032	28.342
2852	28.365	28.334
2853	28.699	28.309
2854	29.014	28.3
2855	29.358	28.297
2856	29.69	28.338
2857	29.999	28.336
2858	30.274	28.285
2859	30.564	28.271
2860	30.844	28.23
2861	31.122	28.272
2862	31.38	28.303
2863	31.63	28.351
2864	31.89	28.41
2865	32.122	28.482
2866	32.333	28.531
2867	32.54	28.449
2868	32.73	28.499
2869	32.94	28.541
2870	33.109	28.544
2871	33.28	28.524
2872	33.452	28.535
2873	33.621	28.606
2874	33.798	28.66
2875	33.933	28.652
2876	34.053	28.646
2877	34.186	28.727
2878	34.291	28.693
2879	34.422	28.784
2880	34.508	28.854
2881	34.595	28.845
2882	34.692	28.934
2883	34.747	28.972
2884	34.807	29.024
2885	34.823	29.052
2886	34.823	29.022
2887	34.8	29.007
2888	34.77	29.001
2889	34.728	29.096
2890	34.677	29.15
2891	34.577	29.085
2892	34.478	29.187
2893	34.386	29.308
2894	34.222	29.301
2895	34.071	29.363
2896	33.864	29.395
2897	33.657	29.439
2898	33.42	29.418
2899	33.145	29.438
2900	32.875	29.482
2901	32.579	29.491
2902	32.255	29.414
2903	31.959	29.489
2904	31.626	29.473
2905	31.27	29.428
2906	30.909	29.418
2907	30.553	29.454
2908	30.236	29.486
2909	29.89	29.582
2910	29.571	29.617
2911	29.233	29.679
2912	28.892	29.654
2913	28.537	29.604
2914	28.191	29.487
2915	27.876	29.506
2916	27.576	29.557
2917	27.263	29.449
2918	26.96	29.365
2919	26.661	29.303
2920	26.403	29.333
2921	26.158	29.312
2922	25.921	29.246
2923	25.702	29.238
2924	25.496	29.184
2925	25.305	29.106
2926	25.149	29.114
2927	25.007	29.178
2928	24.875	29.174
2929	24.776	29.197
2930	24.716	29.19
2931	24.676	29.169
2932	24.646	29.1
2933	24.634	29.087
2934	24.671	29.025
2935	24.698	28.98
2936	24.769	29.025
2937	24.847	28.996
2938	24.979	29.046
2939	25.117	28.997
2940	25.264	28.93
2941	25.441	28.878
2942	25.63	28.883
2943	25.85	28.905
2944	26.091	28.831
2945	26.327	28.714
2946	26.59	28.723
2947	26.883	28.734
2948	27.177	28.735
2949	27.48	28.727
2950	27.802	28.724
2951	28.106	28.655
2952	28.413	28.578
2953	28.727	28.503
2954	29.052	28.417
2955	29.373	28.409
2956	29.685	28.372
2957	29.997	28.416
2958	30.287	28.364
2959	30.556	28.308
2960	30.848	28.304
2961	31.103	28.19
2962	31.375	28.209
2963	31.628	28.164
2964	31.881	28.256
2965	32.114	28.309
2966	32.318	28.291
2967	32.558	28.35
2968	32.753	28.316
2969	32.951	28.399
2970	33.116	28.418
2971	33.314	28.476
2972	33.465	28.497
2973	33.594	28.45
2974	33.769	28.488
2975	33.898	28.509
2976	34.035	28.564
2977	34.165	28.583
2978	34.3	28.616
2979	34.424	28.724
2980	34.525	28.749
2981	34.619	28.843
2982	34.702	28.868
2983	34.776	28.933
2984	34.819	28.947
2985	34.845	28.986
2986	34.893	29.119
2987	34.907	29.13
2988	34.873	29.185
2989	34.815	29.171
2990	34.734	29.114
2991	34.663	29.23
2992	34.526	29.229
2993	34.384	29.285
2994	34.244	29.339
2995	34.094	29.409
2996	33.889	29.417
2997	33.67	29.438
2998	33.455	29.566
2999	33.169	29.575
3000	32.874	29.583
3001	32.588	29.607
3002	32.293	29.596
3003	31.961	29.655
3004	31.615	29.588
3005	31.277	29.639
3006	30.919	29.605
3007	30.571	29.622
3008	30.208	29.607
3009	29.865	29.622
3010	29.537	29.664
3011	29.16	29.574
3012	28.823	29.589
3013	28.51	29.597
3014	28.197	29.65
3015	27.875	29.665
3016	27.566	29.663
3017	27.281	29.741
3018	27.001	29.663
3019	26.735	29.666
3020	26.464	29.647
3021	26.203	29.576
3022	25.973	29.539
3023	25.749	29.442
3024	25.567	29.453
3025	25.39	29.421
3026	25.24	29.439
3027	25.113	29.529
3028	24.99	29.452
3029	24.88	29.41
3030	24.799	29.337
3031	24.772	29.399
3032	24.728	29.296
3033	24.738	29.337
3034	24.745	29.29
3035	24.775	29.19
3036	24.866	29.199
3037	24.952	29.195
3038	25.051	29.108
3039	25.184	29.032
3040	25.349	28.949
3041	25.51	28.829
3042	25.696	28.744
3043	25.909	28.811
3044	26.132	28.756
3045	26.383	28.783
3046	26.665	28.809
3047	26.936	28.745
3048	27.224	28.708
3049	27.52	28.663
3050	27.843	28.706
3051	28.151	28.686
3052	28.457	28.588
3053	28.78	28.577
3054	29.13	28.628
3055	29.451	28.645
3056	29.743	28.538
3057	30.048	28.535
3058	30.331	28.427
3059	30.648	28.474
3060	30.936	28.518
3061	31.207	28.552
3062	31.453	28.513
3063	31.685	28.509
3064	31.911	28.557
3065	32.133	28.545
3066	32.356	28.575
3067	32.565	28.553
3068	32.771	28.516
3069	32.934	28.474
3070	33.09	28.402
3071	33.24	28.42
3072	33.41	28.524
3073	33.593	28.57
3074	33.752	28.625
3075	33.89	28.561
3076	34.018	28.554
3077	34.138	28.553
3078	34.292	28.637
3079	34.412	28.655
3080	34.506	28.633
3081	34.61	28.714
3082	34.708	28.764
3083	34.786	28.833
3084	34.822	28.82
3085	34.87	28.856
3086	34.88	28.91
3087	34.892	28.956
3088	34.896	29.015
3089	34.854	28.991
3090	34.794	29.136
3091	34.72	29.214
3092	34.611	29.249
3093	34.472	29.28
3094	34.345	29.372
3095	34.178	29.407
3096	33.977	29.377
3097	33.757	29.415
3098	33.502	29.481
3099	33.22	29.498
3100	32.944	29.604
3101	32.651	29.622
3102	32.359	29.749
3103	32.017	29.769
3104	31.67	29.794
3105	31.359	29.895
3106	31.02	29.915
3107	30.681	29.929
3108	30.331	29.993
3109	29.98	30.032
3110	29.613	30.042
3111	29.26	30
3112	28.911	30.007
3113	28.573	30.045
3114	28.248	30.069
3115	27.936	30.012
3116	27.624	30.004
3117	27.323	29.96
3118	27.019	29.911
3119	26.747	29.916
3120	26.496	29.933
3121	26.265	29.978
3122	26.034	29.972
3123	25.814	29.921
3124	25.615	29.838
3125	25.435	29.783
3126	25.27	29.704
3127	25.107	29.597
3128	24.982	29.542
3129	24.88	29.496
3130	24.792	29.464
3131	24.724	29.425
3132	24.677	29.417
3133	24.677	29.35
3134	24.705	29.303
3135	24.748	29.286
3136	24.812	29.253
3137	24.904	29.226
3138	25.001	29.145
3139	25.134	29.124
3140	25.278	29.064
3141	25.45	29.009
3142	25.662	29.041
3143	25.9	29.088
3144	26.138	29.065
3145	26.373	29.013
3146	26.627	28.967
3147	26.909	28.899
3148	27.21	28.888
3149	27.511	28.883
3150	27.821	28.845
3151	28.14	28.902
3152	28.468	28.891
3153	28.802	28.858
3154	29.126	28.848
3155	29.447	28.83
3156	29.769	28.766
3157	30.087	28.753
3158	30.376	28.692
3159	30.664	28.673
3160	30.947	28.638
3161	31.233	28.627
3162	31.48	28.547
3163	31.745	28.59
3164	31.994	28.559
3165	32.228	28.622
3166	32.433	28.636
3167	32.618	28.627
3168	32.8	28.58
3169	32.961	28.485
3170	33.158	28.464
3171	33.329	28.503
3172	33.484	28.549
3173	33.647	28.538
3174	33.805	28.587
3175	33.935	28.609
3176	34.075	28.591
3177	34.21	28.603
3178	34.329	28.66
3179	34.443	28.617
3180	34.543	28.584
3181	34.651	28.678
3182	34.723	28.631
3183	34.774	28.678
3184	34.843	28.765
3185	34.868	28.779
3186	34.863	28.755
3187	34.881	28.898
3188	34.855	28.914
3189	34.798	28.94
3190	34.734	28.915
3191	34.672	28.968
3192	34.571	29.065
3193	34.427	29.053
3194	34.287	29.141
3195	34.117	29.233
3196	33.916	29.28
3197	33.687	29.266
3198	33.436	29.32
3199	33.172	29.373
3200	32.916	29.416
3201	32.606	29.444
3202	32.303	29.529
3203	31.976	29.481
3204	31.65	29.62
3205	31.308	29.663
3206	30.948	29.62
3207	30.604	29.69
3208	30.27	29.728
3209	29.899	29.669
3210	29.55	29.657
3211	29.224	29.719
3212	28.882	29.68
3213	28.558	29.711
3214	28.246	29.787
3215	27.916	29.811
3216	27.615	29.811
3217	27.317	29.694
3218	27.036	29.753
3219	26.754	29.732
3220	26.491	29.718
3221	26.256	29.667
3222	26.032	29.66
3223	25.808	29.579
3224	25.599	29.474
3225	25.403	29.386
3226	25.251	29.39
3227	25.106	29.346
3228	24.983	29.407
3229	24.874	29.316
3230	24.803	29.316
3231	24.743	29.289
3232	24.699	29.23
3233	24.686	29.192
3234	24.705	29.134
3235	24.757	29.179
3236	24.809	29.127
3237	24.888	29.044
3238	24.992	29.006
3239	25.108	28.961
3240	25.27	28.958
3241	25.447	28.939
3242	25.635	28.968
3243	25.846	28.921
3244	26.063	28.877
3245	26.316	28.818
3246	26.573	28.819
3247	26.844	28.734
3248	27.146	28.754
3249	27.465	28.818
3250	27.765	28.814
3251	28.086	28.778
3252	28.411	28.723
3253	28.75	28.7
3254	29.078	28.655
3255	29.383	28.548
3256	29.703	28.563
3257	30.017	28.55
3258	30.317	28.501
3259	30.611	28.537
3260	30.886	28.512
3261	31.155	28.462
3262	31.433	28.51
3263	31.664	28.465
3264	31.902	28.396
3265	32.134	28.377
3266	32.34	28.321
3267	32.541	28.282
3268	32.748	28.27
3269	32.949	28.279
3270	33.134	28.334
3271	33.285	28.305
3272	33.473	28.348
3273	33.645	28.398
3274	33.788	28.393
3275	33.954	28.413
3276	34.095	28.444
3277	34.222	28.47
3278	34.328	28.459
3279	34.446	28.508
3280	34.563	28.573
3281	34.654	28.617
3282	34.752	28.663
3283	34.817	28.699
3284	34.855	28.681
3285	34.885	28.647
3286	34.912	28.759
3287	34.891	28.79
3288	34.885	28.779
3289	34.863	28.854
3290	34.783	28.864
3291	34.689	28.906
3292	34.575	28.975
3293	34.448	29.028
3294	34.3	29.057
3295	34.098	29.113
3296	33.902	29.092
3297	33.665	29.146
3298	33.414	29.093
3299	33.167	29.13
3300	32.882	29.142
3301	32.584	29.182
3302	32.282	29.203
3303	31.951	29.193
3304	31.613	29.218
3305	31.268	29.255
3306	30.928	29.242
3307	30.594	29.294
3308	30.255	29.319
3309	29.896	29.377
3310	29.552	29.453
3311	29.202	29.446
3312	28.862	29.416
3313	28.546	29.52
3314	28.22	29.555
3315	27.906	29.576
3316	27.594	29.514
3317	27.317	29.507
3318	27.014	29.477
3319	26.749	29.491
3320	26.491	29.446
3321	26.242	29.467
3322	26.014	29.453
3323	25.795	29.506
3324	25.579	29.43
3325	25.404	29.472
3326	25.232	29.369
3327	25.092	29.373
3328	24.989	29.413
3329	24.891	29.376
3330	24.816	29.348
3331	24.744	29.295
3332	24.714	29.259
3333	24.702	29.278
3334	24.733	29.248
3335	24.779	29.228
3336	24.859	29.208
3337	24.953	29.171
3338	25.059	29.08
3339	25.19	29.015
3340	25.345	28.979
3341	25.52	28.949
3342	25.719	28.913
3343	25.94	28.85
3344	26.175	28.828
3345	26.413	28.754
3346	26.686	28.746
3347	26.957	28.69
3348	27.231	28.606
3349	27.535	28.563
3350	27.842	28.469
3351	28.162	28.532
3352	28.468	28.462
3353	28.776	28.403
3354	29.097	28.381
3355	29.413	28.316
3356	29.734	28.304
3357	30.047	28.323
3358	30.354	28.327
3359	30.639	28.309
3360	30.924	28.309
3361	31.179	28.294
3362	31.45	28.338
3363	31.694	28.385
3364	31.926	28.432
3365	32.166	28.463
3366	32.388	28.471
3367	32.603	28.48
3368	32.796	28.512
3369	32.989	28.553
3370	33.195	28.624
3371	33.367	28.608
3372	33.521	28.638
3373	33.701	28.719
3374	33.859	28.837
3375	34.001	28.924
3376	34.158	28.967
3377	34.287	29.032
3378	34.408	29.008
3379	34.511	29.032
3380	34.62	29.128
3381	34.732	29.198
3382	34.774	29.168
3383	34.848	29.159
3384	34.88	29.155
3385	34.906	29.169
3386	34.926	29.236
3387	34.914	29.271
3388	34.901	29.29
3389	34.865	29.291
3390	34.795	29.35
3391	34.705	29.421
3392	34.574	29.451
3393	34.433	29.518
3394	34.252	29.564
3395	34.062	29.58
3396	33.874	29.69
3397	33.667	29.742
3398	33.419	29.711
3399	33.144	29.666
3400	32.864	29.663
3401	32.555	29.701
3402	32.251	29.719
3403	31.947	29.829
3404	31.641	29.873
3405	31.305	29.921
3406	30.981	29.954
3407	30.627	29.952
3408	30.259	29.959
3409	29.931	30.024
3410	29.573	29.954
3411	29.233	29.923
3412	28.885	29.922
3413	28.522	29.897
3414	28.181	29.83
3415	27.841	29.75
3416	27.544	29.757
3417	27.24	29.798
3418	26.96	29.784
3419	26.697	29.784
3420	26.421	29.722
3421	26.17	29.744
3422	25.937	29.722
3423	25.724	29.739
3424	25.535	29.77
3425	25.358	29.723
3426	25.199	29.647
3427	25.05	29.608
3428	24.917	29.565
3429	24.816	29.523
3430	24.743	29.49
3431	24.67	29.399
3432	24.663	29.432
3433	24.662	29.401
3434	24.675	29.319
3435	24.719	29.31
3436	24.766	29.248
3437	24.857	29.173
3438	24.977	29.087
3439	25.111	29.083
3440	25.291	29.075
3441	25.459	29.043
3442	25.661	28.969
3443	25.887	28.953
3444	26.101	28.853
3445	26.369	28.885
3446	26.633	28.767
3447	26.908	28.707
3448	27.202	28.659
3449	27.497	28.558
3450	27.808	28.516
3451	28.136	28.52
3452	28.466	28.521
3453	28.782	28.435
3454	29.096	28.427
3455	29.395	28.327
3456	29.727	28.362
3457	30.023	28.323
3458	30.344	28.334
3459	30.644	28.356
3460	30.917	28.349
3461	31.212	28.389
3462	31.466	28.387
3463	31.721	28.427
3464	31.958	28.386
3465	32.183	28.435
3466	32.385	28.406
3467	32.609	28.421
3468	32.815	28.432
3469	33.024	28.468
3470	33.228	28.449
3471	33.414	28.487
3472	33.605	28.523
3473	33.742	28.518
3474	33.921	28.609
3475	34.07	28.73
3476	34.203	28.773
3477	34.341	28.828
3478	34.475	28.916
3479	34.592	28.946
3480	34.727	29.037
3481	34.795	29.061
3482	34.888	29.112
3483	34.933	29.088
3484	34.977	29.104
3485	35.031	29.175
3486	35.035	29.189
3487	35.022	29.228
3488	35.015	29.272
3489	34.985	29.385
3490	34.924	29.388
3491	34.848	29.461
3492	34.696	29.408
3493	34.53	29.407
3494	34.377	29.428
3495	34.148	29.427
3496	33.928	29.448
3497	33.684	29.495
3498	33.446	29.569
3499	33.159	29.552
3500	32.886	29.524
3501	32.577	29.521
3502	32.247	29.51
3503	31.92	29.518
3504	31.583	29.551
3505	31.229	29.516
3506	30.899	29.541
3507	30.548	29.548
3508	30.188	29.584
3509	29.848	29.612
3510	29.504	29.606
3511	29.165	29.634
3512	28.838	29.673
3513	28.496	29.689
3514	28.173	29.688
3515	27.833	29.663
3516	27.523	29.639
3517	27.232	29.648
3518	26.967	29.707
3519	26.688	29.654
3520	26.45	29.686
3521	26.198	29.67
3522	25.981	29.679
3523	25.766	29.631
3524	25.569	29.617
3525	25.368	29.579
3526	25.2	29.53
3527	25.078	29.531
3528	24.957	29.555
3529	24.862	29.561
3530	24.783	29.596
3531	24.703	29.508
3532	24.666	29.456
3533	24.663	29.42
3534	24.657	29.361
3535	24.696	29.343
3536	24.763	29.309
3537	24.865	29.303
3538	24.988	29.301
3539	25.108	29.237
3540	25.274	29.171
3541	25.46	29.198
3542	25.67	29.216
3543	25.867	29.125
3544	26.1	29.117
3545	26.34	29.077
3546	26.609	29.002
3547	26.864	28.912
3548	27.154	28.89
3549	27.459	28.815
3550	27.795	28.796
3551	28.135	28.792
3552	28.433	28.739
3553	28.765	28.71
3554	29.101	28.681
3555	29.43	28.663
3556	29.785	28.693
3557	30.104	28.7
3558	30.411	28.696
3559	30.725	28.662
3560	31.023	28.674
3561	31.314	28.639
3562	31.554	28.591
3563	31.788	28.552
3564	32.052	28.55
3565	32.31	28.631
3566	32.531	28.572
3567	32.749	28.63
3568	32.95	28.629
3569	33.173	28.695
3570	33.359	28.641
3571	33.551	28.751
3572	33.746	28.778
3573	33.91	28.76
3574	34.05	28.786
3575	34.178	28.857
3576	34.319	28.896
3577	34.454	28.898
3578	34.592	28.892
3579	34.709	28.882
3580	34.789	28.866
3581	34.87	28.871
3582	34.952	28.929
3583	35.025	29.017
3584	35.089	29.134
3585	35.094	29.175
3586	35.079	29.198
3587	35.079	29.204
3588	35.06	29.223
3589	34.998	29.294
3590	34.912	29.326
3591	34.79	29.358
3592	34.671	29.386
3593	34.516	29.415
3594	34.319	29.478
3595	34.147	29.564
3596	33.907	29.517
3597	33.683	29.599
3598	33.435	29.643
3599	33.172	29.736
3600	32.896	29.716
3601	32.552	29.632
3602	32.229	29.662
3603	31.876	29.643
3604	31.526	29.638
3605	31.177	29.639
3606	30.838	29.734
3607	30.458	29.676
3608	30.093	29.625
3609	29.725	29.575
3610	29.389	29.536
3611	29.055	29.556
3612	28.717	29.598
3613	28.399	29.627
3614	28.073	29.583
3615	27.741	29.503
3616	27.444	29.506
3617	27.143	29.506
3618	26.877	29.496
3619	26.604	29.407
3620	26.331	29.397
3621	26.102	29.404
3622	25.863	29.36
3623	25.649	29.417
3624	25.46	29.371
3625	25.286	29.423
3626	25.129	29.408
3627	25.017	29.426
3628	24.902	29.387
3629	24.806	29.432
3630	24.758	29.443
3631	24.682	29.315
3632	24.676	29.304
3633	24.69	29.314
3634	24.724	29.344
3635	24.772	29.308
3636	24.824	29.25
3637	24.908	29.175
3638	25.013	29.141
3639	25.149	29.142
3640	25.307	29.16
3641	25.479	29.116
3642	25.668	29.072
3643	25.892	29.069
3644	26.121	28.988
3645	26.395	28.999
3646	26.663	28.924
3647	26.954	28.889
3648	27.245	28.792
3649	27.565	28.805
3650	27.872	28.723
3651	28.193	28.711
3652	28.491	28.672
3653	28.812	28.643
3654	29.126	28.56
3655	29.44	28.522
3656	29.757	28.492
3657	30.069	28.498
3658	30.351	28.405
3659	30.642	28.378
3660	30.922	28.414
3661	31.208	28.449
3662	31.481	28.479
3663	31.73	28.51
3664	31.964	28.432
3665	32.217	28.417
3666	32.454	28.404
3667	32.68	28.355
3668	32.862	28.351
3669	33.081	28.416
3670	33.242	28.349
3671	33.434	28.414
3672	33.577	28.407
3673	33.764	28.45
3674	33.883	28.402
3675	34.03	28.374
3676	34.193	28.434
3677	34.351	28.456
3678	34.487	28.593
3679	34.612	28.649
3680	34.716	28.695
3681	34.842	28.812
3682	34.903	28.758
3683	34.974	28.844
3684	35.029	28.907
3685	35.067	28.903
3686	35.101	28.946
3687	35.068	28.961
3688	35.021	28.923
3689	34.968	28.999
3690	34.867	29.007
3691	34.753	29.067
3692	34.615	29.113
3693	34.491	29.178
3694	34.304	29.189
3695	34.13	29.259
3696	33.907	29.326
3697	33.673	29.393
3698	33.4	29.403
3699	33.143	29.451
3700	32.851	29.547
3701	32.56	29.566
3702	32.231	29.53
3703	31.882	29.471
3704	31.534	29.479
3705	31.18	29.496
3706	30.818	29.407
3707	30.481	29.532
3708	30.131	29.522
3709	29.765	29.496
3710	29.412	29.514
3711	29.048	29.501
3712	28.714	29.493
3713	28.377	29.486
3714	28.064	29.468
3715	27.747	29.522
3716	27.464	29.552
3717	27.181	29.579
3718	26.902	29.536
3719	26.634	29.58
3720	26.371	29.566
3721	26.13	29.583
3722	25.926	29.577
3723	25.711	29.52
3724	25.523	29.499
3725	25.349	29.508
3726	25.189	29.484
3727	25.052	29.543
3728	24.934	29.472
3729	24.836	29.386
3730	24.772	29.34
3731	24.727	29.427
3732	24.7	29.351
3733	24.705	29.378
3734	24.726	29.338
3735	24.755	29.296
3736	24.83	29.257
3737	24.926	29.207
3738	25.045	29.181
3739	25.165	29.125
3740	25.335	29.116
3741	25.503	29.057
3742	25.684	28.941
3743	25.898	28.914
3744	26.149	28.884
3745	26.388	28.849
3746	26.635	28.71
3747	26.904	28.67
3748	27.187	28.672
3749	27.463	28.621
3750	27.769	28.564
3751	28.09	28.569
3752	28.422	28.503
3753	28.742	28.522
3754	29.076	28.5
3755	29.373	28.466
3756	29.682	28.401
3757	29.98	28.366
3758	30.266	28.28
3759	30.568	28.284
3760	30.861	28.307
3761	31.105	28.102
3762	31.36	28.115
3763	31.616	28.095
3764	31.871	28.109
3765	32.099	28.049
3766	32.328	28.053
3767	32.531	28.087
3768	32.729	28.158
3769	32.926	28.159
3770	33.125	28.206
3771	33.339	28.303
3772	33.509	28.254
3773	33.709	28.291
3774	33.89	28.383
3775	34.061	28.436
3776	34.197	28.494
3777	34.342	28.521
3778	34.498	28.599
3779	34.605	28.659
3780	34.726	28.687
3781	34.836	28.71
3782	34.917	28.798
3783	34.98	28.808
3784	35.013	28.795
3785	35.041	28.834
3786	35.082	29.117
3787	35.111	29.213
3788	35.086	29.252
3789	35.02	29.352
3790	34.94	29.408
3791	34.844	29.491
3792	34.719	29.507
3793	34.553	29.465
3794	34.346	29.402
3795	34.15	29.376
3796	33.92	29.368
3797	33.672	29.45
3798	33.4	29.485
3799	33.13	29.448
3800	32.807	29.402
3801	32.474	29.364
3802	32.138	29.407
3803	31.807	29.433
3804	31.469	29.465
3805	31.14	29.559
3806	30.772	29.561
3807	30.418	29.529
3808	30.073	29.605
3809	29.748	29.674
3810	29.416	29.665
3811	29.063	29.554
3812	28.71	29.55
3813	28.367	29.548
3814	28.058	29.532
3815	27.756	29.544
3816	27.472	29.534
3817	27.195	29.548
3818	26.93	29.554