1	34.148	28.316
2	34.298	28.325
3	34.452	28.405
4	34.568	28.419
5	34.696	28.413
6	34.813	28.509
7	34.91	28.604
8	35.016	28.707
9	35.071	28.732
10	35.097	28.742
11	35.077	28.722
12	35.046	28.727
13	35.02	28.775
14	34.968	28.828
15	34.873	28.836
16	34.736	28.793
17	34.593	28.829
18	34.441	28.91
19	34.263	28.982
20	34.024	28.918
21	33.785	28.928
22	33.519	28.912
23	33.256	29.03
24	32.965	29.035
25	32.632	28.998
26	32.33	29.099
27	32.011	29.174
28	31.67	29.149
29	31.338	29.149
30	30.984	29.156
31	30.633	29.162
32	30.273	29.114
33	29.898	29.04
34	29.539	28.947
35	29.21	29.028
36	28.859	29.006
37	28.531	28.991
38	28.204	28.954
39	27.888	28.96
40	27.592	28.998
41	27.293	29.017
42	27.01	29.008
43	26.743	28.976
44	26.478	28.921
45	26.244	29.014
46	26.018	28.998
47	25.791	29.007
48	25.575	28.961
49	25.397	29.007
50	25.213	28.977
51	25.038	28.946
52	24.86	28.87
53	24.726	28.941
54	24.586	28.906
55	25.281	28.93
56	25.175	28.859
57	25.117	28.853
58	25.067	28.852
59	25.057	28.939
60	25.038	28.859
61	25.067	28.813
62	25.11	28.837
63	25.168	28.787
64	25.25	28.703
65	25.36	28.668
66	25.514	28.701
67	25.667	28.709
68	25.848	28.652
69	26.038	28.606
70	26.259	28.588
71	26.509	28.659
72	26.775	28.643
73	27.052	28.578
74	27.313	28.52
75	27.626	28.547
76	27.931	28.507
77	28.294	28.541
78	28.633	28.479
79	28.987	28.443
80	28.384	28.432
81	28.741	28.468
82	29.082	28.476
83	29.441	28.528
84	29.778	28.484
85	30.129	28.451
86	30.461	28.473
87	30.766	28.441
88	31.082	28.505
89	31.397	28.546
90	31.688	28.575
91	31.936	28.522
92	32.207	28.499
93	32.456	28.565
94	32.727	28.623
95	32.933	28.555
96	33.164	28.526
97	33.352	28.465
98	33.536	28.464
99	33.71	28.471
100	33.886	28.438
101	34.086	28.453
102	34.214	28.42
103	34.364	28.416
104	34.521	28.486
105	34.666	28.51
106	34.792	28.533
107	34.881	28.501
108	35.092	28.541
109	35.129	28.54
110	35.179	28.615
111	35.204	28.671
112	35.231	28.725
113	35.209	28.699
114	35.145	28.677
115	35.042	28.636
116	34.976	28.734
117	34.856	28.79
118	34.688	28.747
119	34.5	28.731
120	34.328	28.807
121	34.084	28.815
122	33.848	28.83
123	33.606	28.859
124	33.362	28.908
125	33.062	28.947
126	32.731	28.992
127	32.424	29.071
128	32.08	29.111
129	31.743	29.136
130	31.364	29.113
131	30.971	29.079
132	30.615	29.115
133	30.147	29.088
134	29.794	29.093
135	29.42	29.059
136	29.056	29.028
137	28.704	29.015
138	28.378	29.073
139	28.076	29.142
140	27.782	29.201
141	27.469	29.147
142	27.186	29.145
143	26.932	29.234
144	26.661	29.24
145	26.401	29.176
146	26.159	29.14
147	25.933	29.153
148	25.706	29.155
149	25.499	29.13
150	25.297	29.086
151	25.134	29.088
152	24.968	28.989
153	24.815	28.915
154	24.674	28.851
155	24.561	28.874
156	24.481	28.823
157	24.408	28.793
158	24.362	28.731
159	24.331	28.689
160	24.348	28.702
161	24.369	28.682
162	24.416	28.653
163	24.467	28.548
164	24.555	28.516
165	24.657	28.465
166	24.791	28.417
167	24.926	28.347
168	25.088	28.26
169	25.292	28.268
170	25.512	28.31
171	25.761	28.337
172	26.009	28.332
173	26.295	28.303
174	26.586	28.272
175	26.901	28.304
176	27.201	28.225
177	27.526	28.289
178	27.873	28.318
179	28.206	28.302
180	28.563	28.286
181	28.912	28.321
182	29.256	28.302
183	29.601	28.3
184	29.964	28.381
185	30.268	28.348
186	30.606	28.363
187	30.914	28.353
188	31.218	28.348
189	31.492	28.283
190	31.805	28.298
191	32.08	28.312
192	32.351	28.319
193	32.61	28.343
194	32.837	28.342
195	33.07	28.341
196	33.255	28.328
197	33.494	28.313
198	33.693	28.371
199	33.864	28.124
200	34.049	28.141
201	34.227	28.221
202	34.378	28.207
203	34.524	28.243
204	34.691	28.278
205	34.805	28.297
206	34.943	28.38
207	35.042	28.414
208	35.118	28.429
209	35.173	28.45
210	35.244	28.492
211	35.275	28.532
212	35.279	28.533
213	35.238	28.567
214	35.201	28.684
215	35.108	28.718
216	34.996	28.73
217	34.863	28.749
218	34.708	28.807
219	34.51	28.786
220	34.292	28.751
221	34.07	28.766
222	33.813	28.845
223	33.532	28.855
224	33.248	29.156
225	32.939	29.147
226	32.597	29.082
227	32.279	29.099
228	31.95	29.134
229	31.592	29.126
230	31.259	29.158
231	30.881	29.087
232	30.535	29.171
233	30.166	29.164
234	29.816	29.177
235	29.471	29.199
236	29.124	29.177
237	28.798	29.264
238	28.47	29.273
239	28.149	29.224
240	27.816	29.158
241	27.533	29.212
242	27.25	29.204
243	26.963	29.11
244	26.712	29.142
245	26.469	29.162
246	26.228	29.131
247	25.997	29.133
248	25.778	29.104
249	25.586	29.111
250	25.395	29.122
251	25.237	29.128
252	25.063	29.098
253	24.907	28.992
254	24.798	29.038
255	24.691	29.007
256	24.607	28.992
257	24.528	28.903
258	24.476	28.884
259	24.458	28.855
260	24.44	28.794
261	24.473	28.788
262	24.509	28.733
263	24.585	28.692
264	24.683	28.722
265	24.807	28.728
266	24.928	28.632
267	25.085	28.68
268	25.28	28.714
269	25.477	28.677
270	25.685	28.634
271	25.927	28.628
272	26.182	28.632
273	26.441	28.586
274	26.737	28.592
275	27.042	28.594
276	27.362	28.596
277	27.688	28.564
278	28.025	28.567
279	28.355	28.521
280	28.694	28.512
281	29.04	28.541
282	29.41	28.627
283	29.762	28.653
284	30.083	28.606
285	30.415	28.575
286	30.705	28.554
287	31.007	28.497
288	31.319	28.557
289	31.592	28.491
290	31.892	28.533
291	32.178	28.621
292	32.44	28.573
293	32.652	28.559
294	32.913	28.602
295	33.143	28.611
296	33.374	28.664
297	33.572	28.62
298	33.795	28.665
299	33.985	28.638
300	34.156	28.587
301	34.305	28.573
302	34.5	28.646
303	34.666	28.714
304	34.803	28.749
305	34.937	28.769
306	35.051	28.798
307	35.117	28.745
308	35.213	28.781
309	35.28	28.782
310	35.347	28.835
311	35.382	28.883
312	35.395	28.95
313	35.362	28.94
314	35.334	29.011
315	35.241	29.032
316	35.103	28.986
317	34.991	29.036
318	34.863	29.061
319	34.675	29.09
320	34.467	29.15
321	34.223	29.09
322	33.981	29.141
323	33.713	29.117
324	33.416	29.098
325	33.11	29.108
326	32.802	29.162
327	32.454	29.135
328	32.115	29.148
329	31.773	29.185
330	31.406	29.186
331	31.03	29.147
332	30.69	29.209
333	30.307	29.175
334	29.945	29.211
335	29.589	29.27
336	29.235	29.207
337	28.915	29.255
338	28.588	29.263
339	28.243	29.231
340	27.933	29.246
341	27.646	29.21
342	27.339	29.202
343	27.053	29.216
344	26.778	29.209
345	26.53	29.161
346	26.288	29.189
347	26.043	29.139
348	25.821	29.116
349	25.628	29.166
350	25.45	29.233
351	25.274	29.215
352	25.123	29.202
353	24.97	29.18
354	24.853	29.176
355	24.71	29.108
356	24.624	29.09
357	24.551	29.066
358	24.515	29.042
359	24.488	29.003
360	24.474	28.935
361	24.499	28.927
362	24.537	28.853
363	24.598	28.833
364	24.7	28.838
365	24.822	28.827
366	24.96	28.845
367	25.113	28.803
368	25.296	28.775
369	25.491	28.718
370	25.7	28.703
371	25.938	28.709
372	26.203	28.662
373	26.483	28.712
374	26.758	28.66
375	27.045	28.597
376	27.362	28.577
377	27.67	28.556
378	28.003	28.49
379	28.328	28.425
380	28.704	28.455
381	29.06	28.478
382	29.388	28.407
383	29.73	28.386
384	30.084	28.397
385	30.419	28.374
386	30.735	28.366
387	31.014	28.347
388	31.316	28.373
389	31.6	28.361
390	31.853	28.287
391	32.116	28.294
392	32.37	28.274
393	32.63	28.282
394	32.883	28.324
395	33.125	28.38
396	33.337	28.344
397	33.541	28.375
398	33.74	28.369
399	33.942	28.401
400	34.149	28.475
401	34.291	28.454
402	34.443	28.458
403	34.603	28.5
404	34.729	28.504
405	34.852	28.513
406	34.942	28.482
407	35.059	28.573
408	35.157	28.647
409	35.183	28.635
410	35.237	28.723
411	35.251	28.747
412	35.267	28.787
413	35.234	28.781
414	35.19	28.757
415	35.115	28.748
416	35.025	28.776
417	34.923	28.852
418	34.743	28.86
419	34.554	28.827
420	34.338	28.766
421	34.118	28.817
422	33.893	28.868
423	33.615	28.894
424	33.3	28.906
425	32.98	28.817
426	32.707	28.918
427	32.41	29.003
428	32.072	29.059
429	31.725	29.068
430	31.387	29.104
431	31.042	29.123
432	30.689	29.077
433	30.324	29.086
434	29.986	29.173
435	29.619	29.101
436	29.294	29.204
437	28.972	29.259
438	28.65	29.255
439	28.321	29.323
440	28.023	29.399
441	27.734	29.451
442	27.448	29.468
443	27.191	29.515
444	26.93	29.527
445	26.684	29.61
446	26.431	29.586
447	26.196	29.545
448	25.977	29.501
449	25.792	29.509
450	25.611	29.602
451	25.425	29.566
452	25.251	29.533
453	25.101	29.428
454	24.977	29.458
455	24.865	29.412
456	24.778	29.418
457	24.708	29.418
458	24.662	29.441
459	24.636	29.384
460	24.631	29.347
461	24.653	29.304
462	24.676	29.232
463	24.751	29.223
464	24.843	29.178
465	24.948	29.157
466	25.065	29.06
467	25.21	28.986
468	25.361	28.913
469	25.559	28.917
470	25.763	28.839
471	26.01	28.795
472	26.251	28.777
473	26.525	28.768
474	26.803	28.755
475	27.109	28.714
476	27.435	28.698
477	27.773	28.65
478	28.114	28.719
479	28.446	28.671
480	28.804	28.687
481	29.138	28.657
482	29.464	28.607
483	29.808	28.589
484	30.147	28.597
485	30.491	28.588
486	30.812	28.564
487	31.152	28.555
488	31.44	28.496
489	31.746	28.526
490	32.041	28.541
491	32.306	28.532
492	32.564	28.533
493	32.836	28.561
494	33.061	28.506
495	33.298	28.561
496	33.535	28.627
497	33.75	28.601
498	33.958	28.647
499	33.989	28.602
500	34.12	28.55
501	34.282	28.591
502	34.417	28.6
503	34.55	28.556
504	34.692	28.554
505	34.801	28.521
506	34.921	28.559
507	35.042	28.604
508	35.097	28.413
509	35.163	28.446
510	35.208	28.552
511	35.212	28.541
512	35.22	28.602
513	35.206	28.66
514	35.145	28.676
515	35.074	28.688
516	35.005	28.775
517	34.868	28.785
518	34.711	28.772
519	34.554	28.848
520	34.37	28.851
521	34.128	28.88
522	33.88	28.942
523	33.625	28.959
524	33.493	29.011
525	33.215	29.062
526	32.878	29.016
527	32.552	29.031
528	32.218	29.037
529	31.892	29.099
530	31.524	29.155
531	31.179	29.217
532	30.805	29.243
533	30.456	29.46
534	30.106	29.473
535	29.75	29.432
536	29.405	29.403
537	29.028	29.372
538	28.702	29.445
539	28.375	29.399
540	28.052	29.407
541	27.739	29.429
542	27.457	29.457
543	27.176	29.533
544	26.894	29.841
545	26.62	29.808
546	26.375	29.806
547	26.154	29.864
548	25.929	29.822
549	25.737	29.82
550	25.547	29.773
551	25.366	29.73
552	25.204	29.73
553	25.052	29.705
554	24.911	29.668
555	24.826	29.682
556	24.733	29.648
557	24.675	29.681
558	24.624	29.613
559	24.575	29.524
560	24.584	29.563
561	24.605	29.566
562	24.675	29.54
563	24.739	29.506
564	24.829	29.452
565	24.941	29.381
566	25.083	29.355
567	25.233	29.311
568	25.402	29.191
569	25.604	28.848
570	25.832	28.894
571	26.07	28.834
572	26.32	28.79
573	26.599	28.823
574	26.872	28.72
575	27.177	28.68
576	27.495	28.688
577	27.828	28.688
578	28.185	28.769
579	28.54	28.797
580	28.877	28.711
581	29.219	28.666
582	29.564	28.636
583	29.911	28.592
584	30.26	28.596
585	30.572	28.558
586	30.902	28.585
587	31.194	28.556
588	31.499	28.546
589	31.792	28.541
590	32.076	28.567
591	32.317	28.505
592	32.574	28.521
593	32.84	28.589
594	33.068	28.567
595	33.285	28.537
596	33.487	28.543
597	33.675	28.491
598	33.842	28.405
599	34.026	28.463
600	34.184	28.511
601	34.346	28.507
602	34.514	28.547
603	34.652	28.559
604	34.768	28.522
605	34.899	28.642
606	35.027	28.652
607	35.131	28.645
608	35.233	28.69
609	35.313	28.735
610	35.364	28.766
611	35.399	28.792
612	35.411	28.878
613	35.373	28.861
614	35.326	28.939
615	35.25	29.004
616	35.159	28.993
617	35.041	29.024
618	34.868	29.024
619	34.705	29.07
620	34.508	29.088
621	34.301	29.095
622	34.07	29.138
623	33.808	29.204
624	33.514	29.207
625	33.23	29.201
626	32.948	29.269
627	32.6	29.219
628	32.258	29.23
629	31.902	29.242
630	31.537	29.193
631	31.184	29.257
632	30.827	29.301
633	30.454	29.411
634	30.074	29.378
635	29.727	29.347
636	29.359	29.309
637	29.026	29.303
638	28.696	29.346
639	28.358	29.33
640	28.039	29.239
641	27.727	29.266
642	27.438	29.225
643	27.173	29.219
644	26.898	29.186
645	26.633	29.117
646	26.384	29.135
647	26.149	29.13
648	25.929	29.129
649	25.744	29.194
650	25.556	29.261
651	25.36	29.178
652	25.201	29.188
653	25.052	28.894
654	24.928	28.839
655	24.807	28.794
656	24.705	28.726
657	24.608	28.634
658	24.56	28.545
659	24.55	28.594
660	24.537	28.584
661	24.561	28.557
662	24.584	28.465
663	24.653	28.402
664	24.765	28.44
665	24.874	28.394
666	25.013	28.427
667	25.17	28.46
668	25.337	28.398
669	25.544	28.422
670	25.761	28.395
671	26	28.358
672	26.247	28.313
673	26.522	28.272
674	26.799	28.217
675	27.088	28.129
676	27.391	28.143
677	27.728	28.168
678	28.058	28.438
679	28.402	28.456
680	28.763	28.526
681	29.109	28.561
682	29.479	28.58
683	29.814	28.572
684	30.133	28.489
685	30.467	28.504
686	30.803	28.542
687	31.116	28.563
688	31.416	28.556
689	31.703	28.556
690	31.999	28.669
691	32.265	28.612
692	32.535	28.614
693	32.803	28.685
694	33.038	28.679
695	33.275	28.788
696	33.499	28.84
697	33.737	28.907
698	33.942	28.974
699	34.13	28.992
700	34.314	29.046
701	34.504	29.097
702	34.658	29.061
703	34.818	29.051
704	34.945	29.055
705	35.059	29.06
706	35.164	29.049
707	35.251	29.096
708	35.346	29.175
709	35.428	29.219
710	35.489	29.27
711	35.49	29.32
712	35.514	29.41
713	35.484	29.486
714	35.406	29.473
715	35.334	29.46
716	35.235	29.496
717	35.095	29.536
718	34.932	29.528
719	34.737	29.562
720	34.509	29.534
721	34.286	29.577
722	34.033	29.588
723	33.75	29.59
724	33.454	29.628
725	33.134	29.611
726	32.829	29.602
727	32.5	29.661
728	32.159	29.644
729	31.811	29.652
730	31.456	29.576
731	31.094	29.539
732	30.733	29.525
733	30.366	29.476
734	30.004	29.526
735	29.648	29.512
736	29.297	29.436
737	28.93	29.365
738	28.591	29.307
739	28.265	29.263
740	27.949	29.259
741	27.656	29.278
742	27.37	29.283
743	27.101	29.308
744	26.847	29.312
745	26.606	29.295
746	26.364	29.249
747	26.114	29.2
748	25.909	29.246
749	25.721	29.243
750	25.536	29.236
751	25.363	29.238
752	25.204	29.241
753	24.901	29.223
754	24.789	29.279
755	24.688	29.333
756	24.605	29.34
757	24.522	29.305
758	24.487	29.308
759	24.45	29.216
760	24.436	29.197
761	24.461	29.208
762	24.535	29.254
763	24.612	29.229
764	24.73	29.275
765	24.823	29.18
766	24.95	29.154
767	25.103	29.069
768	25.268	29.063
769	25.453	29.027
770	25.678	29.047
771	25.896	28.971
772	26.162	29.004
773	26.424	28.908
774	26.697	28.848
775	27.001	28.868
776	27.291	28.81
777	27.61	28.771
778	28.115	28.764
779	28.456	28.754
780	28.788	28.694
781	29.129	28.673
782	29.49	28.686
783	29.834	28.698
784	30.194	28.745
785	30.522	28.709
786	30.857	28.721
787	31.164	28.74
788	31.439	28.738
789	31.711	28.693
790	32.005	28.741
791	32.27	28.735
792	32.513	28.718
793	32.748	28.629
794	33.004	28.629
795	33.216	28.64
796	33.448	28.711
797	33.649	28.699
798	33.835	28.488
799	34.051	28.535
800	34.243	28.545
801	34.411	28.563
802	34.553	28.547
803	34.713	28.577
804	34.852	28.588
805	34.989	28.614
806	35.123	28.679
807	35.221	28.691
808	35.273	28.647
809	35.31	28.58
810	35.35	28.603
811	35.331	28.587
812	35.31	28.521
813	35.298	28.534
814	35.228	28.552
815	35.142	28.571
816	35.052	28.594
817	34.914	28.637
818	34.764	28.735
819	34.576	28.737
820	34.397	28.73
821	34.169	28.755
822	33.922	28.754
823	33.656	28.992
824	33.341	28.967
825	33.047	29.002
826	32.754	29.075
827	32.451	29.132
828	32.122	29.183
829	31.768	29.203
830	31.423	29.274
831	31.056	29.251
832	30.701	29.272
833	30.352	29.326
834	29.997	29.373
835	29.658	29.422
836	29.345	29.515
837	29.02	29.612
838	28.696	29.629
839	28.388	29.675
840	28.097	29.666
841	27.803	29.718
842	27.54	29.757
843	27.269	29.708
844	26.99	29.69
845	26.718	29.625
846	26.485	29.618
847	26.263	29.67
848	26.046	29.653
849	25.834	29.649
850	25.645	29.62
851	25.472	29.598
852	25.311	29.582
853	25.154	29.512
854	25.031	29.505
855	24.91	29.427
856	24.825	29.413
857	24.756	29.409
858	24.696	29.355
859	24.673	29.372
860	24.669	29.336
861	24.688	29.304
862	24.725	29.186
863	24.792	29.146
864	24.892	29.134
865	24.996	29.162
866	25.126	29.13
867	25.271	29.109
868	25.45	29.143
869	25.66	29.194
870	25.872	29.193
871	26.094	29.126
872	26.347	29.084
873	26.616	29.068
874	26.927	29.087
875	27.198	29.038
876	27.507	29.046
877	27.821	29.031
878	28.15	29.077
879	28.473	29.045
880	28.811	29.032
881	29.153	29.06
882	29.478	28.986
883	29.825	28.981
884	30.174	29
885	30.488	28.945
886	30.806	28.925
887	31.104	28.931
888	31.412	28.998
889	31.665	28.94
890	31.93	28.898
891	32.174	28.852
892	32.449	28.853
893	32.674	28.772
894	32.89	28.721
895	33.113	28.704
896	33.345	28.733
897	33.524	28.71
898	33.714	28.71
899	33.686	28.703
900	33.88	28.722
901	34.025	28.652
902	34.17	28.652
903	34.308	28.615
904	34.428	28.586
905	34.562	28.658
906	34.683	28.679
907	34.781	28.708
908	34.86	28.724
909	34.929	28.705
910	34.97	28.694
911	34.992	28.738
912	35.011	28.814
913	34.993	28.833
914	34.995	28.913
915	34.95	28.946
916	34.87	28.987
917	34.743	29.033
918	34.609	29.077
919	34.476	29.148
920	34.312	29.237
921	34.082	29.243
922	33.868	29.298
923	33.63	29.37
924	33.566	29.425
925	33.277	29.409
926	32.994	29.48
927	32.689	29.486
928	32.372	29.496
929	32.048	29.528
930	31.668	29.463
931	31.305	29.485
932	30.965	29.475
933	30.601	29.473
934	30.224	29.482
935	29.889	29.533
936	29.523	29.472
937	29.185	29.507
938	28.864	29.529
939	28.518	29.429
940	28.199	29.426
941	27.915	29.472
942	27.614	29.425
943	27.333	29.431
944	27.031	29.337
945	26.765	29.323
946	26.52	29.286
947	26.28	29.243
948	26.068	29.233
949	25.842	29.143
950	25.658	29.219
951	25.453	29.177
952	25.282	29.151
953	25.121	29.086
954	24.997	29.07
955	24.901	29.032
956	24.797	28.961
957	24.716	28.931
958	24.677	28.972
959	24.663	28.963
960	24.664	28.983
961	24.696	29.008
962	24.727	28.955
963	24.782	28.918
964	24.877	28.98
965	24.98	28.893
966	25.104	28.826
967	25.264	28.806
968	25.446	28.793
969	25.661	28.791
970	25.867	28.728
971	26.112	28.754
972	26.373	28.767
973	26.637	28.753
974	26.936	28.77
975	27.227	28.727
976	27.536	28.707
977	27.851	28.711
978	28.174	28.753
979	28.501	28.7
980	28.848	28.734
981	29.181	28.696
982	29.534	28.734
983	29.867	28.646
984	30.187	28.593
985	30.484	28.523
986	30.813	28.535
987	31.125	28.482
988	31.408	28.456
989	31.703	28.467
990	31.99	28.585
991	32.252	28.63
992	32.489	28.592
993	32.722	28.607
994	32.959	28.667
995	33.188	28.676
996	33.376	28.654
997	33.577	28.651
998	33.763	28.624
999	33.927	28.653
1000	34.111	28.646
1001	34.315	28.714
1002	34.479	28.707
1003	34.624	28.687
1004	34.776	28.749
1005	34.913	28.803
1006	35.036	28.797
1007	35.134	28.792
1008	35.224	28.882
1009	35.3	28.975
1010	35.375	29.071
1011	35.363	29.019
1012	35.366	29.091
1013	35.362	29.117
1014	35.311	29.155
1015	35.236	29.186
1016	35.122	29.146
1017	35.011	29.225
1018	34.852	29.235
1019	34.658	29.258
1020	34.454	29.33
1021	34.24	29.41
1022	33.998	29.408
1023	33.739	29.465
1024	33.476	29.469
1025	33.174	29.475
1026	32.85	29.476
1027	32.526	29.514
1028	32.207	29.546
1029	31.876	29.622
1030	31.535	29.647
1031	31.195	29.745
1032	30.836	29.758
1033	30.474	29.773
1034	30.116	29.683
1035	29.766	29.668
1036	29.432	29.635
1037	29.093	29.641
1038	28.747	29.62
1039	28.428	29.624
1040	28.096	29.566
1041	27.811	29.554
1042	27.502	29.525
1043	27.24	29.532
1044	26.975	29.457
1045	26.73	29.451
1046	26.488	29.361
1047	26.243	29.334
1048	26.024	29.313
1049	25.814	29.306
1050	25.615	29.271
1051	25.427	29.222
1052	25.263	29.144
1053	25.119	29.111
1054	24.984	29.058
1055	24.857	29.002
1056	24.753	28.947
1057	24.682	28.971
1058	24.627	28.897
1059	24.598	28.978
1060	24.597	28.92
1061	24.63	29.028
1062	24.661	28.951
1063	24.726	28.896
1064	24.805	28.838
1065	24.935	28.828
1066	25.056	28.843
1067	25.225	28.876
1068	25.405	28.894
1069	25.588	28.897
1070	25.788	28.835
1071	26.022	28.821
1072	26.284	28.832
1073	26.557	28.811
1074	26.854	28.837
1075	27.141	28.829
1076	27.473	28.872
1077	27.802	28.952
1078	28.117	28.957
1079	28.448	28.891
1080	28.792	28.915
1081	29.139	28.891
1082	29.498	28.91
1083	29.854	28.961
1084	30.193	28.933
1085	30.519	28.999
1086	30.813	28.945
1087	31.138	28.956
1088	31.466	29.036
1089	31.77	29.064
1090	32.05	29.086
1091	32.307	29.058
1092	32.565	28.977
1093	32.793	28.97
1094	33.055	28.986
1095	33.302	29.031
1096	33.511	29.081
1097	33.703	29.05
1098	33.909	29.075
1099	34.089	29.06
1100	34.272	29.08
1101	34.426	28.999
1102	34.553	28.897
1103	34.73	28.975
1104	34.871	29.033
1105	35.01	29.015
1106	35.128	29.017
1107	35.205	28.955
1108	35.257	28.931
1109	35.306	28.882
1110	35.329	28.828
1111	35.35	28.796
1112	35.332	28.787
1113	35.283	28.757
1114	35.223	28.727
1115	35.136	28.75
1116	35.063	28.768
1117	34.943	28.86
1118	34.811	28.887
1119	34.598	28.904
1120	34.384	28.913
1121	34.169	28.927
1122	33.915	28.959
1123	33.625	28.96
1124	33.327	28.897
1125	33.034	28.921
1126	32.732	29.029
1127	32.423	29.082
1128	32.088	29.07
1129	31.734	29.017
1130	31.384	29.074
1131	31.029	29.103
1132	30.692	29.205
1133	30.351	29.208
1134	29.993	29.254
1135	29.638	29.247
1136	29.299	29.332
1137	28.96	29.366
1138	28.636	29.413
1139	28.301	29.368
1140	28.008	29.369
1141	27.691	29.359
1142	27.396	29.363
1143	27.123	29.372
1144	26.875	29.337
1145	26.634	29.36
1146	26.39	29.347
1147	26.164	29.34
1148	25.95	29.289
1149	25.739	29.307
1150	25.551	29.316
1151	25.361	29.275
1152	25.194	29.224
1153	25.036	29.149
1154	24.917	29.23
1155	24.79	29.114
1156	24.698	29.084
1157	24.614	28.952
1158	24.548	28.909
1159	24.538	28.888
1160	24.535	28.88
1161	24.541	28.791
1162	24.601	28.807
1163	24.652	28.745
1164	24.753	28.831
1165	24.85	28.806
1166	24.976	28.788
1167	25.13	28.756
1168	25.3	28.722
1169	25.491	28.679
1170	25.696	28.617
1171	25.925	28.618
1172	26.196	28.657
1173	26.45	28.664
1174	26.744	28.715
1175	27.038	28.649
1176	27.351	28.618
1177	27.669	28.642
1178	27.999	28.665
1179	28.319	28.564
1180	28.663	28.592
1181	29.011	28.558
1182	29.346	28.565
1183	29.717	28.578
1184	30.037	28.525
1185	30.372	28.56
1186	30.709	28.555
1187	30.998	28.512
1188	31.302	28.494
1189	31.584	28.468
1190	31.853	28.431
1191	32.137	28.495
1192	32.382	28.437
1193	32.61	28.403
1194	32.846	28.444
1195	33.087	28.485
1196	33.328	28.497
1197	33.52	28.45
1198	33.732	28.419
1199	33.929	28.415
1200	34.12	28.454
1201	34.283	28.483
1202	34.46	28.523
1203	34.617	28.531
1204	34.767	28.621
1205	34.902	28.63
1206	35.011	28.733
1207	35.122	28.775
1208	35.195	28.817
1209	35.265	28.918
1210	35.294	28.882
1211	35.331	28.984
1212	35.343	28.985
1213	35.334	29.068
1214	35.287	29.11
1215	35.218	29.094
1216	35.137	29.084
1217	35.001	29.132
1218	34.859	29.157
1219	34.693	29.162
1220	34.491	29.154
1221	34.252	29.205
1222	34.032	29.29
1223	33.791	29.389
1224	33.48	29.353
1225	33.191	29.421
1226	32.908	29.478
1227	32.598	29.543
1228	32.258	29.582
1229	31.918	29.609
1230	31.587	29.674
1231	31.243	29.678
1232	30.882	29.659
1233	30.522	29.648
1234	30.172	29.611
1235	29.828	29.646
1236	29.464	29.592
1237	29.132	29.657
1238	28.813	29.684
1239	28.498	29.672
1240	28.201	29.743
1241	27.902	29.775
1242	27.637	29.827
1243	27.358	29.833
1244	27.102	29.907
1245	26.834	29.866
1246	26.585	29.778
1247	26.331	29.674
1248	26.106	29.625
1249	25.914	29.601
1250	25.718	29.596
1251	25.521	29.501
1252	25.351	29.477
1253	25.197	29.433
1254	25.068	29.406
1255	24.946	29.4
1256	24.844	29.317
1257	24.766	29.301
1258	24.696	29.256
1259	24.665	29.301
1260	24.66	29.308
1261	24.691	29.308
1262	24.722	29.274
1263	24.773	29.166
1264	24.846	29.108
1265	24.934	29.025
1266	25.054	28.999
1267	25.184	28.912
1268	25.359	28.922
1269	25.525	28.835
1270	25.733	28.827
1271	25.96	28.832
1272	26.206	28.838
1273	26.472	28.818
1274	26.744	28.842
1275	27.05	28.82
1276	27.349	28.804
1277	27.657	28.723
1278	27.999	28.781
1279	28.337	28.729
1280	28.669	28.656
1281	29.008	28.624
1282	29.345	28.615
1283	29.703	28.618
1284	30.052	28.612
1285	30.369	28.547
1286	30.691	28.574
1287	31.019	28.562
1288	31.327	28.617
1289	31.618	28.62
1290	31.918	28.658
1291	32.193	28.609
1292	32.469	28.626
1293	32.706	28.564
1294	32.969	28.628
1295	33.22	28.704
1296	33.445	28.694
1297	33.679	28.756
1298	33.867	28.736
1299	34.09	28.795
1300	34.246	28.721
1301	34.445	28.78
1302	34.628	28.819
1303	34.79	28.785
1304	34.917	28.824
1305	35.053	28.872
1306	35.168	28.938
1307	35.283	29.037
1308	35.354	29.073
1309	35.393	29.076
1310	35.277	29.096
1311	35.251	29.067
1312	35.249	29.132
1313	35.204	29.133
1314	35.153	29.188
1315	35.075	29.242
1316	34.97	29.268
1317	34.837	29.313
1318	34.683	29.376
1319	34.507	29.415
1320	34.294	29.419
1321	34.057	29.457
1322	33.804	29.454
1323	33.529	29.493
1324	33.244	29.499
1325	32.933	29.555
1326	32.595	29.563
1327	32.265	29.594
1328	31.903	29.589
1329	31.576	29.629
1330	31.224	29.655
1331	30.863	29.671
1332	30.508	29.641
1333	30.162	29.584
1334	29.81	29.52
1335	29.584	29.551
1336	29.251	29.544
1337	28.907	29.484
1338	28.59	29.427
1339	28.29	29.4
1340	27.983	29.343
1341	27.67	29.334
1342	27.384	29.277
1343	27.132	29.314
1344	26.85	29.226
1345	26.59	29.186
1346	26.373	29.221
1347	26.154	29.186
1348	25.938	29.161
1349	25.73	29.111
1350	25.564	29.131
1351	25.404	29.106
1352	25.247	29.058
1353	25.1	29.064
1354	24.973	29
1355	24.851	28.933
1356	24.768	28.888
1357	24.7	28.908
1358	24.652	28.963
1359	24.62	28.977
1360	24.632	28.956
1361	24.665	28.996
1362	24.707	29
1363	24.761	29.019
1364	24.833	28.961
1365	24.95	28.958
1366	25.097	28.977
1367	25.253	28.982
1368	25.421	28.908
1369	25.636	28.921
1370	25.854	28.864
1371	26.083	28.859
1372	26.323	28.853
1373	26.599	28.849
1374	26.878	28.846
1375	27.156	28.795
1376	27.466	28.782
1377	27.777	28.758
1378	28.118	28.68
1379	28.441	28.648
1380	28.809	28.696
1381	29.155	28.726
1382	29.501	28.631
1383	29.861	28.634
1384	30.219	28.638
1385	30.55	28.642
1386	30.875	28.631
1387	31.179	28.636
1388	31.5	28.691
1389	31.807	28.729
1390	32.077	28.757
1391	32.34	28.687
1392	32.599	28.74
1393	32.82	28.723
1394	33.042	28.737
1395	33.253	28.762
1396	33.458	28.713
1397	33.658	28.709
1398	33.853	28.738
1399	34.061	28.762
1400	34.257	28.831
1401	34.405	28.835
1402	34.564	28.846
1403	34.715	28.918
1404	34.855	28.986
1405	34.961	28.947
1406	35.057	28.926
1407	35.142	28.972
1408	35.203	28.995
1409	35.246	29.043
1410	35.296	29.111
1411	35.32	29.095
1412	35.318	29.062
1413	35.28	29.035
1414	35.227	29.066
1415	35.165	29.122
1416	35.084	29.231
1417	34.943	29.227
1418	34.806	29.312
1419	34.615	29.287
1420	34.423	29.325
1421	34.213	29.382
1422	33.979	29.444
1423	33.734	29.457
1424	33.446	29.487
1425	33.131	29.448
1426	32.853	29.491
1427	32.516	29.522
1428	32.203	29.569
1429	31.869	29.582
1430	31.505	29.588
1431	31.184	29.695
1432	30.845	29.788
1433	30.479	29.735
1434	30.115	29.69
1435	29.736	29.637
1436	29.383	29.635
1437	29.049	29.632
1438	28.736	29.634
1439	28.414	29.633
1440	28.08	29.543
1441	27.784	29.541
1442	27.502	29.483
1443	27.223	29.435
1444	26.972	29.451
1445	26.723	29.43
1446	26.467	29.383
1447	26.228	29.323
1448	26.008	29.326
1449	25.784	29.233
1450	25.596	29.181
1451	25.405	29.13
1452	25.248	29.082
1453	25.086	29.011
1454	24.946	28.968
1455	24.833	28.966
1456	24.719	28.88
1457	24.646	28.797
1458	24.595	28.758
1459	24.571	28.768
1460	24.586	28.765
1461	24.601	28.748
1462	24.651	28.82
1463	24.71	28.786
1464	24.793	28.766
1465	24.913	28.768
1466	25.04	28.745
1467	25.207	28.756
1468	25.366	28.709
1469	25.56	28.731
1470	25.793	28.763
1471	26.033	28.751
1472	26.287	28.758
1473	26.566	28.741
1474	26.865	28.776
1475	27.168	28.841
1476	27.476	28.839
1477	27.811	28.9
1478	28.14	28.858
1479	28.482	28.845
1480	28.85	28.842
1481	29.218	28.868
1482	29.542	28.839
1483	29.887	28.861
1484	30.216	28.814
1485	30.543	28.833
1486	30.863	28.783
1487	31.171	28.77
1488	31.476	28.771
1489	31.77	28.776
1490	32.058	28.792
1491	32.324	28.744
1492	32.571	28.787
1493	32.852	28.861
1494	33.084	28.851
1495	33.3	28.821
1496	33.507	28.828
1497	33.71	28.784
1498	33.885	28.81
1499	34.079	28.861
1500	34.258	28.786
1501	34.44	28.858
1502	34.577	28.822
1503	34.741	28.936
1504	34.865	28.943
1505	34.985	28.955
1506	35.096	28.983
1507	35.189	28.993
1508	35.271	29.084
1509	35.333	29.08
1510	35.365	29.111
1511	35.384	29.177
1512	35.371	29.162
1513	35.337	29.194
1514	35.278	29.214
1515	35.197	29.269
1516	35.1	29.349
1517	34.961	29.355
1518	34.805	29.367
1519	34.619	29.349
1520	34.393	29.379
1521	34.181	29.452
1522	33.946	29.547
1523	33.688	29.53
1524	33.391	29.475
1525	33.086	29.555
1526	32.769	29.482
1527	32.478	29.553
1528	32.119	29.486
1529	31.782	29.494
1530	31.44	29.573
1531	31.073	29.535
1532	30.725	29.536
1533	30.382	29.524
1534	30.058	29.598
1535	29.717	29.63
1536	29.379	29.631
1537	29.044	29.638
1538	28.71	29.627
1539	28.412	29.638
1540	28.111	29.586
1541	27.802	29.567
1542	27.528	29.535
1543	27.248	29.533
1544	26.99	29.539
1545	26.745	29.516
1546	26.502	29.41
1547	26.27	29.35
1548	26.036	29.324
1549	25.844	29.39
1550	25.649	29.347
1551	25.471	29.311
1552	25.291	29.274
1553	25.158	29.277
1554	25.034	29.267
1555	24.919	29.234
1556	24.829	29.225
1557	24.773	29.267
1558	24.714	29.191
1559	24.669	29.108
1560	24.665	29.066
1561	24.676	29.064
1562	24.72	29.074
1563	24.797	29.121
1564	24.87	29.062
1565	24.954	28.999
1566	25.076	28.897
1567	25.216	28.825
1568	25.379	28.781
1569	25.585	28.81
1570	25.8	28.814
1571	26.023	28.785
1572	26.262	28.772
1573	26.541	28.792
1574	26.809	28.686
1575	27.113	28.719
1576	27.432	28.788
1577	27.76	28.765
1578	28.092	28.761
1579	28.419	28.716
1580	28.746	28.62
1581	29.098	28.656
1582	29.443	28.63
1583	29.799	28.699
1584	30.127	28.733
1585	30.464	28.68
1586	30.78	28.656
1587	31.116	28.652
1588	31.42	28.607
1589	31.715	28.593
1590	32.016	28.631
1591	32.306	28.73
1592	32.581	28.796
1593	32.821	28.78
1594	33.05	28.771
1595	33.178	28.797
1596	33.4	28.82
1597	33.623	28.81
1598	33.818	28.787
1599	33.994	28.796
1600	34.197	28.793
1601	34.352	28.73
1602	34.502	28.739
1603	34.66	28.795
1604	34.792	28.84
1605	34.927	28.871
1606	35.019	28.79
1607	35.098	28.8
1608	35.143	28.741
1609	35.227	28.794
1610	35.239	28.842
1611	35.256	28.826
1612	35.237	28.868
1613	35.195	28.888
1614	35.102	28.877
1615	35.017	28.847
1616	34.918	28.863
1617	34.796	28.939
1618	34.649	28.945
1619	34.448	28.924
1620	34.369	28.925
1621	34.167	29.031
1622	33.951	29.146
1623	33.676	29.16
1624	33.406	29.222
1625	33.096	29.262
1626	32.776	29.278
1627	32.463	29.337
1628	32.123	29.336
1629	31.791	29.37
1630	31.443	29.435
1631	31.094	29.499
1632	30.755	29.567
1633	30.413	29.583
1634	30.063	29.574
1635	29.726	29.539
1636	29.415	29.633
1637	29.078	29.642
1638	28.75	29.645
1639	28.458	29.708
1640	28.145	29.722
1641	27.83	29.651
1642	27.532	29.585
1643	27.271	29.633
1644	27.009	29.627
1645	26.749	29.595
1646	26.506	29.532
1647	26.275	29.461
1648	26.062	29.427
1649	25.871	29.402
1650	25.668	29.335
1651	25.508	29.39
1652	25.345	29.351
1653	25.197	29.271
1654	25.065	29.249
1655	24.959	29.257
1656	24.854	29.227
1657	24.769	29.116
1658	24.714	29.104
1659	24.689	29.1
1660	24.685	29.134
1661	24.685	29.03
1662	24.707	28.913
1663	24.766	28.921
1664	24.837	28.856
1665	24.957	28.907
1666	25.098	28.916
1667	25.254	28.9
1668	25.421	28.825
1669	25.632	28.851
1670	25.83	28.834
1671	26.05	28.799
1672	26.286	28.79
1673	26.562	28.792
1674	26.845	28.821
1675	27.131	28.817
1676	27.43	28.764
1677	27.752	28.774
1678	28.087	28.785
1679	28.433	28.744
1680	28.759	28.654
1681	29.119	28.659
1682	29.478	28.722
1683	29.835	28.726
1684	30.159	28.714
1685	30.5	28.688
1686	30.843	28.781
1687	31.183	28.854
1688	31.482	28.817
1689	31.778	28.801
1690	32.053	28.742
1691	32.305	28.715
1692	32.561	28.701
1693	32.811	28.706
1694	33.019	28.65
1695	33.251	28.642
1696	33.473	28.678
1697	33.674	28.652
1698	33.884	28.704
1699	34.056	28.635
1700	34.264	28.626
1701	34.438	28.653
1702	34.608	28.634
1703	34.744	28.66
1704	34.869	28.683
1705	35.026	28.761
1706	35.14	28.796
1707	35.238	28.824
1708	35.308	28.845
1709	35.354	28.847
1710	35.388	28.888
1711	35.372	28.833
1712	35.342	28.837
1713	35.315	28.818
1714	35.267	28.85
1715	35.194	28.943
1716	35.081	28.964
1717	34.942	28.97
1718	34.781	29.012
1719	34.613	29.034
1720	34.402	29.049
1721	34.17	29.044
1722	33.93	29.124
1723	33.623	29.111
1724	33.344	29.187
1725	33.059	29.287
1726	32.746	29.305
1727	32.401	29.333
1728	32.062	29.354
1729	31.718	29.348
1730	31.363	29.369
1731	31.029	29.359
1732	30.666	29.365
1733	30.309	29.361
1734	29.987	29.392
1735	29.624	29.321
1736	29.29	29.287
1737	28.97	29.261
1738	28.654	29.339
1739	28.344	29.328
1740	28.024	29.265
1741	27.738	29.316
1742	27.445	29.324
1743	27.174	29.28
1744	26.911	29.285
1745	26.66	29.288
1746	26.423	29.238
1747	26.205	29.198
1748	26	29.166
1749	25.802	29.13
1750	25.595	29.012
1751	25.411	28.949
1752	25.25	28.882
1753	25.12	28.863
1754	25.001	28.871
1755	24.871	28.803
1756	24.773	28.821
1757	24.688	28.775
1758	24.656	28.81
1759	24.612	28.752
1760	24.6	28.72
1761	24.613	28.772
1762	24.642	28.761
1763	24.692	28.681
1764	24.774	28.725
1765	24.884	28.679
1766	25.017	28.616
1767	25.173	28.61
1768	25.331	28.603
1769	25.525	28.573
1770	25.763	28.619
1771	25.992	28.603
1772	26.232	28.593
1773	26.49	28.619
1774	26.752	28.584
1775	27.042	28.596
1776	27.358	28.616
1777	27.686	28.657
1778	27.999	28.59
1779	28.33	28.559
1780	28.672	28.583
1781	28.996	28.521
1782	29.348	28.51
1783	29.68	28.501
1784	30.016	28.521
1785	30.353	28.578
1786	30.683	28.5
1787	31.03	28.51
1788	31.345	28.498
1789	31.628	28.461
1790	31.923	28.49
1791	32.191	28.519
1792	32.464	28.564
1793	32.724	28.587
1794	32.962	28.568
1795	33.19	28.516
1796	33.434	28.607
1797	33.625	28.585
1798	33.851	28.61
1799	34.066	28.674
1800	34.273	28.692
1801	34.444	28.727
1802	34.611	28.739
1803	34.791	28.843
1804	34.92	28.87
1805	35.057	28.882
1806	35.198	28.933
1807	35.312	28.962
1808	35.352	28.905
1809	35.43	28.909
1810	35.483	28.956
1811	35.482	29.012
1812	35.452	29.044
1813	35.418	29.106
1814	35.389	29.181
1815	35.319	29.224
1816	35.229	29.255
1817	35.081	29.202
1818	34.949	29.263
1819	34.761	29.32
1820	34.527	29.347
1821	34.297	29.406
1822	34.068	29.427
1823	33.804	29.42
1824	33.492	29.382
1825	33.165	29.413
1826	32.854	29.426
1827	32.52	29.444
1828	32.179	29.48
1829	31.844	29.509
1830	31.475	29.492
1831	31.107	29.502
1832	30.731	29.445
1833	30.415	29.544
1834	30.052	29.537
1835	29.689	29.459
1836	29.364	29.446
1837	29.01	29.393
1838	28.672	29.355
1839	28.365	29.34
1840	28.053	29.382
1841	27.743	29.332
1842	27.457	29.342
1843	27.17	29.304
1844	26.92	29.337
1845	26.679	29.29
1846	26.428	29.18
1847	26.199	29.173
1848	25.984	29.15
1849	25.786	29.139
1850	25.606	29.117
1851	25.429	29.095
1852	25.261	29.042
1853	25.092	28.947
1854	24.955	28.908
1855	24.858	28.893
1856	24.771	28.895
1857	24.706	28.914
1858	24.641	28.864
1859	24.617	28.87
1860	24.62	28.929
1861	24.624	28.907
1862	24.664	28.873
1863	24.745	28.864
1864	24.815	28.802
1865	24.924	28.776
1866	25.045	28.767
1867	25.211	28.801
1868	25.396	28.827
1869	25.576	28.798
1870	25.79	28.848
1871	26.029	28.903
1872	26.273	28.856
1873	26.533	28.842
1874	26.812	28.821
1875	27.115	28.807
1876	27.44	28.831
1877	27.779	28.858
1878	28.123	28.872
1879	28.484	28.92
1880	28.822	28.876
1881	29.187	28.878
1882	29.538	28.928
1883	29.88	28.843
1884	30.215	28.807
1885	30.544	28.711
1886	30.882	28.712
1887	31.227	28.756
1888	31.527	28.741
1889	31.844	28.813
1890	32.108	28.751
1891	32.424	28.782
1892	32.676	28.723
1893	32.932	28.675
1894	33.2	28.689
1895	33.417	28.643
1896	33.647	28.61
1897	33.881	28.699
1898	34.1	28.755
1899	34.314	28.782
1900	34.492	28.811
1901	34.645	28.782
1902	34.785	28.781
1903	34.948	28.82
1904	35.065	28.773
1905	35.207	28.875
1906	35.278	28.804
1907	35.352	28.765
1908	35.435	28.856
1909	35.488	28.869
1910	35.502	28.95
1911	35.497	28.991
1912	35.456	29.034
1913	35.406	29.067
1914	35.341	29.086
1915	35.253	29.112
1916	35.111	29.121
1917	34.963	29.173
1918	34.785	29.25
1919	34.582	29.295
1920	34.365	29.304
1921	34.135	29.365
1922	33.883	29.397
1923	33.591	29.341
1924	33.298	29.394
1925	33.006	29.403
1926	32.668	29.4
1927	32.339	29.351
1928	31.986	29.291
1929	31.65	29.323
1930	31.286	29.311
1931	30.953	29.38
1932	30.62	29.435
1933	30.256	29.412
1934	29.907	29.461
1935	29.572	29.467
1936	29.244	29.442
1937	28.913	29.38
1938	28.597	29.427
1939	28.275	29.42
1940	27.994	29.467
1941	27.717	29.513
1942	27.445	29.531
1943	27.185	29.486
1944	26.913	29.423
1945	26.679	29.454
1946	26.422	29.37
1947	26.178	29.303
1948	25.968	29.367
1949	25.766	29.335
1950	25.571	29.314
1951	25.41	29.328
1952	25.249	29.321
1953	25.116	29.391
1954	24.969	29.38
1955	24.854	29.303
1956	24.761	29.284
1957	24.69	29.282
1958	24.632	29.239
1959	24.595	29.167
1960	24.584	29.091
1961	24.601	29.096
1962	24.642	29.102
1963	24.699	29.03
1964	24.776	28.937
1965	24.869	28.873
1966	24.983	28.791
1967	25.136	28.751
1968	25.294	28.692
1969	25.51	28.724
1970	25.713	28.697
1971	25.934	28.698
1972	26.198	28.731
1973	26.457	28.655
1974	26.745	28.621
1975	27.046	28.66
1976	27.342	28.614
1977	27.662	28.634
1978	27.978	28.547
1979	28.334	28.587
1980	28.694	28.637
1981	29.033	28.633
1982	29.376	28.644
1983	29.738	28.711
1984	30.077	28.728
1985	30.412	28.761
1986	30.754	28.731
1987	31.085	28.758
1988	31.421	28.799
1989	31.745	28.868
1990	32.021	28.856
1991	32.297	28.81
1992	32.56	28.817
1993	32.828	28.893
1994	33.048	28.828
1995	33.272	28.814
1996	33.527	28.848
1997	33.726	28.8
1998	33.932	28.84
1999	34.128	28.927
2000	34.295	28.853
2001	34.477	28.854
2002	34.625	28.863
2003	34.793	28.956
2004	34.91	28.918
2005	35.019	28.887
2006	35.14	28.903
2007	35.223	28.857
2008	35.292	28.833
2009	35.04	28.873
2010	35.083	28.918
2011	35.08	28.987
2012	35.047	28.962
2013	34.981	28.924
2014	34.904	28.934
2015	34.835	28.944
2016	34.719	29.007
2017	34.566	28.956
2018	34.39	28.915
2019	34.187	28.94
2020	34.012	29.021
2021	33.765	28.979
2022	33.525	29.038
2023	33.251	29.015
2024	32.957	28.981
2025	32.648	29.037
2026	32.331	29.093
2027	32.023	29.124
2028	31.677	29.039
2029	31.365	29.058
2030	31.032	29.151
2031	30.68	29.2
2032	30.346	29.221
2033	30.021	29.269
2034	29.947	29.316
2035	29.592	29.283
2036	29.265	29.284
2037	28.951	29.338
2038	28.635	29.33
2039	28.33	29.358
2040	28.029	29.402
2041	27.741	29.369
2042	27.471	29.449
2043	27.202	29.465
2044	26.961	29.484
2045	26.705	29.472
2046	26.485	29.556
2047	26.26	29.542
2048	26.066	29.622
2049	25.862	29.585
2050	25.679	29.553
2051	25.521	29.534
2052	25.374	29.557
2053	25.235	29.617
2054	25.098	29.598
2055	24.989	30.4
2056	24.88	30.301
2057	24.795	30.257
2058	24.721	30.146
2059	24.675	30.092
2060	24.676	30.058
2061	24.689	30.041
2062	24.719	30.026
2063	24.778	30.034
2064	24.85	29.923
2065	24.943	29.883
2066	25.079	29.962
2067	25.228	29.914
2068	25.398	29.906
2069	25.592	29.922
2070	25.812	29.885
2071	26.023	29.808
2072	26.256	29.735
2073	26.515	29.672
2074	26.8	29.68
2075	27.105	29.678
2076	27.411	29.664
2077	27.701	29.594
2078	28.024	29.496
2079	28.372	29.515
2080	28.688	28.645
2081	29.054	28.689
2082	29.407	28.719
2083	29.757	28.735
2084	30.117	28.742
2085	30.467	28.802
2086	30.794	28.787
2087	31.111	28.766
2088	31.431	28.811
2089	31.727	28.82
2090	32.025	28.778
2091	32.295	28.769
2092	32.564	28.816
2093	32.817	28.791
2094	33.05	28.773
2095	33.285	28.742
2096	33.539	28.823
2097	33.748	28.841
2098	33.926	28.812
2099	34.144	28.872
2100	34.339	28.926
2101	34.509	28.922
2102	34.691	28.904
2103	34.862	29.017
2104	34.996	29.062
2105	35.137	29.057
2106	35.232	29.017
2107	35.335	29.044
2108	35.41	29.104
2109	35.441	29.118
2110	35.458	29.108
2111	35.485	29.175
2112	35.486	29.247
2113	35.456	29.229
2114	35.393	29.215
2115	35.307	29.303
2116	35.205	29.324
2117	35.053	29.298
2118	34.884	29.328
2119	34.706	29.384
2120	34.488	29.474
2121	34.222	29.414
2122	33.992	29.485
2123	33.732	29.478
2124	33.432	29.434
2125	33.131	29.404
2126	32.814	29.407
2127	32.501	29.502
2128	32.143	29.46
2129	31.783	29.386
2130	31.438	29.404
2131	31.094	29.424
2132	30.728	29.4
2133	30.369	29.358
2134	30.026	29.358
2135	29.673	29.331
2136	29.318	29.243
2137	28.977	29.15
2138	28.638	29.173
2139	28.343	29.266
2140	28.048	29.275
2141	27.743	29.219
2142	27.467	29.187
2143	27.2	29.184
2144	26.957	29.153
2145	26.717	29.096
2146	26.492	29.102
2147	26.265	29.08
2148	26.06	29.115
2149	25.863	29.13
2150	25.656	29.099
2151	25.478	29.084
2152	25.316	29.066
2153	25.169	29.001
2154	25.06	29.038
2155	24.946	29.019
2156	24.864	29.071
2157	24.786	29.027
2158	24.748	29.022
2159	24.703	28.986
2160	24.708	28.999
2161	24.717	29.039
2162	24.749	29.05
2163	24.821	29.05
2164	24.886	28.986
2165	25.001	28.984
2166	25.128	28.965
2167	25.274	29.047
2168	25.443	29.019
2169	25.61	28.944
2170	25.81	28.92
2171	26.042	28.931
2172	26.294	28.908
2173	26.552	28.855
2174	26.807	28.791
2175	27.11	28.795
2176	27.417	28.832
2177	27.715	28.752
2178	28.063	28.843
2179	28.376	28.813
2180	28.72	28.813
2181	29.043	28.698
2182	29.399	28.758
2183	29.744	28.81
2184	30.094	28.788
2185	30.404	28.767
2186	30.743	28.758
2187	31.066	28.74
2188	31.372	28.715
2189	31.658	28.685
2190	31.923	28.618
2191	32.211	28.642
2192	32.48	28.605
2193	32.749	28.69
2194	32.99	28.684
2195	33.208	28.698
2196	33.411	28.658
2197	33.63	28.692
2198	33.84	28.789
2199	34.059	28.851
2200	34.242	28.857
2201	34.437	28.87
2202	34.619	28.931
2203	34.769	28.93
2204	34.927	28.978
2205	35.05	29.006
2206	35.161	29.099
2207	35.24	29.013
2208	35.31	29.006
2209	35.381	29.056
2210	35.429	29.082
2211	35.43	29.071
2212	35.439	29.15
2213	35.382	29.172
2214	35.358	29.271
2215	35.282	29.352
2216	35.147	29.35
2217	34.995	29.303
2218	34.833	29.291
2219	34.645	29.354
2220	34.432	29.356
2221	34.195	29.365
2222	33.926	29.311
2223	33.666	29.31
2224	33.356	29.28
2225	33.055	29.289
2226	32.715	29.267
2227	32.383	29.273
2228	32.054	29.309
2229	31.722	29.304
2230	31.381	29.354
2231	31.053	29.383
2232	30.705	29.438
2233	30.366	29.446
2234	30.025	29.436
2235	29.675	29.425
2236	29.327	29.423
2237	28.996	29.416
2238	28.683	29.37
2239	28.359	29.311
2240	28.064	29.328
2241	27.791	29.361
2242	27.517	29.426
2243	27.312	29.469
2244	27.08	29.471
2245	26.833	29.443
2246	26.6	29.463
2247	26.365	29.47
2248	26.151	29.477
2249	25.961	29.511
2250	25.768	29.468
2251	25.588	29.461
2252	25.44	29.446
2253	25.276	29.356
2254	25.139	29.315
2255	25.025	29.25
2256	24.907	29.167
2257	24.816	29.128
2258	24.748	29.099
2259	24.718	29.136
2260	24.724	29.163
2261	24.737	29.176
2262	24.748	29.091
2263	24.805	29.143
2264	24.878	29.087
2265	24.967	28.969
2266	25.082	28.924
2267	25.212	28.872
2268	25.325	28.818
2269	25.496	28.775
2270	25.696	28.774
2271	25.922	28.75
2272	26.174	28.761
2273	26.425	28.751
2274	26.695	28.665
2275	26.972	28.657
2276	27.291	28.703
2277	27.583	28.663
2278	27.894	28.655
2279	28.226	28.665
2280	28.557	28.71
2281	28.917	28.774
2282	29.289	28.799
2283	29.634	28.839
2284	29.963	28.829
2285	30.277	28.822
2286	30.607	28.804
2287	30.933	28.797
2288	31.253	28.75
2289	31.572	28.778
2290	31.86	28.823
2291	32.125	28.824
2292	32.423	28.856
2293	32.671	28.824
2294	32.901	28.842
2295	33.164	28.886
2296	33.401	28.902
2297	33.596	28.871
2298	33.783	28.811
2299	33.978	28.859
2300	34.188	28.906
2301	34.362	28.851
2302	34.546	28.919
2303	34.715	28.912
2304	34.843	28.887
2305	34.991	28.861
2306	35.085	28.819
2307	35.182	28.863
2308	35.238	28.787
2309	35.269	28.746
2310	35.318	28.78
2311	35.36	28.856
2312	35.345	28.902
2313	35.307	28.921
2314	35.229	28.905
2315	35.143	28.903
2316	35.044	28.958
2317	34.882	28.925
2318	34.723	28.984
2319	34.538	28.979
2320	34.316	28.949
2321	34.09	29.007
2322	33.877	29.051
2323	33.624	29.067
2324	33.334	29.07
2325	33.022	29.072
2326	32.686	29.076
2327	32.375	29.089
2328	32.042	29.123
2329	31.702	29.136
2330	31.34	29.139
2331	31.006	29.158
2332	30.651	29.188
2333	30.319	29.257
2334	29.986	29.29
2335	29.66	29.281
2336	29.318	29.248
2337	29	29.235
2338	28.684	29.241
2339	28.38	29.329
2340	28.087	29.373
2341	27.813	29.358
2342	27.544	29.397
2343	27.281	29.347
2344	27.029	29.339
2345	26.799	29.387
2346	26.558	29.353
2347	26.319	29.294
2348	26.104	29.247
2349	25.925	29.32
2350	25.744	29.284
2351	25.59	29.285
2352	25.406	29.236
2353	25.265	29.287
2354	25.148	29.293
2355	25.031	29.304
2356	24.936	29.293
2357	24.853	29.22
2358	24.795	29.181
2359	24.766	29.19
2360	24.749	29.21
2361	24.754	29.232
2362	24.788	29.249
2363	24.846	29.279
2364	24.918	29.213
2365	25.011	29.169
2366	25.121	29.143
2367	25.263	29.129
2368	25.418	29.141
2369	25.591	29.13
2370	25.789	29.116
2371	26.013	29.09
2372	26.263	29.132
2373	26.514	29.143
2374	26.79	29.117
2375	27.065	29.13
2376	27.359	29.118
2377	27.672	29.075
2378	27.997	29.012
2379	28.321	29.025
2380	28.68	29.003
2381	29.027	29.025
2382	29.365	28.977
2383	29.73	29.005
2384	30.063	28.997
2385	30.395	28.923
2386	30.722	28.813
2387	31.041	28.788
2388	31.347	28.778
2389	31.66	28.768
2390	31.953	28.767
2391	32.227	28.713
2392	32.5	28.734
2393	32.752	28.721
2394	33.028	28.785
2395	33.241	28.729
2396	33.441	28.737
2397	33.676	28.78
2398	33.92	28.853
2399	34.116	28.855
2400	34.303	28.872
2401	34.489	28.902
2402	34.678	28.988
2403	34.811	29.008
2404	34.958	28.998
2405	35.069	29.038
2406	35.151	28.97
2407	35.263	29.008
2408	35.368	29.026
2409	35.429	29.07
2410	35.467	29.119
2411	35.473	29.174
2412	35.474	29.206
2413	35.433	29.24
2414	35.356	29.257
2415	35.265	29.236
2416	35.164	29.303
2417	35.038	29.312
2418	34.885	29.371
2419	34.694	29.391
2420	34.496	29.413
2421	34.269	29.405
2422	33.991	29.35
2423	33.693	29.32
2424	33.401	29.335
2425	33.141	29.397
2426	32.795	29.381
2427	32.458	29.347
2428	32.135	29.325
2429	31.775	29.324
2430	31.42	29.318
2431	31.077	29.345
2432	30.718	29.301
2433	30.343	29.308
2434	30.007	29.286
2435	29.656	29.287
2436	29.311	29.3
2437	28.97	29.278
2438	28.662	29.29
2439	28.368	29.323
2440	28.065	29.356
2441	27.766	29.337
2442	27.477	29.315
2443	27.211	29.301
2444	26.953	29.239
2445	26.713	29.242
2446	26.49	29.275
2447	26.269	29.241
2448	26.058	29.224
2449	25.848	29.13
2450	25.643	29.084
2451	25.494	29.093
2452	25.352	29.124
2453	25.208	29.114
2454	25.069	29.072
2455	24.966	29.08
2456	24.881	29.099
2457	24.81	29.209
2458	24.727	29.135
2459	24.682	29.109
2460	24.655	29.041
2461	24.66	29.011
2462	24.712	29.065
2463	24.763	29.04
2464	24.827	29.03
2465	24.93	28.996
2466	25.069	29.037
2467	25.21	29.019
2468	25.367	28.991
2469	25.555	28.989
2470	25.757	29.063
2471	25.979	29.016
2472	26.213	29.003
2473	26.469	28.96
2474	26.764	29.016
2475	27.058	28.991
2476	27.345	28.918
2477	27.658	28.857
2478	27.991	28.915
2479	28.324	28.924
2480	28.642	28.87
2481	28.972	28.855
2482	29.302	28.774
2483	29.662	28.728
2484	30.014	28.711
2485	30.374	28.746
2486	30.719	28.713
2487	31.011	28.615
2488	31.295	28.548
2489	31.579	28.492
2490	31.882	28.504
2491	32.135	28.429
2492	32.382	28.457
2493	32.636	28.481
2494	32.855	28.471
2495	33.084	28.386
2496	33.316	29.233
2497	33.536	29.27
2498	33.741	29.289
2499	33.909	29.244
2500	34.089	29.292
2501	34.265	29.32
2502	34.409	29.324
2503	34.555	29.309
2504	34.709	29.368
2505	34.869	29.396
2506	34.99	29.393
2507	35.103	29.439
2508	35.181	29.537
2509	35.21	29.516
2510	35.225	29.507
2511	35.22	29.554
2512	35.235	29.654
2513	35.235	29.701
2514	35.212	29.77
2515	35.138	29.858
2516	35.035	29.914
2517	34.903	29.886
2518	34.728	29.836
2519	34.542	29.867
2520	34.336	29.864
2521	34.1	29.021
2522	33.854	29.066
2523	33.591	29.072
2524	33.295	29.092
2525	32.995	29.061
2526	32.704	29.192
2527	32.382	29.209
2528	32.049	29.235
2529	31.705	29.184
2530	31.351	29.216
2531	31.012	29.215
2532	30.662	29.216
2533	30.311	29.205
2534	29.976	29.234
2535	29.661	29.271
2536	29.355	29.345
2537	29.013	29.306
2538	28.697	29.342
2539	28.385	29.326
2540	28.072	29.229
2541	27.797	29.244
2542	27.533	29.268
2543	27.279	29.306
2544	27.034	29.319
2545	26.8	29.354
2546	26.582	29.393
2547	26.359	29.392
2548	26.154	29.433
2549	25.965	29.443
2550	25.765	29.425
2551	25.57	29.312
2552	25.426	29.354
2553	25.291	29.375
2554	25.165	29.374
2555	25.053	29.374
2556	24.943	29.397
2557	24.853	29.362