1	25.5	28.757
2	25.746	28.697
3	26.013	28.706
4	26.297	28.705
5	26.596	28.728
6	26.911	28.735
7	27.258	28.768
8	27.591	28.748
9	27.933	28.778
10	28.277	28.758
11	28.627	28.768
12	28.999	28.763
13	29.344	28.693
14	29.736	28.735
15	30.081	28.657
16	30.428	28.626
17	30.804	28.673
18	31.163	28.761
19	31.508	28.755
20	31.848	28.773
21	32.204	28.843
22	32.522	28.877
23	32.821	28.893
24	33.083	28.863
25	33.362	28.875
26	33.623	28.89
27	33.86	28.946
28	34.098	28.994
29	34.327	29.041
30	34.523	29.034
31	34.689	29.076
32	34.841	29.031
33	34.979	29.076
34	35.12	29.106
35	35.262	29.21
36	35.36	29.247
37	35.419	29.256
38	35.478	29.26
39	35.469	29.224
40	35.501	29.316
41	35.484	29.344
42	35.423	29.419
43	35.356	29.431
44	35.253	29.397
45	35.121	29.416
46	34.931	29.35
47	34.727	29.335
48	34.496	29.313
49	34.262	29.313
50	34.008	29.301
51	33.711	29.343
52	33.404	29.313
53	33.091	29.262
54	32.742	29.207
55	32.402	29.189
56	32.077	29.185
57	31.727	29.174
58	31.391	29.258
59	31.03	29.232
60	30.666	29.258
61	30.337	29.314
62	30	29.305
63	29.659	29.356
64	29.338	29.395
65	28.987	29.389
66	28.653	29.332
67	28.341	29.343
68	28.03	29.318
69	27.73	29.294
70	27.437	29.265
71	27.173	29.266
72	26.909	29.247
73	26.667	29.239
74	26.434	29.205
75	26.216	29.267
76	26.013	29.239
77	25.821	29.235
78	25.625	29.263
79	25.454	29.268
80	25.285	29.256
81	25.124	29.224
82	24.988	29.274
83	24.856	29.181
84	24.759	29.173
85	24.664	29.085
86	24.572	29.043
87	24.512	29.028
88	24.46	28.984
89	24.428	28.962
90	24.424	28.965
91	24.442	28.981
92	24.465	28.916
93	24.507	28.843
94	24.585	28.888
95	24.679	28.827
96	24.801	28.821
97	24.946	28.757
98	25.114	28.735
99	25.287	28.739
100	25.491	28.66
101	25.703	28.607
102	25.944	28.548
103	26.208	28.532
104	26.473	28.483
105	26.78	28.537
106	27.084	28.512
107	27.404	28.479
108	27.747	28.512
109	28.089	28.505
110	28.421	28.479
111	28.777	28.407
112	29.15	28.45
113	29.527	28.5
114	29.881	28.469
115	30.247	28.463
116	30.61	28.475
117	30.968	28.506
118	31.332	28.542
119	31.672	28.505
120	32.002	28.54
121	32.318	28.605
122	32.615	28.661
123	32.892	28.652
124	33.163	28.662
125	33.424	28.696
126	33.679	28.727
127	33.911	28.754
128	34.135	28.811
129	34.365	28.912
130	34.558	28.923
131	34.763	28.982
132	34.93	28.968
133	35.065	28.923
134	35.167	28.912
135	35.301	29.027
136	35.401	29.074
137	35.455	29.117
138	35.496	29.098
139	35.533	29.149
140	35.514	29.106
141	35.471	29.118
142	35.409	29.049
143	35.309	29.054
144	35.195	29.058
145	35.06	29.083
146	34.902	29.092
147	34.741	29.1
148	34.545	29.105
149	34.337	29.102
150	34.108	29.125
151	33.845	29.115
152	33.58	29.234
153	33.273	29.181
154	32.948	29.144
155	32.606	29.071
156	32.259	29.072
157	31.916	29.133
158	31.57	29.159
159	31.254	29.247
160	30.891	29.18
161	30.546	29.196
162	30.2	29.185
163	29.849	29.175
164	29.508	29.173
165	29.169	29.202
166	28.851	29.219
167	28.537	29.276
168	28.244	29.271
169	27.935	29.274
170	27.674	29.31
171	27.41	29.331
172	27.136	29.293
173	26.889	29.344
174	26.638	29.377
175	26.384	29.335
176	26.17	29.381
177	25.954	29.299
178	25.768	29.364
179	25.591	29.349
180	25.432	29.386
181	25.263	29.365
182	25.125	29.375
183	24.995	29.4
184	24.863	29.374
185	24.765	29.388
186	24.678	29.405
187	24.602	29.329
188	24.563	29.375
189	24.527	29.348
190	24.519	29.313
191	24.526	29.301
192	24.566	29.304
193	24.61	29.254
194	24.697	29.297
195	24.774	29.204
196	24.884	29.141
197	25.038	29.185
198	25.191	29.102
199	25.393	29.143
200	25.617	29.164
201	25.843	29.108
202	26.081	29.055
203	26.342	28.988
204	26.61	28.97
205	26.897	28.946
206	27.222	28.951
207	27.544	28.888
208	27.892	28.911
209	28.243	28.849
210	28.615	28.846
211	28.973	28.874
212	29.346	28.919
213	29.69	28.837
214	30.04	28.792
215	30.391	28.783
216	30.767	28.802
217	31.104	28.778
218	31.442	28.778
219	31.783	28.754
220	32.101	28.767
221	32.421	28.765
222	32.711	28.757
223	33.008	28.81
224	33.254	28.73
225	33.52	28.764
226	33.771	28.825
227	34.003	28.887
228	34.22	28.894
229	34.426	28.912
230	34.617	28.937
231	34.787	28.958
232	34.934	28.995
233	35.054	28.926
234	35.158	28.944
235	35.23	28.93
236	35.305	28.858
237	35.374	28.836
238	35.423	28.879
239	35.464	28.915
240	35.482	28.94
241	35.433	28.879
242	35.405	28.955
243	35.355	29.074
244	35.232	29.042
245	35.115	29.055
246	34.95	29.109
247	34.789	29.16
248	34.565	29.131
249	34.359	29.149
250	34.124	29.151
251	33.855	29.159
252	33.572	29.171
253	33.251	29.167
254	32.938	29.168
255	32.604	29.148
256	32.274	29.16
257	31.927	29.12
258	31.589	29.154
259	31.251	29.191
260	30.928	29.253
261	30.567	29.265
262	30.234	29.339
263	29.89	29.315
264	29.558	29.352
265	29.238	29.409
266	28.915	29.449
267	28.579	29.331
268	28.252	29.26
269	27.977	29.303
270	27.694	29.335
271	27.433	29.313
272	27.15	29.285
273	26.911	29.339
274	26.66	29.346
275	26.415	29.351
276	26.195	29.31
277	26.004	29.331
278	25.823	29.326
279	25.66	29.386
280	25.492	29.411
281	25.338	29.403
282	25.213	29.456
283	25.09	29.484
284	24.967	29.448
285	24.842	29.343
286	24.772	29.361
287	24.677	29.269
288	24.636	29.265
289	24.611	29.221
290	24.592	29.172
291	24.592	29.143
292	24.623	29.171
293	24.69	29.131
294	24.749	29.074
295	24.866	29.083
296	24.984	29.043
297	25.134	29.038
298	25.304	29.013
299	25.501	29.028
300	25.711	29.007
301	25.946	29.034
302	26.182	28.978
303	26.44	28.928
304	26.723	28.905
305	27.025	28.891
306	27.339	28.862
307	27.642	28.77
308	27.972	28.708
309	28.331	28.751
310	28.686	28.761
311	29.048	28.794
312	29.426	28.816
313	29.809	28.893
314	30.167	28.918
315	30.528	28.877
316	30.888	28.866
317	31.244	28.879
318	31.587	28.933
319	31.935	28.966
320	32.22	28.898
321	32.523	28.921
322	32.817	28.885
323	33.097	28.91
324	33.361	28.866
325	33.629	28.876
326	33.846	28.844
327	34.073	28.874
328	34.299	28.929
329	34.49	28.895
330	34.675	28.89
331	34.858	28.953
332	35.037	29.064
333	35.166	29.047
334	35.296	29.048
335	35.411	29.081
336	35.484	29.047
337	35.558	29.093
338	35.569	28.988
339	35.568	28.966
340	35.588	29.041
341	35.578	29.102
342	35.536	29.117
343	35.458	29.123
344	35.363	29.149
345	35.271	29.219
346	35.109	29.172
347	34.917	29.187
348	34.71	29.191
349	34.492	29.269
350	34.239	29.254
351	33.992	29.236
352	33.706	29.273
353	33.401	29.308
354	33.091	29.355
355	32.784	29.405
356	32.455	29.411
357	32.112	29.427
358	31.78	29.531
359	31.427	29.599
360	31.071	29.626
361	30.737	29.621
362	30.383	29.635
363	30.05	29.769
364	29.735	29.841
365	29.388	29.855
366	29.049	29.834
367	28.733	29.833
368	28.429	29.877
369	28.124	29.897
370	27.827	29.917
371	27.552	30.011
372	27.314	30.082
373	27.047	30.036
374	26.806	30.029
375	26.564	30.034
376	26.354	30.089
377	26.158	30.041
378	25.965	29.964
379	25.77	29.904
380	25.574	29.854
381	25.397	29.834
382	25.244	29.71
383	25.103	29.626
384	24.992	29.588
385	24.883	29.547
386	24.799	29.593
387	24.733	29.55
388	24.686	29.506
389	24.654	29.441
390	24.65	29.423
391	24.674	29.442
392	24.687	29.411
393	24.738	29.365
394	24.807	29.285
395	24.905	29.252
396	25.03	29.199
397	25.162	29.151
398	25.329	29.135
399	25.527	29.127
400	25.738	29.105
401	25.94	29.023
402	26.169	28.96
403	26.422	28.953
404	26.701	28.904
405	27.02	28.912
406	27.34	28.898
407	27.655	28.898
408	28.003	28.934
409	28.327	28.866
410	28.675	28.836
411	29.026	28.83
412	29.375	28.755
413	29.719	28.701
414	30.069	28.677
415	30.421	28.608
416	30.754	28.572
417	31.117	28.622
418	31.451	28.608
419	31.759	28.622
420	32.058	28.617
421	32.347	28.567
422	32.606	28.516
423	32.873	28.52
424	33.111	28.517
425	33.359	28.528
426	33.609	28.573
427	33.847	28.624
428	34.083	28.712
429	34.297	28.825
430	34.477	28.873
431	34.633	28.838
432	34.793	28.89
433	34.924	28.891
434	35.072	28.947
435	35.181	28.968
436	35.258	28.911
437	35.337	28.991
438	35.428	29.058
439	35.46	29.113
440	35.488	29.221
441	35.492	29.269
442	35.472	29.296
443	35.402	29.3
444	35.329	29.292
445	35.241	29.331
446	35.119	29.43
447	34.972	29.482
448	34.809	29.539
449	34.6	29.551
450	34.342	29.525
451	34.08	29.533
452	33.823	29.592
453	33.534	29.6
454	33.223	29.575
455	32.893	29.558
456	32.548	29.572
457	32.217	29.599
458	31.875	29.646
459	31.5	29.597
460	31.16	29.642
461	30.815	29.684
462	30.455	29.649
463	30.101	29.622
464	29.754	29.557
465	29.393	29.485
466	29.073	29.483
467	28.726	29.416
468	28.422	29.453
469	28.128	29.487
470	27.829	29.436
471	27.536	29.389
472	27.278	29.423
473	27.008	29.365
474	26.764	29.338
475	26.534	29.319
476	26.32	29.322
477	26.091	29.26
478	25.882	29.201
479	25.683	29.174
480	25.501	29.122
481	25.34	29.125
482	25.192	29.113
483	25.064	29.092
484	24.959	29.128
485	24.867	29.112
486	24.777	29.036
487	24.723	29.051
488	24.67	29.022
489	24.652	29.073
490	24.645	29.05
491	24.652	28.995
492	24.703	29.039
493	24.748	28.95
494	24.831	28.978
495	24.921	28.981
496	25.036	28.942
497	25.161	28.885
498	25.342	28.885
499	25.527	28.87
500	25.759	28.934
501	25.979	28.932
502	26.236	28.916
503	26.486	28.881
504	26.783	28.92
505	27.087	28.942
506	27.395	28.929
507	27.713	28.905
508	28.034	28.869
509	28.381	28.864
510	28.718	28.833
511	29.062	28.846
512	29.397	28.828
513	29.738	28.813
514	30.1	28.834
515	30.452	28.812
516	30.8	28.834
517	31.147	28.787
518	31.488	28.839
519	31.781	28.765
520	32.088	28.72
521	32.397	28.792
522	32.676	28.774
523	32.936	28.734
524	33.218	28.78
525	33.441	28.757
526	33.692	28.803
527	33.899	28.811
528	34.128	28.83
529	34.319	28.811
530	34.489	28.809
531	34.664	28.8
532	34.816	28.8
533	34.931	28.78
534	35.048	28.774
535	35.18	28.83
536	35.292	28.874
537	35.38	28.898
538	35.434	28.884
539	35.437	28.837
540	35.451	28.871
541	35.433	28.924
542	35.38	29.015
543	35.311	29.024
544	35.251	29.08
545	35.162	29.165
546	35.024	29.134
547	34.906	29.212
548	34.735	29.306
549	34.519	29.338
550	34.303	29.334
551	34.048	29.362
552	33.765	29.393
553	33.465	29.425
554	33.147	29.404
555	32.827	29.414
556	32.528	29.5
557	32.204	29.553
558	31.879	29.577
559	31.523	29.524
560	31.15	29.454
561	30.805	29.516
562	30.48	29.555
563	30.151	29.62
564	29.799	29.628
565	29.453	29.619
566	29.116	29.558
567	28.79	29.51
568	28.485	29.557
569	28.193	29.587
570	27.878	29.537
571	27.588	29.535
572	27.3	29.46
573	27.035	29.38
574	26.78	29.313
575	26.552	29.353
576	26.314	29.277
577	26.113	29.284
578	25.924	29.303
579	25.739	29.314
580	25.593	29.332
581	25.413	29.265
582	25.266	29.25
583	25.151	29.302
584	25.041	29.363
585	24.945	29.406
586	24.858	29.339
587	24.786	29.318
588	24.728	29.282
589	24.708	29.314
590	24.702	29.334
591	24.721	29.36
592	24.753	29.297
593	24.806	29.214
594	24.856	29.163
595	24.973	29.214
596	25.11	29.231
597	25.247	29.183
598	25.42	29.216
599	25.587	29.175
600	25.79	29.156
601	26.021	29.116
602	26.255	29.077
603	26.517	29.054
604	26.8	28.988
605	27.075	28.976
606	27.398	28.993
607	27.732	28.997
608	28.056	28.971
609	28.39	28.937
610	28.754	28.97
611	29.091	28.939
612	29.427	28.88
613	29.769	28.869
614	30.139	28.823
615	30.509	28.834
616	30.863	28.831
617	31.2	28.841
618	31.543	28.823
619	31.877	28.833
620	32.176	28.742
621	32.468	28.712
622	32.761	28.729
623	33.04	28.762
624	33.315	28.766
625	33.557	28.738
626	33.805	28.81
627	34.044	28.778
628	34.253	28.773
629	34.433	28.822
630	34.635	28.859
631	34.816	28.862
632	34.953	28.884
633	35.096	28.871
634	35.217	28.857
635	35.304	28.779
636	35.411	28.852
637	35.484	28.918
638	35.54	28.912
639	35.541	28.91
640	35.547	28.904
641	35.52	28.932
642	35.479	28.967
643	35.375	28.998
644	35.305	29.056
645	35.206	29.141
646	35.046	29.157
647	34.872	29.206
648	34.68	29.242
649	34.466	29.327
650	34.2	29.347
651	33.944	29.328
652	33.656	29.394
653	33.36	29.414
654	33.081	29.491
655	32.745	29.459
656	32.404	29.441
657	32.058	29.415
658	31.701	29.421
659	31.347	29.43
660	31.012	29.476
661	30.669	29.445
662	30.309	29.399
663	29.971	29.429
664	29.639	29.414
665	29.285	29.414
666	28.957	29.41
667	28.631	29.376
668	28.343	29.451
669	28.031	29.363
670	27.748	29.349
671	27.47	29.343
672	27.228	29.416
673	26.956	29.314
674	26.717	29.26
675	26.495	29.239
676	26.269	29.235
677	26.062	29.217
678	25.859	29.185
679	25.676	29.175
680	25.51	29.186
681	25.346	29.154
682	25.225	29.174
683	25.104	29.223
684	25.002	29.282
685	24.889	29.238
686	24.791	29.202
687	24.734	29.206
688	24.691	29.244
689	24.67	29.313
690	24.662	29.333
691	24.664	29.252
692	24.708	29.232
693	24.755	29.139
694	24.822	29.133
695	24.906	29.062
696	25.044	29.116
697	25.174	29.062
698	25.33	29.081
699	25.504	29.053
700	25.726	29.065
701	25.968	29.073
702	26.21	29.053
703	26.482	29.066
704	26.763	29.035
705	27.067	28.998
706	27.375	29.025
707	27.673	28.994
708	27.995	28.922
709	28.337	28.907
710	28.674	28.897
711	29.039	28.883
712	29.399	28.896
713	29.751	28.85
714	30.114	28.787
715	30.457	28.732
716	30.814	28.74
717	31.155	28.741
718	31.494	28.75
719	31.827	28.722
720	32.157	28.801
721	32.44	28.734
722	32.745	28.771
723	33.029	28.794
724	33.322	28.857
725	33.575	28.881
726	33.784	28.852
727	34.027	28.848
728	34.235	28.85
729	34.403	28.805
730	34.57	28.814
731	34.723	28.805
732	34.906	28.86
733	35.054	28.87
734	35.176	28.887
735	35.296	28.889
736	35.389	28.932
737	35.468	28.911
738	35.516	28.895
739	35.523	28.914
740	35.568	29.006
741	35.542	29.009
742	35.495	29.004
743	35.425	29.029
744	35.317	29.073
745	35.168	29.008
746	35.043	29.053
747	34.853	28.991
748	34.647	28.979
749	34.416	28.935
750	34.178	28.913
751	33.923	28.901
752	33.659	28.993
753	33.378	29.037
754	33.085	29.127
755	32.788	29.171
756	32.487	29.2
757	32.15	29.196
758	31.799	29.175
759	31.441	29.106
760	31.088	29.147
761	30.729	29.117
762	30.384	29.138
763	30.052	29.244
764	29.699	29.246
765	29.347	29.225
766	29.021	29.264
767	28.717	29.36
768	28.394	29.365
769	28.112	29.386
770	27.831	29.444
771	27.549	29.403
772	27.292	29.46
773	27.061	29.489
774	26.819	29.527
775	26.576	29.522
776	26.345	29.526
777	26.127	29.49
778	25.926	29.418
779	25.754	29.344
780	25.562	29.274
781	25.397	29.29
782	25.234	29.284
783	25.101	29.254
784	24.998	29.276
785	24.897	29.234
786	24.817	29.269
787	24.752	29.243
788	24.691	29.127
789	24.668	29.112
790	24.672	29.096
791	24.685	29.087
792	24.72	29.037
793	24.775	29.001
794	24.856	29.021
795	24.956	28.964
796	25.082	28.964
797	25.215	28.927
798	25.363	28.879
799	25.544	28.857
800	25.744	28.786
801	25.981	28.792
802	26.212	28.72
803	26.476	28.78
804	26.751	28.768
805	27.061	28.787
806	27.354	28.733
807	27.691	28.698
808	28.04	28.764
809	28.35	28.718
810	28.705	28.779
811	29.072	28.77
812	29.426	28.765
813	29.801	28.829
814	30.17	28.877
815	30.508	28.839
816	30.862	28.855
817	31.21	28.887
818	31.557	28.903
819	31.87	28.827
820	32.174	28.857
821	32.455	28.853
822	32.759	28.916
823	33.057	28.985
824	33.321	28.978
825	33.574	29.007
826	33.842	29.069
827	34.099	29.107
828	34.316	29.098
829	34.517	29.167
830	34.694	29.224
831	34.913	29.298
832	35.074	29.35
833	35.185	29.343
834	35.332	29.395
835	35.434	29.338
836	35.5	29.312
837	35.539	29.306
838	35.58	29.315
839	35.599	29.303
840	35.596	29.305
841	35.584	29.36
842	35.533	29.337
843	35.458	29.331
844	35.354	29.351
845	35.253	29.421
846	35.096	29.435
847	34.914	29.401
848	34.702	29.402
849	34.473	29.435
850	34.226	29.458
851	33.934	29.385
852	33.638	29.4
853	33.334	29.368
854	33.005	29.282
855	32.67	29.228
856	32.32	29.235
857	31.973	29.234
858	31.626	29.224
859	31.282	29.191
860	30.921	29.221
861	30.584	29.259
862	30.245	29.258
863	29.912	29.263
864	29.57	29.246
865	29.243	29.24
866	28.904	29.148
867	28.561	29.114
868	28.262	29.166
869	27.981	29.285
870	27.684	29.261
871	27.433	29.346
872	27.174	29.351
873	26.937	29.368
874	26.689	29.337
875	26.478	29.388
876	26.263	29.431
877	26.066	29.454
878	25.878	29.507
879	25.696	29.523
880	25.531	29.533
881	25.384	29.524
882	25.228	29.453
883	25.112	29.516
884	24.985	29.512
885	24.892	29.483
886	24.8	29.442
887	24.736	29.449
888	24.663	29.37
889	24.653	29.399
890	24.642	29.375
891	24.664	29.445
892	24.703	29.436
893	24.753	29.348
894	24.837	29.315
895	24.949	29.261
896	25.059	29.131
897	25.191	29.019
898	25.344	28.912
899	25.552	28.959
900	25.743	28.887
901	25.986	28.894
902	26.225	28.823
903	26.492	28.8
904	26.775	28.783
905	27.084	28.772
906	27.387	28.769
907	27.723	28.76
908	28.051	28.649
909	28.402	28.624
910	28.746	28.626
911	29.119	28.642
912	29.493	28.691
913	29.877	28.691
914	30.221	28.607
915	30.588	28.643
916	30.929	28.578
917	31.295	28.583
918	31.627	28.595
919	31.934	28.535
920	32.233	28.525
921	32.544	28.533
922	32.84	28.546
923	33.137	28.618
924	33.382	28.552
925	33.644	28.587
926	33.848	28.537
927	34.072	28.552
928	34.281	28.556
929	34.467	28.587
930	34.641	28.588
931	34.804	28.538
932	34.943	28.517
933	35.077	28.531
934	35.225	28.578
935	35.359	28.605
936	35.432	28.655
937	35.487	28.631
938	35.541	28.693
939	35.576	28.787
940	35.587	28.835
941	35.603	28.917
942	35.546	28.967
943	35.496	29.064
944	35.426	29.14
945	35.313	29.184
946	35.149	29.231
947	34.969	29.303
948	34.77	29.306
949	34.573	29.372
950	34.332	29.366
951	34.064	29.397
952	33.787	29.424
953	33.478	29.419
954	33.185	29.461
955	32.864	29.535
956	32.533	29.551
957	32.22	29.648
958	31.879	29.667
959	31.509	29.646
960	31.132	29.658
961	30.778	29.636
962	30.428	29.659
963	30.068	29.63
964	29.728	29.643
965	29.369	29.598
966	29.017	29.512
967	28.697	29.475
968	28.396	29.416
969	28.081	29.338
970	27.787	29.295
971	27.514	29.303
972	27.241	29.285
973	26.98	29.286
974	26.729	29.204
975	26.5	29.243
976	26.293	29.215
977	26.101	29.257
978	25.923	29.275
979	25.743	29.271
980	25.56	29.194
981	25.4	29.176
982	25.226	29.088
983	25.092	29.035
984	24.993	29.093
985	24.904	29.067
986	24.831	29.069
987	24.768	29.033
988	24.72	29.006
989	24.68	28.959
990	24.695	29.005
991	24.714	29.077
992	24.75	29.081
993	24.794	29.074
994	24.879	29.131
995	24.971	29.127
996	25.102	29.153
997	25.257	29.144
998	25.42	29.119
999	25.595	29.148
1000	25.807	29.125
1001	26.028	29.118
1002	26.251	29.02
1003	26.497	29.004
1004	26.775	28.99
1005	27.073	29.032
1006	27.393	29.047
1007	27.736	29.071
1008	28.078	29.162
1009	28.399	29.122
1010	28.752	29.187
1011	29.101	29.195
1012	29.436	29.162
1013	29.794	29.187
1014	30.159	29.132
1015	30.489	29.05
1016	30.84	29.021
1017	31.166	29.027
1018	31.491	29.007
1019	31.817	28.999
1020	32.145	28.98
1021	32.451	28.925
1022	32.732	28.917
1023	32.991	28.905
1024	33.264	28.871
1025	33.52	28.89
1026	33.771	28.922
1027	33.985	28.954
1028	34.211	28.973
1029	34.381	28.958
1030	34.573	28.948
1031	34.75	28.991
1032	34.906	28.992
1033	35.025	28.966
1034	35.143	28.956
1035	35.252	28.921
1036	35.338	28.948
1037	35.449	28.979
1038	35.512	28.975
1039	35.539	29.022
1040	35.564	29.114
1041	35.528	29.068
1042	35.494	29.099
1043	35.448	29.174
1044	35.353	29.167
1045	35.242	29.26
1046	35.065	29.28
1047	34.894	29.289
1048	34.73	29.319
1049	34.533	29.399
1050	34.288	29.426
1051	34.025	29.465
1052	33.766	29.554
1053	33.465	29.551
1054	33.183	29.547
1055	32.86	29.55
1056	32.495	29.53
1057	32.146	29.541
1058	31.824	29.606
1059	31.49	29.619
1060	31.14	29.598
1061	30.763	29.553
1062	30.397	29.525
1063	30.033	29.546
1064	29.685	29.606
1065	29.336	29.519
1066	29.014	29.563
1067	28.705	29.585
1068	28.378	29.536
1069	28.061	29.515
1070	27.779	29.507
1071	27.531	29.528
1072	27.276	29.572
1073	27.024	29.626
1074	26.777	29.625
1075	26.547	29.633
1076	26.327	29.569
1077	26.115	29.536
1078	25.908	29.479
1079	25.716	29.487
1080	25.554	29.425
1081	25.407	29.397
1082	25.267	29.36
1083	25.142	29.313
1084	25.026	29.331
1085	24.923	29.321
1086	24.853	29.286
1087	24.786	29.34
1088	24.757	29.375
1089	24.718	29.321
1090	24.708	29.328
1091	24.722	29.319
1092	24.751	29.297
1093	24.819	29.306
1094	24.904	29.297
1095	24.987	29.217
1096	25.094	29.201
1097	25.241	29.149
1098	25.393	29.077
1099	25.574	29.078
1100	25.771	29.001
1101	25.992	29.009
1102	26.237	28.91
1103	26.516	28.947
1104	26.803	28.977
1105	27.086	28.995
1106	27.38	28.959
1107	27.697	28.986
1108	28.013	28.943
1109	28.338	28.875
1110	28.696	28.895
1111	29.058	28.932
1112	29.413	28.873
1113	29.753	28.779
1114	30.144	28.826
1115	30.504	28.797
1116	30.856	28.759
1117	31.197	28.718
1118	31.535	28.726
1119	31.878	28.764
1120	32.185	28.77
1121	32.479	28.728
1122	32.741	28.724
1123	33.017	28.713
1124	33.293	28.722
1125	33.557	28.751
1126	33.808	28.794
1127	34.04	28.891
1128	34.226	28.856
1129	34.415	28.838
1130	34.609	28.863
1131	34.796	28.856
1132	34.972	28.884
1133	35.118	28.944
1134	35.255	28.968
1135	35.346	28.948
1136	35.442	29.003
1137	35.518	29.049
1138	35.55	29.106
1139	35.54	29.06
1140	35.558	29.128
1141	35.515	29.147
1142	35.485	29.151
1143	35.418	29.187
1144	35.312	29.212
1145	35.235	29.299
1146	35.084	29.298
1147	34.937	29.376
1148	34.76	29.425
1149	34.541	29.449
1150	34.266	29.448
1151	33.997	29.385
1152	33.716	29.364
1153	33.439	29.404
1154	33.145	29.453
1155	32.83	29.503
1156	32.496	29.541
1157	32.14	29.572
1158	31.805	29.611
1159	31.472	29.641
1160	31.118	29.662
1161	30.75	29.558
1162	30.409	29.619
1163	30.074	29.618
1164	29.742	29.597
1165	29.41	29.628
1166	29.093	29.659
1167	28.751	29.675
1168	28.44	29.661
1169	28.138	29.669
1170	27.829	29.618
1171	27.576	29.704
1172	27.313	29.724
1173	27.062	29.723
1174	26.809	29.615
1175	26.604	29.603
1176	26.38	29.607
1177	26.183	29.604
1178	26.002	29.611
1179	25.801	29.528
1180	25.62	29.485
1181	25.466	29.51
1182	25.336	29.497
1183	25.208	29.474
1184	25.078	29.491
1185	24.989	29.517
1186	24.907	29.502
1187	24.821	29.414
1188	24.77	29.393
1189	24.659	29.376
1190	24.634	29.297
1191	24.641	29.26
1192	24.672	29.238
1193	24.71	29.166
1194	24.761	29.096
1195	24.848	29.041
1196	24.955	29.01
1197	25.09	28.877
1198	25.248	28.885
1199	25.441	28.913
1200	25.614	28.871
1201	25.843	28.906
1202	26.076	28.879
1203	26.314	28.776
1204	26.594	28.794
1205	26.88	28.724
1206	27.181	28.739
1207	27.476	28.677
1208	27.789	28.568
1209	28.148	28.593
1210	28.473	28.556
1211	28.822	28.573
1212	29.194	28.625
1213	29.557	28.632
1214	30.029	28.67
1215	30.372	28.658
1216	30.725	28.653
1217	31.094	28.665
1218	31.448	28.705
1219	31.805	28.725
1220	32.118	28.738
1221	32.411	28.744
1222	32.705	28.84
1223	32.963	28.787
1224	33.211	28.798
1225	33.502	28.851
1226	33.754	28.841
1227	33.977	28.888
1228	34.184	28.955
1229	34.388	28.978
1230	34.57	28.998
1231	34.725	28.946
1232	34.879	28.929
1233	35.042	29.032
1234	35.153	28.982
1235	35.284	29.041
1236	35.368	29.07
1237	35.419	29.039
1238	35.469	29.043
1239	35.49	29.033
1240	35.522	29.121
1241	35.523	29.199
1242	35.483	29.238
1243	35.384	29.202
1244	35.285	29.158
1245	35.173	29.185
1246	35.028	29.127
1247	34.852	29.165
1248	34.659	29.149
1249	34.463	29.183
1250	34.212	29.204
1251	33.939	29.192
1252	33.665	29.23
1253	33.388	29.266
1254	33.096	29.284
1255	32.783	29.291
1256	32.468	29.291
1257	32.131	29.338
1258	31.766	29.301
1259	31.401	29.303
1260	31.051	29.299
1261	30.721	29.344
1262	30.368	29.33
1263	30.025	29.313
1264	29.683	29.308
1265	29.348	29.256
1266	29.011	29.177
1267	28.686	29.143
1268	28.398	29.19
1269	28.096	29.212
1270	27.813	29.194
1271	27.538	29.24
1272	27.275	29.203
1273	27.029	29.259
1274	26.776	29.272
1275	26.546	29.195
1276	26.326	29.176
1277	26.105	29.087
1278	25.912	29.113
1279	25.735	29.118
1280	25.572	29.144
1281	25.412	29.121
1282	25.266	29.098
1283	25.139	29.128
1284	25.04	29.185
1285	24.953	29.193
1286	24.857	29.107
1287	24.793	29.082
1288	24.74	29.08
1289	24.705	29.069
1290	24.687	29.085
1291	24.7	29.099
1292	24.725	29.036
1293	24.767	28.998
1294	24.843	28.96
1295	24.95	29.033
1296	25.08	29.048
1297	25.226	29.049
1298	25.388	29.003
1299	25.569	28.952
1300	25.784	28.989
1301	26.008	28.971
1302	26.271	29.02
1303	26.516	28.916
1304	26.79	28.905
1305	27.089	28.937
1306	27.41	29.005
1307	27.734	28.949
1308	28.07	28.914
1309	28.408	28.89
1310	28.744	28.853
1311	29.121	28.943
1312	29.49	28.972
1313	29.842	28.961
1314	30.205	28.966
1315	30.55	28.922
1316	30.903	28.954
1317	31.269	29.035
1318	31.606	29.003
1319	31.937	29.08
1320	32.256	29.073
1321	32.548	29.063
1322	32.845	29.021
1323	33.115	28.998
1324	33.369	29.006
1325	33.603	28.977
1326	33.869	29.008
1327	34.078	29.015
1328	34.306	29.075
1329	34.483	29.001
1330	34.645	28.968
1331	34.8	28.928
1332	34.956	29.015
1333	35.092	29.029
1334	35.202	29.022
1335	35.3	29.017
1336	35.359	28.971
1337	35.419	28.977
1338	35.474	28.965
1339	35.491	28.945
1340	35.508	28.955
1341	35.486	28.942
1342	35.427	28.978
1343	35.357	28.997
1344	35.268	29.005
1345	35.113	28.969
1346	34.972	28.969
1347	34.775	28.968
1348	34.587	29.026
1349	34.387	29.036
1350	34.132	29.08
1351	33.846	29.103
1352	33.575	29.141
1353	33.268	29.137
1354	32.976	29.178
1355	32.662	29.224
1356	32.329	29.223
1357	31.999	29.211
1358	31.65	29.179
1359	31.298	29.134
1360	30.945	29.127
1361	30.622	29.193
1362	30.277	29.199
1363	29.952	29.262
1364	29.626	29.281
1365	29.298	29.282
1366	28.971	29.268
1367	28.645	29.177
1368	28.361	29.247
1369	28.066	29.266
1370	27.802	29.317
1371	27.526	29.27
1372	27.279	29.334
1373	27.018	29.31
1374	26.782	29.368
1375	26.572	29.362
1376	26.361	29.365
1377	26.148	29.246
1378	25.984	29.291
1379	25.788	29.28
1380	25.618	29.233
1381	25.471	29.279
1382	25.326	29.25
1383	25.211	29.318
1384	25.11	29.368
1385	25.009	29.302
1386	24.898	29.224
1387	24.846	29.228
1388	24.795	29.192
1389	24.764	29.238
1390	24.761	29.238
1391	24.754	29.196
1392	24.796	29.265
1393	24.825	29.161
1394	24.879	29.055
1395	24.958	28.981
1396	25.079	29.044
1397	25.21	28.976
1398	25.389	28.979
1399	25.567	28.938
1400	25.763	28.925
1401	25.984	28.862
1402	26.222	28.884
1403	26.461	28.831
1404	26.752	28.826
1405	27.057	28.848
1406	27.351	28.798
1407	27.68	28.831
1408	28.005	28.748
1409	28.342	28.747
1410	28.691	28.813
1411	29.057	28.798
1412	29.419	28.812
1413	29.768	28.787
1414	30.119	28.731
1415	30.475	28.781
1416	30.861	28.828
1417	31.211	28.787
1418	31.559	28.806
1419	31.913	28.837
1420	32.241	28.879
1421	32.562	28.865
1422	32.837	28.859
1423	33.114	28.852
1424	33.368	28.786
1425	33.613	28.737
1426	33.849	28.791
1427	34.093	28.813
1428	34.308	28.859
1429	34.522	28.87
1430	34.687	28.83
1431	34.863	28.812
1432	34.995	28.799
1433	35.121	28.853
1434	35.237	28.895
1435	35.372	28.939
1436	35.467	28.995
1437	35.521	29.027
1438	35.582	29.142
1439	35.629	29.188
1440	35.601	29.131
1441	35.578	29.159
1442	35.542	29.194
1443	35.478	29.303
1444	35.365	29.286
1445	35.253	29.282
1446	35.079	29.307
1447	34.942	29.336
1448	34.73	29.327
1449	34.515	29.433
1450	34.293	29.509
1451	34.04	29.529
1452	33.764	29.588
1453	33.472	29.607
1454	33.137	29.65
1455	32.822	29.745
1456	32.509	29.858
1457	32.189	29.877
1458	31.852	29.918
1459	31.513	29.902
1460	31.127	29.854
1461	30.774	29.834
1462	30.419	29.821
1463	30.074	29.796
1464	29.721	29.787
1465	29.394	29.798
1466	29.067	29.801
1467	28.74	29.797
1468	28.446	29.783
1469	28.147	29.828
1470	27.844	29.803
1471	27.577	29.796
1472	27.317	29.799
1473	27.085	29.879
1474	26.846	29.77
1475	26.611	29.705
1476	26.398	29.759
1477	26.184	29.693
1478	25.995	29.648
1479	25.82	29.63
1480	25.659	29.595
1481	25.486	29.469
1482	25.332	29.462
1483	25.198	29.433
1484	25.08	29.424
1485	24.987	29.415
1486	24.907	29.457
1487	24.828	29.405
1488	24.763	29.311
1489	24.743	29.326
1490	24.734	29.352
1491	24.734	29.351
1492	24.763	29.33
1493	24.785	29.265
1494	24.866	29.266
1495	24.975	29.273
1496	25.082	29.249
1497	25.216	29.261
1498	25.354	29.19
1499	25.53	29.21
1500	25.734	29.241
1501	25.94	29.12
1502	26.165	29.102
1503	26.408	29.061
1504	26.681	29.018
1505	26.959	28.949
1506	27.277	29.043
1507	27.584	28.994
1508	27.917	28.986
1509	28.232	28.921
1510	28.592	28.921
1511	28.954	28.903
1512	29.337	28.899
1513	29.707	28.936
1514	30.052	28.891
1515	30.411	28.869
1516	30.768	28.815
1517	31.103	28.757
1518	31.446	28.78
1519	31.771	28.777
1520	32.076	28.715
1521	32.39	28.769
1522	32.673	28.752
1523	32.958	28.771
1524	33.243	28.81
1525	33.494	28.874
1526	33.739	28.918
1527	33.986	28.955
1528	34.208	28.967
1529	34.416	29.005
1530	34.598	29.024
1531	34.753	28.983
1532	34.942	29.018
1533	35.088	29.048
1534	35.218	29.055
1535	35.312	29.03
1536	35.384	29.039
1537	35.428	29.022
1538	35.472	28.979
1539	35.479	29.015
1540	35.488	28.997
1541	35.463	29.055
1542	35.417	29.133
1543	35.345	29.103
1544	35.239	29.098
1545	35.129	29.166
1546	34.991	29.094
1547	34.813	29.098
1548	34.629	29.178
1549	34.385	29.173
1550	34.135	29.081
1551	33.875	29.111
1552	33.61	29.124
1553	33.33	29.206
1554	32.995	29.172
1555	32.7	29.25
1556	32.364	29.227
1557	32.029	29.249
1558	31.668	29.202
1559	31.338	29.23
1560	30.983	29.251
1561	30.641	29.209
1562	30.306	29.247
1563	29.969	29.381
1564	29.664	29.445
1565	29.317	29.486
1566	29	29.479
1567	28.687	29.505
1568	28.401	29.597
1569	28.097	29.584
1570	27.808	29.564
1571	27.513	29.557
1572	27.252	29.557
1573	27.013	29.533
1574	26.784	29.484
1575	26.563	29.524
1576	26.354	29.491
1577	26.153	29.53
1578	25.944	29.483
1579	25.763	29.489
1580	25.569	29.398
1581	25.421	29.413
1582	25.278	29.441
1583	25.17	29.467
1584	25.051	29.499
1585	24.954	29.468
1586	24.857	29.473
1587	24.786	29.471
1588	24.738	29.437
1589	24.707	29.399
1590	24.706	29.433
1591	24.703	29.351
1592	24.734	29.308
1593	24.779	29.226
1594	24.859	29.22
1595	24.944	29.206
1596	25.073	29.201
1597	25.217	29.214
1598	25.361	29.088
1599	25.533	29.093
1600	25.731	29.028
1601	25.938	29.022
1602	26.173	28.952
1603	26.436	28.89
1604	26.718	28.873
1605	27.013	28.837
1606	27.322	28.85
1607	27.615	28.757
1608	27.942	28.761
1609	28.274	28.678
1610	28.64	28.736
1611	28.989	28.694
1612	29.346	28.677
1613	29.72	28.642
1614	30.054	28.541
1615	30.427	28.501
1616	30.798	28.528
1617	31.145	28.527
1618	31.48	28.538
1619	31.829	28.604
1620	32.168	28.628
1621	32.464	28.626
1622	32.76	28.571
1623	33.039	28.621
1624	33.339	28.685
1625	33.613	28.799
1626	33.877	28.891
1627	34.102	28.897
1628	34.322	28.868
1629	34.539	28.878
1630	34.721	28.914
1631	34.916	28.938
1632	35.093	28.874
1633	35.317	28.864
1634	35.457	28.952
1635	35.535	28.903
1636	35.618	28.924
1637	35.712	28.975
1638	35.708	28.949
1639	35.75	29.013
1640	35.743	29.061
1641	35.698	29.118
1642	35.644	29.154
1643	35.565	29.178
1644	35.436	29.122
1645	35.28	29.109
1646	35.128	29.135
1647	34.963	29.244
1648	34.778	29.253
1649	34.55	29.267
1650	34.287	29.261
1651	34.007	29.231
1652	33.729	29.304
1653	33.426	29.389
1654	33.105	29.378
1655	32.778	29.411
1656	32.436	29.439
1657	32.102	29.63
1658	31.68	29.632
1659	31.324	29.606
1660	30.977	29.611
1661	30.638	29.632
1662	30.291	29.641
1663	29.976	29.665
1664	29.639	29.734
1665	29.304	29.73
1666	28.984	29.703
1667	28.67	29.673
1668	28.39	29.692
1669	28.123	29.762
1670	27.857	29.827
1671	27.599	29.866
1672	27.322	29.741
1673	27.06	29.766
1674	26.815	29.71
1675	26.591	29.674
1676	26.388	29.66
1677	26.18	29.571
1678	25.989	29.504
1679	25.823	29.571
1680	25.67	29.588
1681	25.503	29.374
1682	25.359	29.299
1683	25.223	29.257
1684	25.116	29.282
1685	25.029	29.327
1686	24.952	29.366
1687	24.866	29.298
1688	24.815	29.319
1689	24.79	29.29
1690	24.78	29.27
1691	24.793	29.28
1692	24.806	29.222
1693	24.83	29.152
1694	24.877	29.045
1695	24.974	29.023
1696	25.074	28.97
1697	25.208	28.979
1698	25.359	28.929
1699	25.535	28.95
1700	25.729	28.878
1701	25.937	28.777
1702	26.174	28.784
1703	26.43	28.808
1704	26.684	28.772
1705	26.958	28.709
1706	27.251	28.804
1707	27.552	28.797
1708	27.875	28.776
1709	28.2	28.678
1710	28.515	28.648
1711	28.858	28.598
1712	29.204	28.587
1713	29.563	28.542
1714	29.889	28.46
1715	30.244	28.449
1716	30.597	28.411
1717	30.961	28.404
1718	31.315	28.466
1719	31.649	28.492
1720	31.969	28.513
1721	32.29	28.568
1722	32.575	28.569
1723	32.872	28.6
1724	33.146	28.622
1725	33.39	28.658
1726	33.654	28.745
1727	33.883	28.736
1728	34.113	28.764
1729	34.325	28.723
1730	34.514	28.752
1731	34.697	28.732
1732	34.872	28.735
1733	35.033	28.834
1734	35.163	28.863
1735	35.288	28.888
1736	35.4	28.961
1737	35.507	29.009
1738	35.554	29.02
1739	35.611	29.137
1740	35.598	29.1
1741	35.573	29.156
1742	35.514	29.178
1743	35.435	29.189
1744	35.335	29.184
1745	35.209	29.179
1746	35.058	29.171
1747	34.917	29.235
1748	34.709	29.191
1749	34.506	29.212
1750	34.273	29.235
1751	33.99	29.205
1752	33.699	29.238
1753	33.391	29.217
1754	33.076	29.27
1755	32.784	29.348
1756	32.46	29.443
1757	32.131	29.516
1758	31.771	29.488
1759	31.429	29.562
1760	31.072	29.54
1761	30.696	29.477
1762	30.324	29.465
1763	29.992	29.529
1764	29.638	29.464
1765	29.313	29.489
1766	28.999	29.493
1767	28.705	29.57
1768	28.387	29.512
1769	28.112	29.583
1770	27.825	29.58
1771	27.558	29.559
1772	27.307	29.592
1773	27.065	29.633