1	23.026	29.089
2	23.114	29.049
3	23.25	29.046
4	23.385	29.009
5	23.555	28.99
6	23.758	28.998
7	23.987	29.005
8	24.234	28.961
9	24.484	28.873
10	24.771	28.866
11	25.094	28.836
12	25.449	28.837
13	25.825	28.818
14	26.226	28.806
15	26.642	28.784
16	27.066	28.738
17	27.513	28.681
18	27.994	28.628
19	28.494	28.622
20	28.976	28.505
21	29.483	28.448
22	30.054	28.446
23	30.618	28.468
24	31.23	28.507
25	31.794	28.446
26	32.373	28.444
27	32.973	28.479
28	33.551	28.438
29	34.132	28.421
30	34.652	28.387
31	35.192	28.369
32	35.728	28.358
33	36.228	28.337
34	36.736	28.359
35	37.21	28.347
36	37.628	28.357
37	38.017	28.378
38	38.317	28.334
39	38.621	28.353
40	38.862	28.353
41	39.045	28.333
42	39.2	28.345
43	39.295	28.352
44	39.339	28.336
45	39.329	28.32
46	39.275	28.343
47	39.164	28.367
48	38.993	28.336
49	38.767	28.354
50	38.479	28.346
51	38.217	28.417
52	37.851	28.431
53	37.456	28.457
54	37.077	28.543
55	36.65	28.518
56	36.185	28.558
57	35.694	28.556
58	35.153	28.54
59	34.594	28.545
60	34.064	28.555
61	33.524	28.564
62	32.974	28.592
63	32.452	28.672
64	31.932	28.708
65	31.404	28.711
66	30.888	28.749
67	30.376	28.774
68	29.863	28.806
69	29.389	28.885
70	28.945	28.98
71	28.506	29.014
72	28.064	29.015
73	27.645	29.089
74	27.24	29.085
75	26.868	29.132
76	26.482	29.104
77	26.146	29.132
78	25.82	29.174
79	25.49	29.162
80	25.186	29.19
81	24.893	29.136
82	24.63	29.169
83	24.402	29.184
84	24.201	29.253
85	23.988	29.255
86	23.807	29.294
87	23.635	29.303
88	23.483	29.297
89	23.338	29.317
90	23.205	29.296
91	23.094	29.278
92	23.009	29.237
93	22.951	29.242
94	22.898	29.219
95	22.872	29.224
96	22.855	29.246
97	22.86	29.271
98	22.883	29.238
99	22.911	29.2
100	22.977	29.237
101	23.057	29.217
102	23.148	29.134
103	23.277	29.119
104	23.425	29.13
105	23.607	29.13
106	23.796	29.161
107	24.013	29.093
108	24.274	29.116
109	24.552	29.095
110	24.869	29.156
111	25.18	29.074
112	25.528	29.044
113	25.892	29.007
114	26.296	29.031
115	26.713	29.013
116	27.165	29.029
117	27.63	29.075
118	28.116	29.05
119	28.607	29.048
120	29.098	29.008
121	29.617	28.957
122	30.143	28.906
123	30.678	28.855
124	31.248	28.842
125	31.83	28.791
126	32.398	28.787
127	32.968	28.76
128	33.562	28.751
129	34.13	28.727
130	34.675	28.682
131	35.236	28.658
132	35.753	28.648
133	36.209	28.57
134	36.651	28.555
135	37.04	28.482
136	37.465	28.543
137	37.831	28.517
138	38.148	28.502
139	38.414	28.48
140	38.668	28.528
141	38.829	28.482
142	38.968	28.475
143	39.058	28.494
144	39.093	28.437
145	39.088	28.431
146	39.006	28.388
147	38.902	28.389
148	38.759	28.403
149	38.56	28.408
150	38.297	28.398
151	38.005	28.418
152	37.672	28.444
153	37.243	28.454
154	36.809	28.421
155	36.37	28.484
156	35.897	28.537
157	35.405	28.569
158	34.908	28.653
159	34.393	28.638
160	33.871	28.648
161	33.325	28.662
162	32.784	28.69
163	32.23	28.689
164	31.688	28.66
165	31.151	28.679
166	30.64	28.755
167	30.123	28.761
168	29.61	28.763
169	29.104	28.77
170	28.63	28.791
171	28.168	28.806
172	27.729	28.84
173	27.294	28.893
174	26.892	28.959
175	26.492	29
176	26.108	28.97
177	25.768	29.037
178	25.443	29.022
179	25.124	29.032
180	24.822	29.012
181	24.547	28.96
182	24.297	29.006
183	24.059	29.009
184	23.841	29.01
185	23.647	29.006
186	23.467	28.968
187	23.301	28.956
188	23.157	28.935
189	23.019	28.909
190	22.913	28.853
191	22.81	28.823
192	22.745	28.846
193	22.7	28.831
194	22.686	28.856
195	22.665	28.805
196	22.681	28.854
197	22.709	28.85
198	22.753	28.811
199	22.802	28.728
200	22.875	28.67
201	22.996	28.683
202	23.121	28.623
203	23.277	28.617
204	23.477	28.643
205	23.693	28.612
206	23.929	28.587
207	24.191	28.555
208	24.474	28.492
209	24.766	28.437
210	25.092	28.415
211	25.447	28.406
212	25.819	28.4
213	26.223	28.391
214	26.649	28.431
215	27.108	28.445
216	27.581	28.422
217	28.058	28.421
218	28.562	28.43
219	29.074	28.442
220	29.613	28.452
221	30.144	28.364
222	30.702	28.343
223	31.261	28.281
224	31.855	28.337
225	32.469	28.377
226	33.021	28.361
227	33.611	28.399
228	34.19	28.442
229	34.7	28.364
230	35.212	28.322
231	35.721	28.326
232	36.213	28.329
233	36.659	28.311
234	37.127	28.376
235	37.535	28.43
236	37.868	28.439
237	38.2	28.442
238	38.486	28.492
239	38.742	28.441
240	38.889	28.434
241	39.001	28.415
242	39.065	28.331
243	39.1	28.368
244	39.085	28.362
245	39.004	28.386
246	38.876	28.392
247	38.737	28.442
248	38.533	28.485
249	38.269	28.448
250	37.963	28.479
251	37.678	28.52
252	37.284	28.509
253	36.843	28.415
254	36.414	28.445
255	35.982	28.509
256	35.529	28.576
257	35.026	28.542
258	34.553	28.614
259	34.026	28.588
260	33.511	28.614
261	33.003	28.601
262	32.491	28.632
263	31.97	28.624
264	31.453	28.647
265	30.955	28.66
266	30.484	28.692
267	30.006	28.742
268	29.529	28.736
269	29.064	28.796
270	28.626	28.839
271	28.179	28.888
272	27.74	28.874
273	27.332	28.898
274	26.934	28.906
275	26.553	28.876
276	26.189	28.863
277	25.872	28.907
278	25.56	28.978
279	25.273	28.97
280	24.989	28.982
281	24.717	28.943
282	24.487	29.022
283	24.232	28.992
284	24.023	29.05
285	23.822	29.004
286	23.639	29.027
287	23.474	29.006
288	23.332	28.997
289	23.199	29.006
290	23.088	29.015
291	22.991	29.007
292	22.932	29.069
293	22.861	29.002
294	22.823	28.958
295	22.802	28.929
296	22.823	28.949
297	22.833	28.908
298	22.882	28.917
299	22.949	28.905
300	23.03	28.907
301	23.125	28.855
302	23.243	28.824
303	23.394	28.769
304	23.571	28.772
305	23.766	28.728
306	24.004	28.785
307	24.216	28.702
308	24.509	28.725
309	24.786	28.653
310	25.126	28.686
311	25.486	28.727
312	25.861	28.781
313	26.261	28.786
314	26.687	28.783
315	27.116	28.746
316	27.573	28.731
317	28.029	28.642
318	28.531	28.626
319	29.041	28.614
320	29.561	28.564
321	30.105	28.553
322	30.677	28.57
323	31.261	28.597
324	31.812	28.585
325	32.414	28.586
326	32.996	28.63
327	33.557	28.597
328	34.137	28.632
329	34.693	28.66
330	35.238	28.682
331	35.754	28.674
332	36.311	28.72
333	36.788	28.75
334	37.242	28.758
335	37.628	28.788
336	37.972	28.713
337	38.275	28.614
338	38.533	28.582
339	38.77	28.596
340	39.017	28.66
341	39.151	28.645
342	39.212	28.603
343	39.262	28.682
344	39.257	28.692
345	39.196	28.68
346	39.063	28.62
347	38.872	28.628
348	38.622	28.585
349	38.377	28.613
350	38.047	28.592
351	37.738	28.632
352	37.359	28.638
353	36.965	28.684
354	36.521	28.664
355	36.052	28.652
356	35.519	28.585
357	35.003	28.613
358	34.506	28.633
359	34.009	28.662
360	33.483	28.643
361	32.977	28.716
362	32.473	28.829
363	31.967	28.874
364	31.443	28.9
365	30.903	28.877
366	30.409	28.936
367	29.909	28.96
368	29.417	28.921
369	28.95	28.94
370	28.505	29.008
371	28.063	29.028
372	27.643	28.997
373	27.234	29.021
374	26.858	29.043
375	26.483	29.047
376	26.112	28.986
377	25.778	29.011
378	25.451	28.979
379	25.149	29.007
380	24.871	29.022
381	24.629	29.071
382	24.382	29.073
383	24.147	29.023
384	23.92	29.002
385	23.729	29.004
386	23.559	28.996
387	23.381	28.942
388	23.256	28.996
389	23.129	28.953
390	23.024	28.942
391	22.939	28.914
392	22.888	28.998
393	22.837	28.965
394	22.801	28.909
395	22.8	28.929
396	22.808	28.956
397	22.838	28.973
398	22.888	28.973
399	22.953	29.008
400	23.04	29.018
401	23.155	29.059
402	23.289	29.046
403	23.427	28.982
404	23.627	28.998
405	23.833	28.981
406	24.057	28.966
407	24.297	28.922
408	24.558	28.881
409	24.87	28.89
410	25.192	28.856
411	25.538	28.819
412	25.901	28.769
413	26.277	28.714
414	26.695	28.737
415	27.121	28.717
416	27.563	28.682
417	28.06	28.669
418	28.565	28.717
419	29.061	28.727
420	29.57	28.728
421	30.11	28.698
422	30.654	28.675
423	31.217	28.664
424	31.784	28.609
425	32.342	28.566
426	32.897	28.483
427	33.47	28.514
428	34.055	28.518
429	34.58	28.455
430	35.105	28.471
431	35.623	28.465
432	36.133	28.44
433	36.627	28.47
434	37.072	28.488
435	37.48	28.475
436	37.827	28.45
437	38.209	28.502
438	38.502	28.515
439	38.748	28.523
440	38.941	28.51
441	39.092	28.558
442	39.158	28.543
443	39.193	28.547
444	39.197	28.561
445	39.131	28.556
446	39.034	28.56
447	38.864	28.538
448	38.642	28.516
449	38.397	28.546
450	38.115	28.558
451	37.787	28.574
452	37.415	28.582
453	36.986	28.6
454	36.559	28.647
455	36.112	28.637
456	35.627	28.616
457	35.164	28.693
458	34.662	28.754
459	34.151	28.752
460	33.622	28.762
461	33.066	28.783
462	32.52	28.76
463	31.977	28.747
464	31.467	28.764
465	30.945	28.759
466	30.441	28.755
467	29.944	28.74
468	29.453	28.736
469	28.989	28.771
470	28.535	28.783
471	28.085	28.793
472	27.676	28.858
473	27.293	28.932
474	26.889	28.926
475	26.507	28.923
476	26.161	29.025
477	25.819	29.025
478	25.498	29.031
479	25.203	29.061
480	24.924	29.106
481	24.681	29.182
482	24.409	29.13
483	24.149	29.029
484	23.927	29.009
485	23.738	29.029
486	23.586	29.104
487	23.433	29.127
488	23.299	29.132
489	23.166	29.075
490	23.088	29.147
491	23.006	29.165
492	22.925	29.21
493	22.878	29.196
494	22.847	29.18
495	22.832	29.161
496	22.825	29.149
497	22.847	29.125
498	22.878	29.065
499	22.961	29.095
500	23.073	29.182
501	23.168	29.101
502	23.305	29.081
503	23.462	29.098
504	23.63	29.083
505	23.835	29.075
506	24.043	29.037
507	24.276	28.97
508	24.574	29.02
509	24.873	29.005
510	25.187	28.993
511	25.52	28.897
512	25.879	28.86
513	26.264	28.833
514	26.669	28.825
515	27.097	28.826
516	27.541	28.781
517	28.017	28.732
518	28.507	28.692
519	28.992	28.608
520	29.518	28.569
521	30.087	28.602
522	30.629	28.609
523	31.196	28.622
524	31.732	28.531
525	32.26	28.42
526	32.833	28.438
527	33.388	28.404
528	33.961	28.393
529	34.512	28.325
530	35.015	28.296
531	35.509	28.213
532	36.055	28.334
533	36.549	28.318
534	36.977	28.291
535	37.382	28.236
536	37.774	28.293
537	38.13	28.306
538	38.439	28.354
539	38.716	28.376
540	38.903	28.325
541	39.067	28.362
542	39.176	28.348
543	39.236	28.405
544	39.279	28.478
545	39.217	28.466
546	39.101	28.45
547	38.95	28.426
548	38.695	28.382
549	38.434	28.393
550	38.179	28.483
551	37.844	28.498
552	37.495	28.578
553	37.112	28.635
554	36.665	28.654
555	36.238	28.71
556	35.78	28.772
557	35.271	28.713
558	34.731	28.727
559	34.236	28.815
560	33.744	28.914
561	33.202	28.878
562	32.647	28.882
563	32.119	28.874
564	31.581	28.907
565	31.049	28.938
566	30.532	28.953
567	30.023	28.996
568	29.53	29.007
569	29.044	28.995
570	28.578	29.008
571	28.146	29.045
572	27.701	29.048
573	27.304	29.063
574	26.909	29.049
575	26.517	29.023
576	26.168	29.03
577	25.815	28.978
578	25.503	28.969
579	25.215	29.033
580	24.926	29.017
581	24.653	29.036
582	24.393	29.001
583	24.162	29.023
584	23.959	29.054
585	23.739	28.995
586	23.543	28.962
587	23.388	28.966
588	23.238	28.929
589	23.097	28.892
590	22.978	28.848
591	22.897	28.862
592	22.839	28.845
593	22.792	28.83
594	22.752	28.811
595	22.739	28.831
596	22.725	28.813
597	22.756	28.86
598	22.807	28.869
599	22.87	28.901
600	22.961	28.864
601	23.071	28.87
602	23.214	28.905
603	23.364	28.864
604	23.557	28.88
605	23.752	28.849
606	24.001	28.854
607	24.267	28.887
608	24.538	28.827
609	24.829	28.788
610	25.151	28.761
611	25.513	28.789
612	25.889	28.794
613	26.29	28.814
614	26.747	28.866
615	27.182	28.837
616	27.63	28.777
617	28.085	28.721
618	28.584	28.736
619	29.098	28.705
620	29.606	28.644
621	30.162	28.598
622	30.739	28.578
623	31.295	28.579
624	31.881	28.558
625	32.452	28.55
626	32.99	28.466
627	33.538	28.397
628	34.083	28.373
629	34.597	28.321
630	35.14	28.318
631	35.618	28.26
632	36.101	28.236
633	36.581	28.254
634	36.992	28.226
635	37.412	28.237
636	37.789	28.224
637	38.114	28.221
638	38.392	28.206
639	38.597	28.124
640	38.823	28.166
641	38.95	28.147
642	39.037	28.158
643	39.058	28.097
644	39.084	28.155
645	39.068	28.199
646	38.961	28.241
647	38.771	28.212
648	38.568	28.238
649	38.326	28.265
650	38.038	28.333
651	37.739	28.375
652	37.349	28.385
653	36.956	28.411
654	36.524	28.393
655	36.101	28.442
656	35.627	28.464
657	35.126	28.458
658	34.599	28.47
659	34.113	28.537
660	33.586	28.54
661	33.069	28.598
662	32.533	28.598
663	31.999	28.608
664	31.504	28.712
665	30.986	28.7
666	30.49	28.733
667	30.021	28.797
668	29.532	28.838
669	29.071	28.895
670	28.627	28.945
671	28.185	28.964
672	27.786	29.067
673	27.374	29.045
674	26.983	29.068
675	26.63	29.112
676	26.274	29.141
677	25.944	29.158
678	25.595	29.141
679	25.289	29.151
680	24.975	29.106
681	24.724	29.209
682	24.471	29.237
683	24.23	29.226
684	23.998	29.165
685	23.798	29.189
686	23.616	29.188
687	23.443	29.187
688	23.304	29.204
689	23.166	29.186
690	23.072	29.236
691	22.99	29.267
692	22.91	29.249
693	22.846	29.203
694	22.793	29.113
695	22.762	29.086
696	22.75	29.074
697	22.759	29.028
698	22.794	28.98
699	22.853	28.949
700	22.917	28.859
701	23.012	28.863
702	23.138	28.835
703	23.318	28.886
704	23.506	28.895
705	23.71	28.882
706	23.918	28.784
707	24.179	28.825
708	24.468	28.789
709	24.754	28.749
710	25.084	28.752
711	25.446	28.752
712	25.836	28.738
713	26.227	28.703
714	26.625	28.605
715	27.046	28.547
716	27.495	28.494
717	27.983	28.468
718	28.493	28.463
719	28.988	28.439
720	29.513	28.385
721	30.062	28.324
722	30.61	28.274
723	31.193	28.313
724	31.774	28.314
725	32.381	28.349
726	32.959	28.29
727	33.557	28.351
728	34.094	28.262
729	34.631	28.205
730	35.18	28.209
731	35.704	28.192
732	36.192	28.169
733	36.646	28.164
734	37.126	28.226
735	37.506	28.156
736	37.811	28.078
737	38.132	28.062
738	38.384	28.028
739	38.643	28.053
740	38.861	28.083
741	38.997	28.071
742	39.116	28.133
743	39.153	28.179
744	39.177	28.208
745	39.124	28.271
746	39.032	28.311
747	38.868	28.317
748	38.655	28.343
749	38.42	28.391
750	38.107	28.401
751	37.792	28.475
752	37.408	28.433
753	37.022	28.494
754	36.587	28.542
755	36.131	28.553
756	35.654	28.562
757	35.167	28.552
758	34.669	28.599
759	34.142	28.561
760	33.606	28.597
761	33.117	28.702
762	32.599	28.758
763	32.087	28.841
764	31.568	28.917
765	31.054	28.987
766	30.564	29.088
767	30.026	29.027
768	29.543	28.979
769	29.072	29.033
770	28.604	29.002
771	28.148	29.008
772	27.733	29.047
773	27.313	29.015
774	26.909	29.021
775	26.534	29.066
776	26.16	29.008
777	25.81	29.044
778	25.473	29.012
779	25.182	29.04
780	24.896	29.075
781	24.647	29.166
782	24.405	29.206
783	24.168	29.154
784	23.962	29.171
785	23.805	29.266
786	23.602	29.16
787	23.423	29.123
788	23.287	29.095
789	23.162	29.046
790	23.042	29.001
791	22.947	28.925
792	22.883	28.926
793	22.839	28.977
794	22.796	28.92
795	22.792	28.952
796	22.806	28.969
797	22.827	28.967
798	22.881	28.986
799	22.938	28.96
800	23.022	28.906
801	23.139	28.918
802	23.281	28.902
803	23.44	28.935
804	23.614	28.898
805	23.819	28.889
806	24.035	28.834
807	24.275	28.778
808	24.557	28.794
809	24.855	28.812
810	25.159	28.748
811	25.526	28.815
812	25.924	28.839
813	26.303	28.805
814	26.719	28.856
815	27.147	28.821
816	27.599	28.815
817	28.067	28.824
818	28.564	28.808
819	29.086	28.864
820	29.611	28.866
821	30.156	28.842
822	30.698	28.756
823	31.279	28.791
824	31.822	28.725
825	32.377	28.683
826	32.941	28.658
827	33.511	28.619
828	34.094	28.623
829	34.656	28.696
830	35.176	28.625
831	35.678	28.613
832	36.171	28.615
833	36.648	28.653
834	37.07	28.607
835	37.469	28.589
836	37.863	28.593
837	38.149	28.578
838	38.448	28.583
839	38.682	28.559
840	38.879	28.541
841	38.992	28.542
842	39.12	28.544
843	39.162	28.56
844	39.153	28.548
845	39.045	28.472
846	38.905	28.463
847	38.772	28.551
848	38.539	28.517
849	38.334	28.594
850	38.04	28.587
851	37.718	28.598
852	37.368	28.689
853	36.945	28.645
854	36.496	28.579
855	36.032	28.584
856	35.557	28.571
857	35.083	28.605
858	34.584	28.588
859	34.058	28.573
860	33.544	28.622
861	32.98	28.558
862	32.467	28.58
863	31.947	28.601
864	31.453	28.635
865	30.945	28.65
866	30.462	28.643
867	29.97	28.68
868	29.481	28.666
869	28.994	28.641
870	28.552	28.703
871	28.146	28.77
872	27.723	28.768
873	27.317	28.803
874	26.928	28.819
875	26.553	28.829
876	26.187	28.831
877	25.844	28.829
878	25.529	28.854
879	25.245	28.907
880	24.973	28.98
881	24.701	29.017
882	24.451	29.012
883	24.213	29.009
884	24.019	29.074
885	23.814	29.059
886	23.629	29.053
887	23.466	29.01
888	23.327	29.027
889	23.183	29.002
890	23.066	28.972
891	22.988	29.073
892	22.926	29.074
893	22.887	29.143
894	22.861	29.126
895	22.853	29.091
896	22.842	29.075
897	22.853	29.038
898	22.875	28.966
899	22.928	28.906
900	23.017	28.912
901	23.13	28.943
902	23.233	28.863
903	23.369	28.834
904	23.518	28.748
905	23.714	28.696
906	23.945	28.636
907	24.177	28.601
908	24.465	28.619
909	24.751	28.578
910	25.073	28.571
911	25.428	28.595
912	25.803	28.628
913	26.197	28.617
914	26.621	28.611
915	27.059	28.603
916	27.502	28.532
917	27.964	28.472
918	28.45	28.413
919	28.959	28.376
920	29.484	28.368
921	30.01	28.316
922	30.55	28.283
923	31.127	28.26
924	31.704	28.257
925	32.287	28.261
926	32.887	28.314
927	33.478	28.286
928	34.084	28.341
929	34.654	28.34
930	35.2	28.335
931	35.744	28.36
932	36.238	28.327
933	36.66	28.268
934	37.09	28.233
935	37.498	28.193
936	37.852	28.152
937	38.186	28.137
938	38.456	28.128
939	38.704	28.141
940	38.924	28.168
941	39.073	28.145
942	39.181	28.184
943	39.192	28.149
944	39.204	28.225
945	39.138	28.244
946	39.034	28.233
947	38.875	28.237
948	38.64	28.242
949	38.376	28.224
950	38.085	28.238
951	37.702	28.134
952	37.36	28.231
953	36.932	28.197
954	36.494	28.2
955	36.03	28.184
956	35.513	28.162
957	35.047	28.225
958	34.572	28.275
959	34.056	28.309
960	33.553	28.386
961	33.053	28.47
962	32.527	28.456
963	32.023	28.495
964	31.463	28.435
965	30.943	28.477
966	30.441	28.498
967	29.942	28.511
968	29.472	28.562
969	29.005	28.579
970	28.557	28.618
971	28.116	28.673
972	27.694	28.679
973	27.31	28.731
974	26.924	28.76
975	26.539	28.777
976	26.193	28.818
977	25.856	28.807
978	25.543	28.819
979	25.268	28.906
980	24.973	28.926
981	24.706	28.938
982	24.458	28.957
983	24.218	28.948
984	24.019	29.016
985	23.81	28.958
986	23.636	28.949
987	23.476	28.967
988	23.321	28.933
989	23.209	28.946
990	23.109	28.957
991	23.013	28.966
992	22.941	28.922
993	22.873	28.866
994	22.835	28.865
995	22.816	28.795
996	22.816	28.788
997	22.864	28.846
998	22.918	28.908
999	22.992	28.985
1000	23.083	28.954
1001	23.196	28.96
1002	23.324	28.981
1003	23.485	28.99
1004	23.644	28.957
1005	23.853	28.961
1006	24.082	28.961
1007	24.32	28.901
1008	24.593	28.87
1009	24.891	28.789
1010	25.211	28.789
1011	25.526	28.72
1012	25.895	28.723
1013	26.285	28.708
1014	26.685	28.713
1015	27.092	28.643
1016	27.564	28.671
1017	28.034	28.685
1018	28.536	28.7
1019	29.042	28.677
1020	29.568	28.683
1021	30.119	28.654
1022	30.656	28.65
1023	31.188	28.545
1024	31.73	28.472
1025	32.274	28.472
1026	32.844	28.503
1027	33.394	28.451
1028	33.905	28.412
1029	34.451	28.367
1030	34.989	28.368
1031	35.522	28.379
1032	36.007	28.384
1033	36.464	28.373
1034	36.918	28.411
1035	37.33	28.43
1036	37.725	28.432
1037	38.063	28.435
1038	38.37	28.46
1039	38.639	28.446
1040	38.851	28.457
1041	38.961	28.413
1042	39.069	28.419
1043	39.137	28.438
1044	39.12	28.412
1045	39.063	28.419
1046	38.97	28.442
1047	38.818	28.433
1048	38.638	28.485
1049	38.388	28.491
1050	38.167	28.553
1051	37.806	28.483
1052	37.46	28.532
1053	37.097	28.572
1054	36.683	28.646
1055	36.232	28.631
1056	35.759	28.63
1057	35.276	28.627
1058	34.787	28.676
1059	34.263	28.713
1060	33.716	28.7
1061	33.223	28.804
1062	32.658	28.764
1063	32.107	28.787
1064	31.592	28.843
1065	31.084	28.855
1066	30.576	28.836
1067	30.047	28.803
1068	29.549	28.806
1069	29.082	28.821
1070	28.621	28.876
1071	28.141	28.839
1072	27.71	28.873
1073	27.285	28.849
1074	26.911	28.883
1075	26.521	28.85
1076	26.174	28.895
1077	25.826	28.839
1078	25.499	28.849
1079	25.196	28.853
1080	24.917	28.921
1081	24.644	28.945
1082	24.406	28.999
1083	24.161	28.978
1084	23.948	28.976
1085	23.751	28.946
1086	23.545	28.861
1087	23.399	28.906
1088	23.275	28.911
1089	23.143	28.865
1090	23.041	28.919
1091	22.956	28.931
1092	22.897	28.943
1093	22.835	28.895
1094	22.809	28.904
1095	22.779	28.838
1096	22.801	28.884
1097	22.806	28.829
1098	22.858	28.86
1099	22.901	28.788
1100	22.968	28.723
1101	23.064	28.681
1102	23.196	28.693
1103	23.359	28.699
1104	23.531	28.659
1105	23.723	28.599
1106	23.954	28.567
1107	24.203	28.564
1108	24.49	28.571
1109	24.786	28.538
1110	25.14	28.628
1111	25.506	28.654
1112	25.878	28.66
1113	26.259	28.623
1114	26.698	28.68
1115	27.137	28.664
1116	27.607	28.692
1117	28.086	28.703
1118	28.6	28.777
1119	29.11	28.77
1120	29.668	28.825
1121	30.208	28.807
1122	30.786	28.827
1123	31.352	28.842
1124	31.941	28.858
1125	32.533	28.896
1126	33.106	28.886
1127	33.681	28.898
1128	34.236	28.839
1129	34.774	28.833
1130	35.308	28.829
1131	35.792	28.841
1132	36.263	28.788
1133	36.719	28.805
1134	37.147	28.832
1135	37.537	28.78
1136	37.879	28.732
1137	38.223	28.728
1138	38.507	28.722
1139	38.716	28.681
1140	38.898	28.658
1141	39.001	28.645
1142	39.091	28.635
1143	39.119	28.649
1144	39.083	28.632
1145	39	28.561
1146	38.898	28.581
1147	38.711	28.581
1148	38.494	28.568
1149	38.227	28.583
1150	37.909	28.6
1151	37.579	28.603
1152	37.172	28.531
1153	36.771	28.548
1154	36.35	28.536
1155	35.902	28.557
1156	35.466	28.561
1157	34.993	28.572
1158	34.503	28.577
1159	34.016	28.606
1160	33.5	28.647
1161	33.013	28.733
1162	32.464	28.693
1163	31.948	28.721
1164	31.431	28.713
1165	30.922	28.695
1166	30.42	28.694
1167	29.922	28.686
1168	29.448	28.654
1169	28.974	28.633
1170	28.513	28.657
1171	28.072	28.657
1172	27.661	28.657
1173	27.249	28.613
1174	26.873	28.637
1175	26.498	28.583
1176	26.168	28.647
1177	25.845	28.699
1178	25.529	28.715
1179	25.242	28.762
1180	24.972	28.813
1181	24.722	28.868
1182	24.474	28.882
1183	24.248	28.877
1184	24.039	28.879
1185	23.837	28.855
1186	23.652	28.87
1187	23.5	28.887
1188	23.36	28.897
1189	23.226	28.884
1190	23.115	28.892
1191	23.03	28.868
1192	22.963	28.876
1193	22.923	28.933
1194	22.897	28.948
1195	22.886	28.937
1196	22.883	28.902
1197	22.902	28.887
1198	22.951	28.94
1199	23.008	28.924
1200	23.097	28.972
1201	23.202	28.999
1202	23.328	28.958
1203	23.484	29.01
1204	23.648	29.004
1205	23.834	28.97
1206	24.017	28.881
1207	24.268	28.907
1208	24.552	28.941
1209	24.843	28.905
1210	25.157	28.883
1211	25.485	28.819
1212	25.834	28.792
1213	26.212	28.741
1214	26.624	28.719
1215	27.045	28.676
1216	27.502	28.689
1217	27.989	28.705
1218	28.444	28.647
1219	28.965	28.659
1220	29.52	28.716
1221	30.075	28.746
1222	30.621	28.705
1223	31.18	28.645
1224	31.762	28.657
1225	32.345	28.657
1226	32.913	28.579
1227	33.485	28.576
1228	34.051	28.501
1229	34.604	28.445
1230	35.15	28.411
1231	35.699	28.428
1232	36.192	28.384
1233	36.659	28.402
1234	37.083	28.363
1235	37.509	28.341
1236	37.911	28.405
1237	38.292	28.449
1238	38.583	28.464
1239	38.85	28.551
1240	39.077	28.572
1241	39.227	28.584
1242	39.328	28.595
1243	39.378	28.58
1244	39.366	28.575
1245	39.29	28.585
1246	39.161	28.581
1247	38.992	28.625
1248	38.791	28.654
1249	38.516	28.623
1250	38.22	28.623
1251	37.876	28.62
1252	37.518	28.693
1253	37.076	28.684
1254	36.633	28.736
1255	36.177	28.797
1256	35.67	28.806
1257	35.197	28.883
1258	34.641	28.797
1259	34.108	28.835
1260	33.565	28.839
1261	32.994	28.76
1262	32.441	28.775
1263	31.924	28.803
1264	31.387	28.768
1265	30.848	28.79
1266	30.361	28.862
1267	29.861	28.866
1268	29.412	28.936
1269	28.921	28.917
1270	28.454	28.914
1271	28.018	28.934
1272	27.607	28.95
1273	27.197	28.915
1274	26.813	28.942
1275	26.445	28.921
1276	26.116	28.991
1277	25.779	28.991
1278	25.48	29.031
1279	25.186	29.051
1280	24.918	29.091
1281	24.678	29.121
1282	24.409	29.04
1283	24.206	29.151
1284	23.999	29.109
1285	23.821	29.18
1286	23.667	29.258
1287	23.518	29.232
1288	23.376	29.24
1289	23.261	29.261
1290	23.175	29.288
1291	23.088	29.252
1292	23.015	29.271
1293	22.943	29.197
1294	22.931	29.242
1295	22.919	29.216
1296	22.926	29.229
1297	22.952	29.206
1298	22.997	29.221
1299	23.05	29.236
1300	23.134	29.286
1301	23.234	29.319
1302	23.341	29.251
1303	23.483	29.221
1304	23.661	29.195
1305	23.835	29.084
1306	24.049	29.048
1307	24.295	29.032
1308	24.553	28.967
1309	24.852	29.018
1310	25.157	28.945
1311	25.488	28.875
1312	25.848	28.856
1313	26.24	28.855
1314	26.635	28.796
1315	27.072	28.83
1316	27.508	28.826
1317	27.995	28.837
1318	28.492	28.833
1319	28.985	28.783
1320	29.489	28.762
1321	30.026	28.738
1322	30.553	28.705
1323	31.091	28.658
1324	31.661	28.612
1325	32.216	28.602
1326	32.757	28.52
1327	33.348	28.536
1328	33.921	28.572
1329	34.476	28.559
1330	35.02	28.567
1331	35.546	28.548
1332	36.063	28.558
1333	36.524	28.57
1334	36.962	28.546
1335	37.362	28.518
1336	37.748	28.515
1337	38.09	28.513
1338	38.345	28.448
1339	38.62	28.492
1340	38.798	28.415
1341	38.972	28.404
1342	39.076	28.387
1343	39.131	28.431
1344	39.14	28.477
1345	39.125	28.494
1346	39.016	28.453
1347	38.923	28.55
1348	38.736	28.598
1349	38.473	28.617
1350	38.209	28.63
1351	37.887	28.672
1352	37.527	28.691
1353	37.115	28.67
1354	36.669	28.663
1355	36.213	28.667
1356	35.737	28.734
1357	35.242	28.799
1358	34.717	28.746
1359	34.205	28.737
1360	33.705	28.823
1361	33.182	28.894
1362	32.655	28.969
1363	32.151	29.048
1364	31.622	29.041
1365	31.107	29.082
1366	30.582	29.054
1367	30.055	29.022
1368	29.561	28.982
1369	29.101	29.019
1370	28.638	29.022
1371	28.185	29.03
1372	27.756	29.042
1373	27.344	29.052
1374	26.96	29.091
1375	26.571	29.057
1376	26.217	29.065
1377	25.869	29.069
1378	25.546	29.07
1379	25.262	29.125
1380	24.982	29.204
1381	24.695	29.167
1382	24.425	29.107
1383	24.213	29.188
1384	23.989	29.208
1385	23.779	29.159
1386	23.596	29.162
1387	23.431	29.106
1388	23.294	29.102
1389	23.169	29.134
1390	23.057	29.095
1391	22.975	29.104
1392	22.911	29.166
1393	22.846	29.136
1394	22.799	29.092
1395	22.781	29.119
1396	22.777	29.125
1397	22.801	29.109
1398	22.861	29.15
1399	22.926	29.104
1400	23.011	29.13
1401	23.105	29.061
1402	23.23	29.014
1403	23.392	29.043
1404	23.547	28.975
1405	23.753	28.918
1406	23.996	28.909
1407	24.261	28.955
1408	24.534	28.899
1409	24.835	28.891
1410	25.164	28.923
1411	25.526	28.904
1412	25.895	28.929
1413	26.276	28.861
1414	26.702	28.849
1415	27.149	28.866
1416	27.601	28.865
1417	28.064	28.767
1418	28.579	28.805
1419	29.082	28.801
1420	29.602	28.748
1421	30.166	28.771
1422	30.703	28.765
1423	31.258	28.739
1424	31.817	28.732
1425	32.383	28.695
1426	32.972	28.706
1427	33.548	28.706
1428	34.1	28.667
1429	34.659	28.723
1430	35.15	28.677
1431	35.69	28.713
1432	36.174	28.663
1433	36.642	28.689
1434	37.088	28.693
1435	37.493	28.653
1436	37.816	28.597
1437	38.148	28.552
1438	38.448	28.584
1439	38.651	28.521
1440	38.826	28.49
1441	38.966	28.485
1442	39.061	28.501
1443	39.095	28.536
1444	39.08	28.497
1445	38.988	28.508
1446	38.848	28.467
1447	38.679	28.425
1448	38.49	28.462
1449	38.279	28.503
1450	38.009	28.528
1451	37.688	28.562
1452	37.319	28.566
1453	36.894	28.553
1454	36.444	28.532
1455	36.024	28.572
1456	35.543	28.583
1457	35.064	28.646
1458	34.551	28.592
1459	34.017	28.593
1460	33.528	28.685
1461	33.024	28.723
1462	32.482	28.726
1463	31.965	28.766
1464	31.447	28.802
1465	30.932	28.808
1466	30.423	28.836
1467	29.936	28.854
1468	29.434	28.828
1469	28.97	28.85
1470	28.55	28.911
1471	28.143	29.003
1472	27.72	28.999
1473	27.3	28.971
1474	26.901	28.982
1475	26.519	28.961
1476	26.141	28.919
1477	25.816	28.995
1478	25.51	29.031
1479	25.224	29.014
1480	24.943	29
1481	24.67	28.968
1482	24.418	28.927
1483	24.201	29.019
1484	24.007	29.033
1485	23.79	28.943
1486	23.612	28.96
1487	23.473	29.036
1488	23.33	29.035
1489	23.208	29.012
1490	23.112	29.054
1491	23.045	29.093
1492	22.971	29.08
1493	22.93	29.049
1494	22.901	29.05
1495	22.881	29.019
1496	22.871	28.974
1497	22.895	29.03
1498	22.936	29.029
1499	23.001	29.026
1500	23.082	29.051
1501	23.206	29.127
1502	23.336	29.116
1503	23.486	29.076
1504	23.66	29.04
1505	23.852	29.081
1506	24.079	29.088
1507	24.333	29.124
1508	24.584	29.025
1509	24.868	28.965
1510	25.192	28.97
1511	25.525	28.914
1512	25.867	28.823
1513	26.243	28.803
1514	26.656	28.79
1515	27.084	28.763
1516	27.531	28.765
1517	28.006	28.735
1518	28.496	28.716
1519	29.018	28.735
1520	29.54	28.746
1521	30.079	28.722
1522	30.618	28.643
1523	31.172	28.627
1524	31.754	28.644
1525	32.316	28.572
1526	32.874	28.506
1527	33.453	28.479
1528	34.047	28.55
1529	34.595	28.56
1530	35.145	28.511
1531	35.636	28.489
1532	36.123	28.474
1533	36.593	28.451
1534	37.017	28.421
1535	37.414	28.431
1536	37.782	28.411
1537	38.147	28.417
1538	38.421	28.341
1539	38.659	28.316
1540	38.865	28.307
1541	39.002	28.269
1542	39.096	28.288
1543	39.153	28.344
1544	39.112	28.304
1545	39.065	28.279
1546	38.932	28.238
1547	38.796	28.275
1548	38.576	28.22
1549	38.264	28.152
1550	37.99	28.216
1551	37.701	28.283
1552	37.308	28.276
1553	36.891	28.286
1554	36.502	28.36
1555	36.062	28.415
1556	35.592	28.448
1557	35.111	28.423
1558	34.632	28.474
1559	34.14	28.519
1560	33.604	28.482
1561	33.086	28.536
1562	32.551	28.547
1563	32.035	28.605
1564	31.502	28.637
1565	30.978	28.653
1566	30.461	28.632
1567	29.971	28.644
1568	29.5	28.689
1569	29.044	28.738
1570	28.603	28.796
1571	28.17	28.839
1572	27.746	28.856
1573	27.348	28.904
1574	26.971	28.921
1575	26.583	28.866
1576	26.205	28.844
1577	25.874	28.902
1578	25.545	28.841
1579	25.225	28.792
1580	24.945	28.834
1581	24.671	28.833
1582	24.424	28.867
1583	24.195	28.932
1584	23.963	28.906
1585	23.798	28.982
1586	23.63	29.024
1587	23.471	29.036
1588	23.33	29.035
1589	23.202	29.027
1590	23.102	29.064
1591	23.02	29.132
1592	22.938	29.108
1593	22.859	29.005
1594	22.817	28.965
1595	22.78	28.904
1596	22.782	28.886
1597	22.801	28.885
1598	22.85	28.915
1599	22.918	28.903
1600	23.005	28.906
1601	23.107	28.882
1602	23.239	28.871
1603	23.404	28.919
1604	23.577	28.938
1605	23.783	28.92
1606	24.019	28.901
1607	24.263	28.894
1608	24.521	28.796
1609	24.825	28.831
1610	25.129	28.802
1611	25.461	28.727
1612	25.84	28.792
1613	26.229	28.759
1614	26.661	28.753
1615	27.1	28.738
1616	27.535	28.637
1617	28.027	28.693
1618	28.545	28.71
1619	29.059	28.751
1620	29.587	28.712
1621	30.144	28.746
1622	30.705	28.737
1623	31.28	28.729
1624	31.83	28.709
1625	32.412	28.714
1626	32.98	28.708
1627	33.533	28.646
1628	34.084	28.62
1629	34.629	28.565
1630	35.115	28.514
1631	35.646	28.508
1632	36.152	28.504
1633	36.647	28.54
1634	37.113	28.521
1635	37.525	28.495
1636	37.896	28.524
1637	38.217	28.469
1638	38.52	28.523
1639	38.761	28.577
1640	38.971	28.601
1641	39.115	28.604
1642	39.181	28.593
1643	39.203	28.597
1644	39.203	28.6
1645	39.139	28.655
1646	38.999	28.643
1647	38.833	28.635
1648	38.599	28.613
1649	38.362	28.648
1650	38.07	28.729
1651	37.749	28.721
1652	37.378	28.772
1653	36.96	28.77
1654	36.554	28.834
1655	36.124	28.842
1656	35.638	28.837
1657	35.143	28.842
1658	34.621	28.831
1659	34.097	28.852
1660	33.584	28.929
1661	33.054	28.933
1662	32.529	28.939
1663	31.995	28.904
1664	31.473	28.913
1665	30.913	28.851
1666	30.406	28.866
1667	29.937	28.9
1668	29.466	28.926
1669	28.972	28.883
1670	28.533	28.893
1671	28.101	28.878
1672	27.67	28.905
1673	27.25	28.888
1674	26.867	28.9
1675	26.492	28.877
1676	26.149	28.941
1677	25.832	29.003
1678	25.521	28.994
1679	25.219	29.007
1680	24.937	28.998
1681	24.675	29
1682	24.427	29.032
1683	24.204	29.107
1684	23.992	29.111
1685	23.794	29.09
1686	23.62	29.075
1687	23.454	29.068
1688	23.322	29.112
1689	23.207	29.127
1690	23.111	29.149
1691	23.043	29.217
1692	22.976	29.205
1693	22.93	29.239
1694	22.905	29.248
1695	22.886	29.228
1696	22.886	29.229
1697	22.908	29.176
1698	22.959	29.197
1699	23.028	29.221
1700	23.123	29.228
1701	23.225	29.193
1702	23.358	29.146
1703	23.509	29.145
1704	23.669	29.098
1705	23.855	29.092
1706	24.069	29.08
1707	24.319	29.091
1708	24.591	29.051
1709	24.896	29.057
1710	25.202	28.996
1711	25.541	29.009
1712	25.892	28.966
1713	26.277	28.945
1714	26.682	28.937
1715	27.113	28.904
1716	27.563	28.852
1717	28.037	28.839
1718	28.524	28.813
1719	29.054	28.871
1720	29.582	28.881
1721	30.119	28.859
1722	30.676	28.905
1723	31.228	28.868
1724	31.768	28.77
1725	32.344	28.741
1726	32.898	28.739
1727	33.431	28.659
1728	33.983	28.616
1729	34.575	28.656
1730	35.133	28.685
1731	35.645	28.642
1732	36.096	28.523
1733	36.544	28.508
1734	36.97	28.453
1735	37.402	28.493
1736	37.762	28.437
1737	38.155	28.526
1738	38.438	28.513
1739	38.669	28.424
1740	38.869	28.429
1741	39.002	28.418
1742	39.055	28.4
1743	39.081	28.351
1744	39.057	28.325
1745	38.978	28.308
1746	38.892	28.361
1747	38.708	28.323
1748	38.528	28.374
1749	38.308	28.439
1750	38.025	28.463
1751	37.725	28.449
1752	37.365	28.472
1753	36.955	28.467
1754	36.494	28.406
1755	36.037	28.409
1756	35.59	28.505
1757	35.137	28.569
1758	34.653	28.615
1759	34.134	28.649
1760	33.584	28.604
1761	33.092	28.684
1762	32.534	28.659
1763	32.004	28.657
1764	31.519	28.776
1765	31	28.824
1766	30.504	28.885
1767	30.026	28.895
1768	29.55	28.915
1769	29.055	28.881
1770	28.606	28.885
1771	28.165	28.905
1772	27.765	29.002
1773	27.352	28.995
1774	26.948	29.006
1775	26.545	28.962
1776	26.192	29.039
1777	25.86	29.079
1778	25.547	29.109
1779	25.242	29.135
1780	24.955	29.118
1781	24.687	29.122
1782	24.431	29.113
1783	24.194	29.07
1784	23.995	29.1
1785	23.817	29.162
1786	23.629	29.155
1787	23.48	29.179
1788	23.338	29.177
1789	23.209	29.192
1790	23.108	29.152
1791	23.011	29.097
1792	22.923	29.091
1793	22.867	29.081
1794	22.83	29.076
1795	22.817	29.056
1796	22.813	29.048
1797	22.813	28.969
1798	22.848	28.967
1799	22.919	28.949
1800	23.019	28.971
1801	23.114	28.876
1802	23.232	28.843
1803	23.382	28.836
1804	23.546	28.798
1805	23.766	28.824
1806	23.988	28.776
1807	24.244	28.783
1808	24.507	28.74
1809	24.774	28.668
1810	25.092	28.654
1811	25.434	28.609
1812	25.805	28.585
1813	26.213	28.606
1814	26.615	28.525
1815	27.053	28.531
1816	27.518	28.537
1817	28.004	28.51
1818	28.517	28.533
1819	29.047	28.539
1820	29.571	28.529
1821	30.111	28.46
1822	30.699	28.463
1823	31.279	28.476
1824	31.847	28.452
1825	32.418	28.447
1826	32.989	28.452
1827	33.567	28.432
1828	34.134	28.421
1829	34.723	28.456
1830	35.237	28.407
1831	35.743	28.373
1832	36.236	28.377
1833	36.722	28.384
1834	37.207	28.43
1835	37.612	28.411
1836	37.986	28.397
1837	38.326	28.434
1838	38.573	28.414
1839	38.766	28.368
1840	38.945	28.379
1841	39.11	28.429
1842	39.213	28.478
1843	39.201	28.426
1844	39.213	28.506
1845	39.157	28.563
1846	39.021	28.608
1847	38.805	28.541
1848	38.583	28.519
1849	38.314	28.529
1850	38.009	28.518
1851	37.661	28.533
1852	37.298	28.59
1853	36.873	28.58
1854	36.433	28.593
1855	35.965	28.578
1856	35.495	28.608
1857	35.021	28.664
1858	34.509	28.709
1859	33.995	28.746
1860	33.477	28.752
1861	32.954	28.794
1862	32.4	28.753
1863	31.897	28.777
1864	31.424	28.849
1865	30.918	28.839
1866	30.405	28.825
1867	29.926	28.89
1868	29.484	28.974
1869	29.009	28.939
1870	28.535	28.881
1871	28.113	28.877
1872	27.694	28.896
1873	27.277	28.87
1874	26.901	28.908
1875	26.544	28.958
1876	26.203	28.957
1877	25.889	28.977
1878	25.592	29.02
1879	25.291	29.008
1880	25.017	29.085
1881	24.776	29.154
1882	24.521	29.11
1883	24.283	29.057
1884	24.069	29.067
1885	23.875	29.075
1886	23.702	29.091
1887	23.542	29.053
1888	23.395	29.045
1889	23.257	29.008
1890	23.154	29.068
1891	23.05	29.03
1892	22.95	28.948
1893	22.882	28.953
1894	22.852	28.958
1895	22.841	28.998
1896	22.838	28.973
1897	22.865	28.998
1898	22.913	29.017
1899	22.987	29.05
1900	23.06	28.996
1901	23.166	29.038
1902	23.289	29.052
1903	23.438	29.045
1904	23.591	29.019
1905	23.788	28.996
1906	23.998	28.961
1907	24.235	28.973
1908	24.524	29.014
1909	24.806	28.958
1910	25.116	28.896
1911	25.451	28.853
1912	25.829	28.875
1913	26.222	28.868
1914	26.632	28.898
1915	27.065	28.848
1916	27.52	28.845
1917	28.014	28.818
1918	28.514	28.77
1919	29.002	28.726
1920	29.544	28.724
1921	30.095	28.716
1922	30.664	28.737
1923	31.22	28.693
1924	31.764	28.612
1925	32.319	28.579
1926	32.871	28.503
1927	33.426	28.454
1928	34.006	28.482
1929	34.618	28.574
1930	35.173	28.597
1931	35.682	28.549
1932	36.19	28.511
1933	36.639	28.466
1934	37.108	28.478
1935	37.547	28.532
1936	37.938	28.543
1937	38.253	28.516
1938	38.509	28.46
1939	38.772	28.481
1940	38.953	28.47
1941	39.094	28.434
1942	39.188	28.443
1943	39.205	28.438
1944	39.206	28.435
1945	39.131	28.418
1946	39	28.391
1947	38.82	28.356
1948	38.654	28.468
1949	38.414	28.535
1950	38.135	28.591
1951	37.82	28.655
1952	37.426	28.628
1953	36.984	28.586
1954	36.502	28.535
1955	36.042	28.51
1956	35.577	28.575
1957	35.054	28.597
1958	34.57	28.649
1959	34.014	28.636
1960	33.482	28.668
1961	32.951	28.685
1962	32.42	28.744
1963	31.925	28.842
1964	31.398	28.809
1965	30.899	28.851
1966	30.388	28.897
1967	29.895	28.916
1968	29.42	28.925
1969	28.946	28.916
1970	28.501	28.93
1971	28.08	29.034
1972	27.665	29.074
1973	27.243	29.004
1974	26.855	28.975
1975	26.496	29.014
1976	26.14	29.005
1977	25.815	29.07
1978	25.523	29.176
1979	25.257	29.24
1980	24.963	29.23
1981	24.697	29.199
1982	24.478	29.204
1983	24.244	29.192
1984	24.054	29.241
1985	23.862	29.225
1986	23.679	29.205
1987	23.527	29.208
1988	23.385	29.171
1989	23.25	29.132
1990	23.131	29.089
1991	23.077	29.141
1992	23.002	29.126
1993	22.967	29.206
1994	22.928	29.181
1995	22.902	29.162
1996	22.902	29.159
1997	22.907	29.111
1998	22.945	29.1
1999	23	29.086
2000	23.07	29.015
2001	23.172	28.989
2002	23.278	28.943
2003	23.403	28.883
2004	23.555	28.801
2005	23.756	28.845
2006	23.971	28.82
2007	24.208	28.819
2008	24.473	28.789
2009	24.76	28.725
2010	25.065	28.678
2011	25.414	28.699
2012	25.766	28.621
2013	26.149	28.636
2014	26.556	28.646
2015	27.007	28.689
2016	27.431	28.62
2017	27.89	28.596
2018	28.355	28.512
2019	28.883	28.558
2020	29.41	28.545
2021	29.928	28.449
2022	30.521	28.512
2023	31.084	28.532
2024	31.67	28.536
2025	32.239	28.554
2026	32.84	28.612
2027	33.437	28.587
2028	34.024	28.554
2029	34.597	28.562
2030	35.166	28.537
2031	35.688	28.529
2032	36.168	28.466
2033	36.698	28.533
2034	37.169	28.602
2035	37.605	28.66
2036	37.98	28.614
2037	38.347	28.643
2038	38.62	28.623
2039	38.877	28.601
2040	39.03	28.514
2041	39.2	28.596
2042	39.313	28.61
2043	39.343	28.571
2044	39.335	28.574
2045	39.265	28.568
2046	39.174	28.612
2047	38.941	28.557
2048	38.719	28.547
2049	38.434	28.573
2050	38.156	28.61
2051	37.8	28.595
2052	37.434	28.69
2053	37.015	28.691
2054	36.561	28.676
2055	36.078	28.681
2056	35.613	28.716
2057	35.119	28.766
2058	34.571	28.723
2059	34.025	28.673
2060	33.481	28.647
2061	32.943	28.645
2062	32.413	28.7
2063	31.907	28.735
2064	31.395	28.79
2065	30.909	28.885
2066	30.414	28.904
2067	29.922	28.921
2068	29.445	28.957
2069	28.975	28.995
2070	28.52	29.01
2071	28.1	29.048
2072	27.707	29.103
2073	27.305	29.124
2074	26.925	29.132
2075	26.534	29.076
2076	26.172	29.039
2077	25.839	29.014
2078	25.538	29.109
2079	25.245	29.126
2080	24.947	29.111
2081	24.677	29.096
2082	24.438	29.105
2083	24.201	29.085
2084	23.993	29.087
2085	23.822	29.117
2086	23.649	29.151
2087	23.494	29.129
2088	23.342	29.079
2089	23.23	29.096
2090	23.104	29.029
2091	22.998	28.935
2092	22.931	28.942
2093	22.88	28.96
2094	22.844	28.925
2095	22.853	28.987
2096	22.837	28.94
2097	22.858	28.948
2098	22.904	28.937
2099	22.957	28.881
2100	23.071	28.956
2101	23.174	28.905
2102	23.292	28.846
2103	23.445	28.799
2104	23.615	28.79
2105	23.821	28.761
2106	24.042	28.785
2107	24.267	28.716
2108	24.538	28.725
2109	24.835	28.713
2110	25.138	28.697
2111	25.485	28.726
2112	25.837	28.683
2113	26.221	28.656
2114	26.615	28.608
2115	27.068	28.65
2116	27.512	28.613
2117	27.984	28.634
2118	28.485	28.656
2119	28.974	28.624
2120	29.452	28.512
2121	29.991	28.499
2122	30.53	28.441
2123	31.09	28.456
2124	31.658	28.457
2125	32.198	28.362
2126	32.761	28.364
2127	33.307	28.329
2128	33.849	28.285
2129	34.397	28.272
2130	34.946	28.297
2131	35.471	28.246
2132	36.004	28.325
2133	36.503	28.357
2134	36.946	28.348
2135	37.354	28.332
2136	37.708	28.264
2137	38.066	28.316
2138	38.382	28.343
2139	38.642	28.348
2140	38.853	28.366
2141	39.024	28.413
2142	39.127	28.368
2143	39.167	28.324
2144	39.207	28.407
2145	39.217	28.502
2146	39.12	28.563
2147	38.965	28.551
2148	38.77	28.529
2149	38.561	28.589
2150	38.273	28.662
2151	37.944	28.682
2152	37.595	28.691
2153	37.209	28.765
2154	36.767	28.778
2155	36.291	28.745
2156	35.775	28.738
2157	35.277	28.746
2158	34.767	28.765
2159	34.254	28.795
2160	33.711	28.793
2161	33.2	28.885
2162	32.658	28.855
2163	32.114	28.864
2164	31.588	28.887
2165	31.05	28.847
2166	30.55	28.893
2167	30.052	28.971
2168	29.563	29.013
2169	29.064	28.929
2170	28.589	28.943
2171	28.121	28.892
2172	27.7	28.958
2173	27.288	29.018
2174	26.872	28.97
2175	26.5	28.964
2176	26.171	29.041
2177	25.822	29.044
2178	25.485	28.971
2179	25.186	29.019
2180	24.899	29.02
2181	24.657	29.107
2182	24.415	29.089
2183	24.187	29.142
2184	23.962	29.149
2185	23.771	29.133
2186	23.575	29.063
2187	23.416	29.099
2188	23.284	29.11
2189	23.16	29.144
2190	23.063	29.156
2191	22.961	29.117
2192	22.879	29.024
2193	22.834	29.046
2194	22.808	29.071
2195	22.789	29.031
2196	22.814	29.051
2197	22.832	29.007
2198	22.871	28.979
2199	22.932	28.959
2200	23.014	28.938
2201	23.105	28.877
2202	23.246	28.905
2203	23.395	28.893
2204	23.571	28.827
2205	23.763	28.801
2206	23.98	28.736
2207	24.228	28.746
2208	24.496	28.691
2209	24.798	28.703
2210	25.12	28.727
2211	25.48	28.729
2212	25.864	28.733
2213	26.246	28.708
2214	26.666	28.681
2215	27.086	28.648
2216	27.542	28.612
2217	28.017	28.623
2218	28.507	28.565
2219	29.002	28.524
2220	29.537	28.504
2221	30.049	28.455
2222	30.597	28.448
2223	31.144	28.379
2224	31.716	28.381
2225	32.286	28.396
2226	32.862	28.403
2227	33.437	28.394
2228	34.005	28.378
2229	34.571	28.45
2230	35.134	28.509
2231	35.657	28.488
2232	36.121	28.403
2233	36.57	28.361
2234	37.044	28.371
2235	37.448	28.316
2236	37.831	28.36
2237	38.121	28.333
2238	38.408	28.318
2239	38.614	28.251
2240	38.782	28.272
2241	38.907	28.252
2242	39.044	28.263
2243	39.089	28.26
2244	39.096	28.314
2245	39.044	28.331
2246	38.965	28.371
2247	38.783	28.361
2248	38.593	28.403
2249	38.351	28.414
2250	38.055	28.378
2251	37.725	28.375
2252	37.35	28.399
2253	36.958	28.441
2254	36.546	28.462
2255	36.087	28.461
2256	35.621	28.51
2257	35.16	28.608
2258	34.669	28.627
2259	34.127	28.594
2260	33.617	28.672
2261	33.08	28.657
2262	32.544	28.615
2263	32.047	28.671
2264	31.553	28.753
2265	31.076	28.769
2266	30.592	28.8
2267	30.078	28.822
2268	29.565	28.857
2269	29.109	28.856
2270	28.653	28.89
2271	28.212	28.899
2272	27.809	28.969
2273	27.406	28.999
2274	27.016	29.045
2275	26.633	29.07
2276	26.266	29.075
2277	25.922	29.055
2278	25.594	29.045
2279	25.253	28.948
2280	24.973	28.998
2281	24.702	29.015
2282	24.445	28.966
2283	24.226	29.043
2284	23.996	29.05
2285	23.777	28.995
2286	23.594	28.996
2287	23.428	29.02
2288	23.274	29.004
2289	23.141	29.003
2290	23.034	29.034
2291	22.953	29.081
2292	22.892	29.114
2293	22.85	29.114
2294	22.81	29.11
2295	22.783	29.074
2296	22.785	29.061
2297	22.825	29.082
2298	22.865	29.046
2299	22.914	28.99
2300	23.008	28.965
2301	23.125	28.997
2302	23.258	29.025
2303	23.412	29.015
2304	23.605	29.067
2305	23.789	28.968
2306	24.018	28.981
2307	24.271	28.988
2308	24.525	28.89
2309	24.844	28.863
2310	25.195	28.931
2311	25.551	28.921
2312	25.932	28.902
2313	26.324	28.888
2314	26.74	28.84
2315	27.16	28.766
2316	27.599	28.714
2317	28.061	28.687
2318	28.557	28.642
2319	29.065	28.613
2320	29.596	28.613
2321	30.133	28.619
2322	30.634	28.523
2323	31.163	28.506
2324	31.749	28.559
2325	32.341	28.625
2326	32.905	28.6
2327	33.462	28.572
2328	34.026	28.582
2329	34.578	28.548
2330	35.124	28.564
2331	35.641	28.525
2332	36.136	28.535
2333	36.604	28.529
2334	37.024	28.526
2335	37.402	28.429
2336	37.733	28.386
2337	38.085	28.43
2338	38.375	28.464
2339	38.586	28.429
2340	38.787	28.479
2341	38.912	28.49
2342	39.024	28.497
2343	39.059	28.507
2344	39.023	28.487
2345	38.967	28.516
2346	38.879	28.537
2347	38.775	28.632
2348	38.6	28.647
2349	38.332	28.603
2350	37.988	28.503
2351	37.67	28.571
2352	37.331	28.602
2353	36.9	28.581
2354	36.477	28.58
2355	36.02	28.567
2356	35.582	28.617
2357	35.097	28.66
2358	34.6	28.664
2359	34.094	28.688
2360	33.582	28.733
2361	33.065	28.754
2362	32.54	28.76
2363	32.023	28.78
2364	31.538	28.889
2365	31.034	28.923
2366	30.529	28.905
2367	30.04	28.931
2368	29.575	28.978
2369	29.142	29.051
2370	28.679	29.041
2371	28.225	29.039
2372	27.784	28.992
2373	27.378	29.029
2374	27.008	29.078
2375	26.633	29.109
2376	26.254	28.992
2377	25.899	28.949
2378	25.596	28.978
2379	25.287	29.027
2380	24.997	29.031
2381	24.705	28.98
2382	24.454	28.945
2383	24.218	29
2384	24.006	29.008
2385	23.799	29.009
2386	23.632	29.035
2387	23.454	29.017
2388	23.302	28.947
2389	23.161	28.864
2390	23.052	28.813
2391	22.971	28.862
2392	22.879	28.791
2393	22.822	28.78
2394	22.773	28.761
2395	22.773	28.81
2396	22.781	28.827
2397	22.808	28.804
2398	22.861	28.831
2399	22.919	28.863
2400	23.022	28.932
2401	23.141	28.971
2402	23.285	29.006
2403	23.443	29.034
2404	23.63	29.058
2405	23.837	29.032
2406	24.064	29.026
2407	24.313	29.049
2408	24.581	28.973
2409	24.88	28.988
2410	25.214	29.018
2411	25.549	28.981
2412	25.922	28.932
2413	26.315	28.938
2414	26.734	28.941
2415	27.167	28.93
2416	27.622	28.878
2417	28.109	28.876
2418	28.582	28.798
2419	29.107	28.787
2420	29.61	28.735
2421	30.143	28.672
2422	30.697	28.712
2423	31.237	28.673
2424	31.777	28.598
2425	32.327	28.532
2426	32.877	28.48
2427	33.442	28.479
2428	33.993	28.442
2429	34.532	28.398
2430	35.069	28.424
2431	35.566	28.421
2432	36.053	28.392
2433	36.542	28.433
2434	36.982	28.405
2435	37.399	28.399
2436	37.776	28.407
2437	38.095	28.434
2438	38.377	28.439
2439	38.64	28.483
2440	38.861	28.555
2441	39.037	28.617
2442	39.143	28.666
2443	39.197	28.737
2444	39.183	28.736
2445	39.112	28.718
2446	39.005	28.748
2447	38.821	28.671
2448	38.633	28.646
2449	38.418	28.672
2450	38.107	28.641
2451	37.804	28.738
2452	37.42	28.733
2453	36.987	28.688
2454	36.562	28.688
2455	36.118	28.71
2456	35.668	28.747
2457	35.164	28.739
2458	34.644	28.742
2459	34.136	28.796
2460	33.6	28.766
2461	33.072	28.794
2462	32.566	28.795
2463	32.039	28.799
2464	31.519	28.831
2465	30.987	28.81
2466	30.464	28.791
2467	29.977	28.859
2468	29.513	28.874
2469	29.023	28.833
2470	28.561	28.806
2471	28.117	28.801
2472	27.702	28.84
2473	27.271	28.843
2474	26.871	28.811
2475	26.509	28.86
2476	26.146	28.828
2477	25.822	28.848
2478	25.514	28.875
2479	25.196	28.825
2480	24.907	28.827
2481	24.643	28.837
2482	24.412	28.878
2483	24.195	28.896
2484	23.983	28.864
2485	23.806	28.974
2486	23.651	29.046
2487	23.496	29.068
2488	23.365	29.1
2489	23.229	29.09
2490	23.127	29.058
2491	23.039	29.043
2492	22.964	28.945
2493	22.909	28.947
2494	22.884	28.971
2495	22.868	28.966
2496	22.895	29.021
2497	22.923	29.014
2498	22.985	29.069
2499	23.042	29.042
2500	23.113	29.013
2501	23.208	28.998
2502	23.322	28.95
2503	23.478	28.969
2504	23.661	28.999
2505	23.88	29.045
2506	24.095	29.008
2507	24.338	29.017
2508	24.587	28.953
2509	24.86	28.897
2510	25.177	28.842
2511	25.509	28.791
2512	25.868	28.797
2513	26.245	28.763
2514	26.64	28.675
2515	27.072	28.685
2516	27.537	28.682
2517	27.992	28.693
2518	28.47	28.616
2519	28.989	28.657
2520	29.519	28.665
2521	30.011	28.569
2522	30.548	28.56
2523	31.094	28.496
2524	31.663	28.521
2525	32.27	28.597
2526	32.844	28.549
2527	33.422	28.592
2528	33.992	28.596
2529	34.543	28.602
2530	35.035	28.521
2531	35.544	28.484
2532	36.007	28.392
2533	36.504	28.42
2534	36.977	28.464
2535	37.361	28.398
2536	37.71	28.349
2537	38.035	28.299
2538	38.324	28.281
2539	38.61	28.333
2540	38.802	28.296
2541	38.927	28.264
2542	39.043	28.239
2543	39.106	28.304
2544	39.095	28.292
2545	39.046	28.314
2546	38.959	28.39
2547	38.818	28.438
2548	38.656	28.513
2549	38.428	28.553
2550	38.137	28.552
2551	37.826	28.616
2552	37.439	28.632
2553	37.015	28.617
2554	36.583	28.601
2555	36.136	28.602
2556	35.679	28.666
2557	35.221	28.724
2558	34.693	28.755
2559	34.157	28.725
2560	33.644	28.803
2561	33.137	28.851
2562	32.61	28.871
2563	32.084	28.887
2564	31.558	28.874
2565	31.031	28.904
2566	30.523	28.926
2567	30.029	28.939
2568	29.524	28.942
2569	29.056	28.983
2570	28.609	29.038
2571	28.166	29.016
2572	27.743	29.026
2573	27.309	28.986
2574	26.898	28.946
2575	26.522	28.921
2576	26.168	28.898
2577	25.858	28.948
2578	25.569	29.041
2579	25.255	29.033
2580	24.981	29.084
2581	24.713	29.074
2582	24.46	29.065
2583	24.239	29.044
2584	24.034	29.058
2585	23.817	28.981
2586	23.647	29.042
2587	23.488	29.103
2588	23.334	29.1
2589	23.209	29.133
2590	23.106	29.122
2591	23.011	29.144
2592	22.959	29.234
2593	22.916	29.202
2594	22.874	29.14
2595	22.859	29.157
2596	22.865	29.154
2597	22.894	29.169
2598	22.944	29.158
2599	23.028	29.204
2600	23.12	29.219
2601	23.227	29.227
2602	23.327	29.094
2603	23.461	29.039
2604	23.654	29.09
2605	23.856	29.094
2606	24.065	29.097
2607	24.317	29.128
2608	24.602	29.191
2609	24.899	29.231
2610	25.215	29.22
2611	25.517	29.095
2612	25.877	29.042
2613	26.266	29.006
2614	26.662	28.988
2615	27.094	29.006
2616	27.551	28.97
2617	28.019	28.93
2618	28.508	28.904
2619	29.034	28.926
2620	29.541	28.84
2621	30.087	28.831
2622	30.598	28.738
2623	31.127	28.722
2624	31.659	28.637
2625	32.201	28.579
2626	32.762	28.568
2627	33.338	28.576
2628	33.895	28.542
2629	34.46	28.552
2630	34.993	28.527
2631	35.509	28.452
2632	35.994	28.418
2633	36.429	28.38
2634	36.878	28.374
2635	37.33	28.45
2636	37.756	28.496
2637	38.11	28.5
2638	38.402	28.527
2639	38.673	28.541
2640	38.885	28.55
2641	39.03	28.533
2642	39.084	28.494
2643	39.145	28.523
2644	39.111	28.486
2645	39.066	28.468
2646	38.924	28.465
2647	38.815	28.512
2648	38.647	28.517
2649	38.415	28.557
2650	38.099	28.546
2651	37.764	28.583
2652	37.402	28.634
2653	37.016	28.666
2654	36.566	28.639
2655	36.121	28.697
2656	35.665	28.755
2657	35.146	28.712
2658	34.653	28.709
2659	34.122	28.643
2660	33.603	28.645
2661	33.061	28.666
2662	32.539	28.715
2663	32.034	28.735
2664	31.505	28.703
2665	30.997	28.709
2666	30.515	28.78
2667	30.035	28.796
2668	29.569	28.88
2669	29.107	28.927
2670	28.638	28.932