700	34.962	26.604
701	35.437	26.598
702	35.886	26.573
703	36.353	26.63
704	36.793	26.658
705	37.165	26.669
706	37.497	26.654
707	37.789	26.638
708	38.053	26.654
709	38.284	26.628
710	38.441	26.564
711	38.604	26.575
712	38.715	26.584
713	38.837	26.655
714	38.883	26.677
715	38.852	26.664
716	38.766	26.648
717	38.619	26.677
718	38.464	26.654
719	38.27	26.63
720	38.018	26.694
721	37.765	26.715
722	37.465	26.724
723	37.144	26.742
724	36.778	26.673
725	36.365	26.699
726	35.934	26.715
727	35.503	26.767
728	35.048	26.744
729	34.574	26.733
730	34.085	26.725
731	33.599	26.758
732	33.112	26.784
733	32.615	26.834
734	32.112	26.873
735	31.602	26.898
736	31.095	26.917
737	30.579	26.914
738	30.049	26.861
739	29.565	26.894
740	29.089	26.923
741	28.629	26.939
742	28.174	26.933
743	27.728	26.972
744	27.282	26.972
745	26.879	26.939
746	26.478	26.954
747	26.113	26.985
748	25.766	27.032
749	25.416	27.1
750	25.095	27.091
751	24.813	27.106
752	24.515	27.055
753	24.251	27.093
754	24.017	27.176
755	23.804	27.207
756	23.6	27.225
757	23.394	27.253
758	23.225	27.199
759	23.072	27.161
760	22.941	27.135
761	22.82	27.112
762	22.747	27.104
763	22.701	27.178
764	22.65	27.155
765	22.621	27.13
766	22.61	27.097
767	22.632	27.088
768	22.67	27.066
769	22.741	27.085
770	22.83	27.074
771	22.94	27.078
772	23.07	27.005
773	23.219	26.98
774	23.41	26.945
775	23.621	26.947
776	23.842	26.919
777	24.095	26.889
778	24.324	26.843
779	24.555	26.747
780	24.876	26.725
781	25.219	26.688
782	25.611	26.624
783	25.995	26.611
784	26.403	26.604
785	26.844	26.613
786	27.319	26.615
787	27.771	26.605
788	28.254	26.538
789	28.76	26.497
790	29.276	26.512
791	29.806	26.495
792	30.345	26.485
793	30.909	26.496
794	31.44	26.472
795	32.009	26.439
796	32.561	26.39
797	33.122	26.429
798	33.667	26.43
799	34.188	26.469
800	34.713	26.439
801	35.217	26.438
802	35.724	26.452
803	36.254	26.476
804	36.791	26.476
805	37.193	26.486
806	37.578	26.484
807	37.916	26.516
808	38.225	26.516
809	38.493	26.516
810	38.702	26.51
811	38.859	26.513
812	39.011	26.561
813	39.094	26.576
814	39.121	26.626
815	39.108	26.641
816	39.079	26.682
817	38.955	26.65
818	38.789	26.66
819	38.6	26.693
820	38.353	26.782
821	38.061	26.831
822	37.721	26.77
823	37.375	26.802
824	36.98	26.707
825	36.438	26.737
826	36.008	26.762
827	35.441	26.794
828	34.962	26.82
829	34.473	26.818
830	33.975	26.823
831	33.473	26.846
832	32.957	26.859
833	32.435	26.88
834	31.923	26.944
835	31.41	26.979
836	30.906	27.004
837	30.404	27
838	29.909	27.031
839	29.407	27.052
840	28.943	27.015
841	28.465	27.039
842	28.03	27.057
843	27.597	27.056
844	27.177	27.03
845	26.772	26.993
846	26.386	26.985
847	26.029	27.072
848	25.683	27.02
849	25.356	27.164
850	25.133	27.173
851	24.831	27.205
852	24.622	27.202
853	24.357	27.168
854	24.113	27.186
855	23.893	27.203
856	23.69	27.182
857	23.507	27.177
858	23.345	27.184
859	23.193	27.127
860	23.075	27.114
861	22.961	27.098
862	22.866	27.067
863	22.791	26.984
864	22.761	26.964
865	22.724	26.982
866	22.724	26.937
867	22.729	26.974
868	22.763	26.968
869	22.814	26.976
870	22.9	26.981
871	23.01	26.946
872	23.127	26.919
873	23.273	26.922
874	23.445	26.875
875	23.635	26.88
876	23.858	26.815
877	24.098	26.825
878	24.377	26.827
879	24.681	26.822
880	25	26.793
881	25.335	26.8
882	25.704	26.78
883	26.084	26.744
884	26.503	26.754
885	26.912	26.715
886	27.359	26.694
887	27.805	26.686
888	28.296	26.744
889	28.784	26.75
890	29.29	26.666
891	29.8	26.649
892	30.355	26.642
893	30.886	26.613
894	31.464	26.631
895	32.021	26.622
896	32.575	26.645
897	33.113	26.625
898	33.668	26.661
899	34.21	26.679
900	34.723	26.669
901	35.256	26.686
902	35.736	26.654
903	36.186	26.651
904	36.612	26.655
905	37	26.647
906	37.382	26.651
907	37.705	26.636
908	37.993	26.64
909	38.235	26.621
910	38.459	26.622
911	38.656	26.645
912	38.829	26.652
913	38.92	26.651
914	38.982	26.631
915	39.007	26.722
916	38.956	26.745
917	38.821	26.729
918	38.704	26.772
919	38.521	26.762
920	38.287	26.769
921	38.017	26.786
922	37.714	26.817
923	37.361	26.827
924	36.978	26.815
925	36.566	26.825
926	36.114	26.829
927	35.66	26.837
928	35.203	26.856
929	34.724	26.888
930	34.224	26.887
931	33.713	26.906
932	33.202	26.938
933	32.705	26.984
934	32.192	27.001
935	31.684	27.078
936	31.177	27.08
937	30.668	27.11
938	30.155	27.123
939	29.643	27.134
940	29.152	27.155
941	28.687	27.151
942	28.241	27.176
943	27.793	27.189
944	27.359	27.223
945	26.947	27.246
946	26.54	27.218
947	26.171	27.222
948	25.812	27.221
949	25.479	27.302
950	25.152	27.29
951	24.855	27.32
952	24.576	27.351
953	24.312	27.354
954	24.054	27.314
955	23.834	27.336
956	23.635	27.349
957	23.446	27.339
958	23.274	27.323
959	23.118	27.34
960	22.994	27.29
961	22.875	27.286
962	22.773	27.267
963	22.709	27.284
964	22.66	27.246
965	22.631	27.21
966	22.624	27.209
967	22.639	27.194
968	22.667	27.148
969	22.721	27.124
970	22.796	27.109
971	22.913	27.137
972	23.04	27.117
973	23.19	27.068
974	23.359	26.991
975	23.578	26.996
976	23.8	26.967
977	24.049	26.945
978	24.324	26.894
979	24.621	26.862
980	24.946	26.862
981	25.28	26.822
982	25.64	26.801
983	26.033	26.773
984	26.454	26.759
985	26.88	26.765
986	27.331	26.745
987	27.816	26.741
988	28.294	26.7
989	28.796	26.687
990	29.312	26.69
991	29.843	26.687
992	30.369	26.657
993	30.934	26.635
994	31.507	26.596
995	32.057	26.576
996	32.601	26.53
997	33.146	26.506
998	33.657	26.507
999	34.177	26.5
1000	34.674	26.408
1001	35.165	26.392
1002	35.65	26.393
1003	36.107	26.383
1004	36.567	26.391
1005	36.963	26.374
1006	37.335	26.355
1007	37.703	26.379
1008	38.018	26.399
1009	38.297	26.373
1010	38.484	26.362
1011	38.669	26.42
1012	38.787	26.42
1013	38.876	26.432
1014	38.922	26.469
1015	38.942	26.431
1016	38.857	26.429
1017	38.792	26.483
1018	38.643	26.518
1019	38.492	26.557
1020	38.217	26.564
1021	37.924	26.61
1022	37.63	26.662
1023	37.332	26.674
1024	36.965	26.701
1025	36.555	26.792
1026	36.123	26.822
1027	35.698	26.836
1028	35.242	26.874
1029	34.724	26.917
1030	34.221	26.928
1031	33.699	26.96
1032	33.181	26.967
1033	32.643	26.976
1034	32.136	27.029
1035	31.629	27.044
1036	31.109	27
1037	30.609	27.003
1038	30.109	27.006
1039	29.621	27.024
1040	29.133	27.077
1041	28.677	27.088
1042	28.224	27.112
1043	27.779	27.145
1044	27.324	27.155
1045	26.963	27.189
1046	26.58	27.186
1047	26.196	27.19
1048	25.832	27.232
1049	25.49	27.211
1050	25.179	27.224
1051	24.883	27.223
1052	24.58	27.218
1053	24.306	27.246
1054	24.068	27.246
1055	23.839	27.262
1056	23.634	27.254
1057	23.442	27.245
1058	23.276	27.23
1059	23.105	27.162
1060	22.972	27.161
1061	22.854	27.149
1062	22.759	27.151
1063	22.692	27.146
1064	22.645	27.105
1065	22.62	27.089
1066	22.609	27.104
1067	22.62	27.066
1068	22.656	27.09
1069	22.726	27.068
1070	22.815	27.015
1071	22.933	27.014
1072	23.06	26.988
1073	23.212	26.951
1074	23.389	26.934
1075	23.59	26.905
1076	23.824	26.909
1077	24.085	26.907
1078	24.37	26.895
1079	24.671	26.853
1080	25.005	26.849
1081	25.364	26.86
1082	25.733	26.85
1083	26.129	26.826
1084	26.532	26.841
1085	26.968	26.814
1086	27.43	26.803
1087	27.912	26.792
1088	28.41	26.789
1089	28.918	26.82
1090	29.433	26.831
1091	29.956	26.819
1092	30.491	26.814
1093	31.036	26.755
1094	31.565	26.744
1095	32.085	26.725
1096	32.638	26.731
1097	33.187	26.74
1098	33.73	26.736
1099	34.276	26.757
1100	34.788	26.761
1101	35.279	26.752
1102	35.753	26.742
1103	36.195	26.716
1104	36.627	26.728
1105	37.024	26.731
1106	37.38	26.709
1107	37.713	26.705
1108	38.001	26.715
1109	38.278	26.722
1110	38.498	26.738
1111	38.671	26.77
1112	38.799	26.781
1113	38.86	26.8
1114	38.908	26.767
1115	38.885	26.763
1116	38.848	26.78
1117	38.75	26.764
1118	38.609	26.787
1119	38.432	26.814
1120	38.211	26.848
1121	37.934	26.818
1122	37.638	26.816
1123	37.294	26.818
1124	36.918	26.837
1125	36.509	26.848
1126	36.084	26.849
1127	35.624	26.862
1128	35.143	26.857
1129	34.658	26.872
1130	34.159	26.875
1131	33.66	26.909
1132	33.147	26.921
1133	32.631	26.92
1134	32.085	26.895
1135	31.601	26.918
1136	31.091	26.928
1137	30.6	26.955
1138	30.099	26.948
1139	29.607	27.022
1140	29.123	27.043
1141	28.65	27.044
1142	28.194	27.09
1143	27.765	27.119
1144	27.324	27.114
1145	26.914	27.126
1146	26.506	27.146
1147	26.12	27.151
1148	25.766	27.183
1149	25.405	27.224
1150	25.077	27.243
1151	24.781	27.28
1152	24.499	27.31
1153	24.238	27.328
1154	23.996	27.324
1155	23.772	27.319
1156	23.559	27.296
1157	23.381	27.33
1158	23.213	27.384
1159	23.077	27.45
1160	22.933	27.43
1161	22.82	27.439
1162	22.712	27.407
1163	22.647	27.385
1164	22.596	27.351
1165	22.571	27.32
1166	22.57	27.284
1167	22.591	27.253
1168	22.612	27.216
1169	22.679	27.175
1170	22.764	27.179
1171	22.875	27.243
1172	23.03	27.255
1173	23.189	27.2
1174	23.394	27.134
1175	23.635	27.081
1176	23.867	27.036
1177	24.118	26.982
1178	24.405	26.979
1179	24.699	26.951
1180	25.017	26.915
1181	25.367	26.913
1182	25.727	26.861
1183	26.129	26.815
1184	26.555	26.77
1185	26.984	26.745
1186	27.444	26.711
1187	27.919	26.699
1188	28.417	26.71
1189	28.916	26.68
1190	29.439	26.674
1191	29.965	26.672
1192	30.497	26.651
1193	31.056	26.663
1194	31.599	26.711
1195	32.143	26.686
1196	32.711	26.587
1197	33.229	26.566
1198	33.752	26.585
1199	34.272	26.598
1200	34.738	26.612
1201	35.207	26.599
1202	35.682	26.608
1203	36.124	26.575
1204	36.55	26.599
1205	36.946	26.622
1206	37.313	26.599
1207	37.642	26.613
1208	37.92	26.589
1209	38.167	26.607
1210	38.377	26.629
1211	38.555	26.641
1212	38.665	26.635
1213	38.757	26.636
1214	38.808	26.661
1215	38.806	26.666
1216	38.777	26.674
1217	38.674	26.683
1218	38.54	26.685
1219	38.361	26.677
1220	38.14	26.687
1221	37.872	26.721
1222	37.574	26.72
1223	37.274	26.757
1224	36.888	26.748
1225	36.509	26.764
1226	36.107	26.792
1227	35.658	26.818
1228	35.202	26.884
1229	34.723	26.93
1230	34.228	26.931
1231	33.74	26.963
1232	33.221	26.984
1233	32.713	27.056
1234	32.192	27.09
1235	31.678	27.114
1236	31.156	27.105
1237	30.669	27.161
1238	30.171	27.213
1239	29.678	27.213
1240	29.186	27.222
1241	28.727	27.281
1242	28.264	27.268
1243	27.827	27.288
1244	27.415	27.314
1245	27.009	27.336
1246	26.606	27.328
1247	26.23	27.352
1248	25.865	27.348
1249	25.532	27.356
1250	25.207	27.386
1251	24.888	27.375
1252	24.607	27.372
1253	24.331	27.339
1254	24.083	27.315
1255	23.86	27.35
1256	23.64	27.346
1257	23.459	27.338
1258	23.294	27.301
1259	23.152	27.327
1260	23.032	27.343
1261	22.911	27.311
1262	22.816	27.285
1263	22.739	27.234
1264	22.688	27.223
1265	22.649	27.215
1266	22.631	27.149
1267	22.655	27.171
1268	22.684	27.122
1269	22.731	27.076
1270	22.809	27.04
1271	22.927	27.064
1272	23.053	27.048
1273	23.206	27.026
1274	23.392	27.012
1275	23.594	26.999
1276	23.829	26.996
1277	24.082	26.988
1278	24.358	26.992
1279	24.655	26.963
1280	24.974	26.923
1281	25.331	26.903
1282	25.692	26.876
1283	26.072	26.851
1284	26.476	26.784
1285	26.905	26.734
1286	27.368	26.756
1287	27.846	26.75
1288	28.317	26.727
1289	28.799	26.718
1290	29.336	26.693
1291	29.856	26.691
1292	30.377	26.669
1293	30.922	26.685
1294	31.47	26.691
1295	32.017	26.723
1296	32.549	26.661
1297	33.088	26.649
1298	33.612	26.598
1299	34.123	26.602
1300	34.624	26.594
1301	35.12	26.599
1302	35.592	26.566
1303	36.069	26.558
1304	36.487	26.552
1305	36.901	26.568
1306	37.265	26.571
1307	37.618	26.602
1308	37.921	26.624
1309	38.177	26.626
1310	38.383	26.641
1311	38.576	26.68
1312	38.697	26.68
1313	38.825	26.702
1314	38.893	26.705
1315	38.889	26.747
1316	38.845	26.781
1317	38.773	26.806
1318	38.643	26.794
1319	38.475	26.809
1320	38.248	26.819
1321	37.99	26.88
1322	37.681	26.868
1323	37.362	26.948
1324	37.018	26.985
1325	36.624	26.994
1326	36.197	26.986
1327	35.766	27.032
1328	35.277	27.052
1329	34.833	27.107
1330	34.318	27.09
1331	33.813	27.112
1332	33.293	27.119
1333	32.765	27.176
1334	32.262	27.183
1335	31.735	27.247
1336	31.204	27.236
1337	30.681	27.281
1338	30.157	27.288
1339	29.657	27.311
1340	29.16	27.301
1341	28.7	27.297
1342	28.231	27.317
1343	27.782	27.341
1344	27.352	27.353
1345	26.945	27.323
1346	26.556	27.341
1347	26.192	27.372
1348	25.827	27.329
1349	25.467	27.323
1350	25.142	27.309
1351	24.837	27.316
1352	24.542	27.305
1353	24.277	27.323
1354	24.016	27.305
1355	23.804	27.342
1356	23.597	27.364
1357	23.395	27.32
1358	23.237	27.278
1359	23.085	27.3
1360	22.972	27.254
1361	22.86	27.236
1362	22.78	27.202
1363	22.726	27.211
1364	22.679	27.2
1365	22.659	27.212
1366	22.644	27.23
1367	22.669	27.225
1368	22.701	27.202
1369	22.768	27.182
1370	22.856	27.198
1371	22.958	27.155
1372	23.082	27.151
1373	23.23	27.153
1374	23.423	27.139
1375	23.636	27.151
1376	23.875	27.157
1377	24.129	27.143
1378	24.413	27.135
1379	24.709	27.096
1380	25.02	27.053
1381	25.352	27.009
1382	25.734	27.029
1383	26.124	27.035
1384	26.534	27.019
1385	26.961	27.007
1386	27.421	26.99
1387	27.877	26.925
1388	28.331	26.889
1389	28.806	26.877
1390	29.324	26.892
1391	29.86	26.856
1392	30.393	26.865
1393	30.941	26.841
1394	31.489	26.838
1395	32.031	26.823
1396	32.569	26.801
1397	33.114	26.75
1398	33.649	26.742
1399	34.145	26.713
1400	34.624	26.718
1401	35.097	26.737
1402	35.554	26.721
1403	35.986	26.661
1404	36.407	26.673
1405	36.789	26.641
1406	37.162	26.642
1407	37.5	26.644
1408	37.8	26.615
1409	38.059	26.611
1410	38.273	26.606
1411	38.452	26.62
1412	38.613	26.667
1413	38.75	26.708
1414	38.839	26.726
1415	38.84	26.699
1416	38.805	26.73
1417	38.714	26.707
1418	38.582	26.742
1419	38.414	26.757
1420	38.195	26.768
1421	37.96	26.795
1422	37.662	26.857
1423	37.342	26.891
1424	37.004	26.919
1425	36.639	26.91
1426	36.215	26.89
1427	35.783	26.92
1428	35.333	26.962
1429	34.862	26.973
1430	34.396	27.045
1431	33.892	27.073
1432	33.367	27.069
1433	32.829	27.106
1434	32.294	27.112
1435	31.776	27.147
1436	31.267	27.196
1437	30.766	27.218
1438	30.269	27.217
1439	29.782	27.224
1440	29.297	27.235
1441	28.808	27.235
1442	28.338	27.236
1443	27.891	27.25
1444	27.454	27.285
1445	27.045	27.312
1446	26.613	27.343
1447	26.236	27.369
1448	25.863	27.364
1449	25.521	27.363
1450	25.198	27.376
1451	24.886	27.369
1452	24.607	27.374
1453	24.339	27.416
1454	24.096	27.436
1455	23.853	27.406
1456	23.646	27.431
1457	23.465	27.457
1458	23.295	27.436
1459	23.148	27.434
1460	23.013	27.426
1461	22.89	27.39
1462	22.791	27.406
1463	22.707	27.391
1464	22.653	27.385
1465	22.614	27.374
1466	22.608	27.373
1467	22.624	27.37
1468	22.655	27.352
1469	22.705	27.338
1470	22.789	27.298
1471	22.921	27.274
1472	23.054	27.228
1473	23.219	27.197
1474	23.389	27.173
1475	23.576	27.161
1476	23.809	27.176
1477	24.058	27.175
1478	24.335	27.114
1479	24.636	27.093
1480	24.97	27.101
1481	25.312	27.06
1482	25.676	27.052
1483	26.076	27.05
1484	26.488	27.01
1485	26.916	26.959
1486	27.37	26.935
1487	27.842	26.912
1488	28.324	26.899
1489	28.82	26.862
1490	29.337	26.851
1491	29.868	26.828
1492	30.403	26.853
1493	30.954	26.84
1494	31.494	26.77
1495	32.045	26.781
1496	32.578	26.77
1497	33.117	26.751
1498	33.641	26.737
1499	34.181	26.758
1500	34.708	26.745
1501	35.186	26.715
1502	35.656	26.69
1503	36.096	26.704
1504	36.515	26.684
1505	36.886	26.68
1506	37.264	26.708
1507	37.601	26.713
1508	37.886	26.69
1509	38.146	26.718
1510	38.367	26.735
1511	38.557	26.751
1512	38.66	26.706
1513	38.763	26.709
1514	38.786	26.751
1515	38.775	26.763
1516	38.728	26.803
1517	38.632	26.823
1518	38.487	26.85
1519	38.322	26.883
1520	38.079	26.893
1521	37.827	26.919
1522	37.559	26.967
1523	37.233	27.025
1524	36.87	27.031
1525	36.473	27.046
1526	36.076	27.055
1527	35.652	27.078
1528	35.203	27.069
1529	34.728	27.117
1530	34.262	27.127
1531	33.757	27.11
1532	33.234	27.078
1533	32.736	27.146
1534	32.217	27.141
1535	31.691	27.141
1536	31.192	27.162
1537	30.69	27.2
1538	30.165	27.255
1539	29.681	27.265
1540	29.212	27.297
1541	28.74	27.3
1542	28.29	27.274
1543	27.852	27.283
1544	27.424	27.294
1545	27.015	27.29
1546	26.622	27.296
1547	26.228	27.292
1548	25.873	27.309
1549	25.518	27.302
1550	25.191	27.293
1551	24.88	27.324
1552	24.59	27.306
1553	24.304	27.278
1554	24.044	27.249
1555	23.833	27.254
1556	23.62	27.261
1557	23.429	27.291
1558	23.259	27.251
1559	23.103	27.241
1560	22.978	27.245
1561	22.863	27.24
1562	22.785	27.269
1563	22.729	27.235
1564	22.689	27.232
1565	22.657	27.215
1566	22.651	27.168
1567	22.667	27.149
1568	22.704	27.125
1569	22.758	27.109
1570	22.846	27.107
1571	22.953	27.078
1572	23.083	27.076
1573	23.236	27.05
1574	23.411	27.018
1575	23.62	27.029
1576	23.859	26.994
1577	24.116	27.032
1578	24.401	27.088
1579	24.709	27.056
1580	25.001	27.046
1581	25.346	26.997
1582	25.715	26.954
1583	26.1	26.937
1584	26.52	26.94
1585	26.952	26.923
1586	27.397	26.914
1587	27.853	26.866
1588	28.34	26.84
1589	28.836	26.829
1590	29.347	26.807
1591	29.868	26.807
1592	30.408	26.823
1593	30.946	26.808
1594	31.497	26.812
1595	32.038	26.779
1596	32.591	26.787
1597	33.124	26.767
1598	33.668	26.765
1599	34.218	26.801
1600	34.741	26.8
1601	35.24	26.81
1602	35.69	26.796
1603	36.15	26.76
1604	36.569	26.797
1605	37.02	26.8
1606	37.381	26.84
1607	37.718	26.861
1608	38.003	26.874
1609	38.266	26.887
1610	38.49	26.925
1611	38.66	26.921
1612	38.795	26.932
1613	38.899	26.958
1614	38.951	26.959
1615	38.955	26.984
1616	38.891	26.977
1617	38.77	26.956
1618	38.626	26.966
1619	38.435	26.994
1620	38.206	27.043
1621	37.927	27.046
1622	37.629	27.058
1623	37.285	27.053
1624	36.895	27.048
1625	36.502	27.078
1626	36.067	27.089
1627	35.627	27.075
1628	35.162	27.102
1629	34.692	27.14
1630	34.172	27.156
1631	33.677	27.186
1632	33.188	27.219
1633	32.674	27.225
1634	32.156	27.232
1635	31.644	27.237
1636	31.132	27.266
1637	30.632	27.294
1638	30.112	27.317
1639	29.618	27.341
1640	29.146	27.37
1641	28.678	27.403
1642	28.237	27.435
1643	27.801	27.475
1644	27.381	27.462
1645	26.984	27.455
1646	26.599	27.467
1647	26.246	27.476
1648	25.881	27.52
1649	25.552	27.56
1650	25.223	27.551
1651	24.909	27.537
1652	24.611	27.559
1653	24.351	27.565
1654	24.117	27.564
1655	23.89	27.536
1656	23.679	27.497
1657	23.491	27.474
1658	23.323	27.485
1659	23.162	27.529
1660	23.044	27.525
1661	22.929	27.497
1662	22.836	27.487
1663	22.775	27.47
1664	22.723	27.437
1665	22.687	27.398
1666	22.681	27.38
1667	22.696	27.338
1668	22.73	27.303
1669	22.794	27.297
1670	22.876	27.287
1671	22.97	27.285
1672	23.081	27.234
1673	23.236	27.148
1674	23.405	27.1
1675	23.605	27.069
1676	23.835	27.076
1677	24.097	27.052
1678	24.367	27.049
1679	24.645	27.039
1680	24.954	27.011
1681	25.3	27.025
1682	25.666	27.029
1683	26.055	27.014
1684	26.486	26.968
1685	26.908	26.954
1686	27.355	26.987
1687	27.806	26.953
1688	28.286	26.936
1689	28.787	26.916
1690	29.313	26.929
1691	29.846	26.914
1692	30.384	26.93
1693	30.925	26.905
1694	31.477	26.908
1695	32.013	26.895
1696	32.568	26.871
1697	33.117	26.922
1698	33.659	26.938
1699	34.185	26.961
1700	34.677	26.927
1701	35.183	26.9
1702	35.656	26.898
1703	36.112	26.893
1704	36.547	26.865
1705	36.95	26.878
1706	37.325	26.874
1707	37.637	26.843
1708	37.939	26.855
1709	38.191	26.857
1710	38.414	26.862
1711	38.603	26.823
1712	38.76	26.857
1713	38.833	26.837
1714	38.862	26.865
1715	38.855	26.858
1716	38.813	26.834
1717	38.718	26.852
1718	38.578	26.875
1719	38.381	26.877
1720	38.157	26.892
1721	37.897	26.931
1722	37.595	26.915
1723	37.251	26.938
1724	36.886	26.918
1725	36.515	26.977
1726	36.087	27.012
1727	35.65	27.029
1728	35.198	27.031
1729	34.713	27.049
1730	34.238	27.091
1731	33.741	27.126
1732	33.243	27.169
1733	32.737	27.195
1734	32.224	27.187
1735	31.698	27.211
1736	31.176	27.234
1737	30.663	27.251
1738	30.168	27.304
1739	29.689	27.317
1740	29.196	27.313
1741	28.716	27.377
1742	28.251	27.374
1743	27.814	27.399
1744	27.39	27.397
1745	26.978	27.397
1746	26.577	27.414
1747	26.204	27.459
1748	25.853	27.488
1749	25.511	27.469
1750	25.174	27.439
1751	24.871	27.444
1752	24.582	27.443
1753	24.322	27.456
1754	24.084	27.451
1755	23.847	27.469
1756	23.622	27.461
1757	23.423	27.468
1758	23.249	27.462
1759	23.085	27.469
1760	22.945	27.433
1761	22.829	27.405
1762	22.746	27.385
1763	22.673	27.358
1764	22.623	27.351
1765	22.594	27.323
1766	22.58	27.313
1767	22.595	27.288
1768	22.634	27.294
1769	22.702	27.3
1770	22.785	27.277
1771	22.893	27.237
1772	23.02	27.189
1773	23.172	27.169
1774	23.358	27.172
1775	23.573	27.164
1776	23.805	27.15
1777	24.066	27.142
1778	24.334	27.105
1779	24.637	27.109
1780	24.966	27.066
1781	25.322	27.046
1782	25.701	26.994
1783	26.083	26.924
1784	26.505	26.895
1785	26.932	26.86
1786	27.404	26.86
1787	27.889	26.831
1788	28.4	26.831
1789	28.891	26.803
1790	29.412	26.826
1791	29.958	26.818
1792	30.504	26.831
1793	31.048	26.796
1794	31.581	26.796
1795	32.141	26.82
1796	32.696	26.823
1797	33.231	26.793
1798	33.752	26.769
1799	34.265	26.763
1800	34.761	26.795
1801	35.25	26.802
1802	35.725	26.819
1803	36.157	26.813
1804	36.579	26.785
1805	36.961	26.779
1806	37.324	26.756
1807	37.65	26.767
1808	37.959	26.833
1809	38.197	26.862
1810	38.427	26.905
1811	38.586	26.931
1812	38.678	26.955
1813	38.732	26.949
1814	38.794	26.973
1815	38.8	26.983
1816	38.718	27.007
1817	38.607	26.998
1818	38.478	27.037
1819	38.295	27.028
1820	38.078	27.027
1821	37.806	27.02
1822	37.519	27.07
1823	37.187	27.097
1824	36.824	27.127
1825	36.43	27.105
1826	36.019	27.13
1827	35.557	27.138
1828	35.107	27.16
1829	34.617	27.184
1830	34.149	27.235
1831	33.661	27.267
1832	33.157	27.297
1833	32.628	27.265
1834	32.121	27.261
1835	31.63	27.282
1836	31.115	27.277
1837	30.641	27.34
1838	30.155	27.374
1839	29.656	27.404
1840	29.184	27.418
1841	28.731	27.438
1842	28.284	27.478
1843	27.832	27.451
1844	27.41	27.452
1845	26.998	27.469
1846	26.607	27.495
1847	26.232	27.527
1848	25.872	27.493
1849	25.53	27.474
1850	25.219	27.509
1851	24.922	27.509
1852	24.645	27.514
1853	24.382	27.532
1854	24.14	27.536
1855	23.904	27.509
1856	23.694	27.523
1857	23.501	27.519
1858	23.345	27.531
1859	23.2	27.557
1860	23.061	27.529
1861	22.954	27.534
1862	22.849	27.483
1863	22.768	27.45
1864	22.721	27.416
1865	22.682	27.39
1866	22.678	27.362
1867	22.685	27.355
1868	22.728	27.347
1869	22.772	27.325
1870	22.846	27.291
1871	22.938	27.26
1872	23.061	27.207
1873	23.223	27.24
1874	23.397	27.256
1875	23.589	27.222
1876	23.808	27.204
1877	24.056	27.173
1878	24.334	27.169
1879	24.619	27.131
1880	24.937	27.08
1881	25.276	27.038
1882	25.648	27.046
1883	26.039	27.032
1884	26.437	27.017
1885	26.868	27.015
1886	27.326	26.992
1887	27.794	26.953
1888	28.279	26.945
1889	28.78	26.939
1890	29.283	26.903
1891	29.814	26.877
1892	30.358	26.834
1893	30.913	26.831
1894	31.47	26.836
1895	32.025	26.818
1896	32.597	26.811
1897	33.15	26.805
1898	33.692	26.804
1899	34.238	26.811
1900	34.753	26.82
1901	35.245	26.78
1902	35.727	26.773
1903	36.169	26.779
1904	36.611	26.786
1905	37.027	26.864
1906	37.394	26.85
1907	37.725	26.856
1908	38.025	26.869
1909	38.304	26.847
1910	38.513	26.865
1911	38.694	26.881
1912	38.821	26.872
1913	38.895	26.902
1914	38.931	26.906
1915	38.927	26.907
1916	38.859	26.927
1917	38.741	26.942
1918	38.579	26.96
1919	38.393	26.979
1920	38.144	27.001
1921	37.889	27.038
1922	37.59	27.063
1923	37.236	27.04
1924	36.854	27.057
1925	36.471	27.062
1926	36.059	27.129
1927	35.617	27.151
1928	35.153	27.147
1929	34.665	27.188
1930	34.165	27.148
1931	33.663	27.182
1932	33.153	27.173
1933	32.641	27.191
1934	32.132	27.224
1935	31.618	27.217
1936	31.098	27.226
1937	30.586	27.287
1938	30.117	27.266
1939	29.631	27.29
1940	29.169	27.35
1941	28.706	27.351
1942	28.262	27.378
1943	27.817	27.415
1944	27.405	27.426
1945	27.015	27.438
1946	26.613	27.434
1947	26.242	27.439
1948	25.887	27.462
1949	25.551	27.459
1950	25.229	27.463
1951	24.925	27.441
1952	24.63	27.418
1953	24.366	27.409
1954	24.119	27.377
1955	23.898	27.401
1956	23.694	27.419
1957	23.505	27.427
1958	23.329	27.41
1959	23.174	27.376
1960	23.045	27.366
1961	22.933	27.38
1962	22.843	27.361
1963	22.755	27.383
1964	22.699	27.378
1965	22.659	27.364
1966	22.656	27.375
1967	22.665	27.358
1968	22.704	27.309
1969	22.759	27.323
1970	22.836	27.312
1971	22.942	27.298
1972	23.066	27.257
1973	23.212	27.238
1974	23.385	27.208
1975	23.594	27.202
1976	23.814	27.141
1977	24.064	27.146
1978	24.337	27.128
1979	24.642	27.118
1980	24.953	27.1
1981	25.295	27.067
1982	25.655	27.034
1983	26.046	27.017
1984	26.451	27.054
1985	26.884	27.058
1986	27.337	27.037
1987	27.809	27.024
1988	28.294	26.983
1989	28.788	26.939
1990	29.313	26.913
1991	29.826	26.879
1992	30.375	26.936
1993	30.923	26.923
1994	31.474	26.884
1995	32.024	26.902
1996	32.578	26.856
1997	33.115	26.881
1998	33.677	26.895
1999	34.181	26.861
2000	34.663	26.814
2001	35.149	26.844
2002	35.637	26.845
2003	36.106	26.862
2004	36.535	26.877
2005	36.948	26.883
2006	37.318	26.919
2007	37.657	26.912
2008	37.952	26.935
2009	38.231	26.921
2010	38.454	26.929
2011	38.622	26.92
2012	38.726	26.905
2013	38.835	26.961
2014	38.87	26.969
2015	38.88	26.998
2016	38.828	27.003
2017	38.719	26.947
2018	38.574	26.992
2019	38.38	27.02
2020	38.135	27.018
2021	37.856	27.053
2022	37.562	27.054
2023	37.208	27.088
2024	36.872	27.152
2025	36.5	27.19
2026	36.093	27.214
2027	35.648	27.245
2028	35.188	27.241
2029	34.708	27.267
2030	34.202	27.275
2031	33.706	27.259
2032	33.208	27.292
2033	32.693	27.308
2034	32.188	27.325
2035	31.67	27.314
2036	31.168	27.326
2037	30.678	27.4
2038	30.176	27.382
2039	29.723	27.415
2040	29.229	27.411
2041	28.773	27.43
2042	28.319	27.452
2043	27.885	27.458
2044	27.461	27.456
2045	27.067	27.468
2046	26.684	27.497
2047	26.309	27.511
2048	25.955	27.514
2049	25.639	27.508
2050	25.319	27.502
2051	25.018	27.497
2052	24.725	27.433
2053	24.447	27.449
2054	24.208	27.465
2055	23.98	27.44
2056	23.761	27.455
2057	23.564	27.455
2058	23.394	27.453
2059	23.231	27.434
2060	23.09	27.436
2061	22.97	27.426
2062	22.867	27.378
2063	22.795	27.386
2064	22.725	27.385
2065	22.693	27.39
2066	22.674	27.339
2067	22.685	27.311
2068	22.716	27.309
2069	22.767	27.3
2070	22.846	27.302
2071	22.94	27.274
2072	23.061	27.235
2073	23.214	27.205
2074	23.362	27.171
2075	23.551	27.173
2076	23.769	27.155
2077	24.019	27.192
2078	24.293	27.199
2079	24.584	27.132
2080	24.9	27.127
2081	25.25	27.102
2082	25.617	27.082
2083	25.997	27.038
2084	26.412	27.035
2085	26.85	27.018
2086	27.305	27.019
2087	27.785	27.024
2088	28.271	26.995
2089	28.779	26.97
2090	29.282	26.926
2091	29.82	27.002
2092	30.375	27.006
2093	30.922	26.982
2094	31.482	26.973
2095	32.045	26.926
2096	32.603	26.936
2097	33.151	26.925
2098	33.681	26.887
2099	34.219	26.914
2100	34.748	26.897
2101	35.246	26.918
2102	35.726	26.914
2103	36.182	26.89
2104	36.596	26.9
2105	36.999	26.903
2106	37.374	26.9
2107	37.715	26.885
2108	38.028	26.904
2109	38.258	26.883
2110	38.465	26.862
2111	38.638	26.868
2112	38.775	26.875
2113	38.856	26.838
2114	38.892	26.871
2115	38.905	26.904
2116	38.862	26.883
2117	38.729	26.888
2118	38.594	26.901
2119	38.424	26.935
2120	38.17	26.963
2121	37.893	26.923
2122	37.585	26.947
2123	37.237	26.967
2124	36.882	26.983
2125	36.49	27.02
2126	36.087	27.021
2127	35.648	27.028
2128	35.185	27.037
2129	34.703	27.088
2130	34.205	27.114
2131	33.697	27.135
2132	33.187	27.165
2133	32.667	27.201
2134	32.164	27.26
2135	31.669	27.307
2136	31.155	27.314
2137	30.637	27.29
2138	30.14	27.38
2139	29.651	27.384
2140	29.175	27.389
2141	28.686	27.367
2142	28.232	27.396
2143	27.779	27.419
2144	27.357	27.438
2145	26.951	27.446
2146	26.566	27.501
2147	26.201	27.518
2148	25.855	27.554
2149	25.502	27.551
2150	25.176	27.545
2151	24.868	27.557
2152	24.58	27.572
2153	24.323	27.589
2154	24.09	27.583
2155	23.877	27.599
2156	23.68	27.609
2157	23.49	27.617
2158	23.327	27.626
2159	23.185	27.599
2160	23.052	27.589
2161	22.938	27.58
2162	22.857	27.604
2163	22.786	27.57
2164	22.729	27.542
2165	22.699	27.547
2166	22.705	27.586
2167	22.718	27.547
2168	22.759	27.518
2169	22.804	27.486
2170	22.888	27.531
2171	22.986	27.507
2172	23.112	27.514
2173	23.257	27.478
2174	23.442	27.464
2175	23.653	27.477
2176	23.88	27.453
2177	24.135	27.459
2178	24.399	27.438
2179	24.692	27.39
2180	25.015	27.37
2181	25.349	27.342
2182	25.716	27.292
2183	26.097	27.254
2184	26.494	27.219
2185	26.916	27.197
2186	27.366	27.219
2187	27.837	27.202
2188	28.322	27.159
2189	28.83	27.153
2190	29.334	27.155
2191	29.839	27.123
2192	30.399	27.104
2193	30.946	27.08
2194	31.508	27.06
2195	32.059	27.024
2196	32.606	27.042
2197	33.133	27.016
2198	33.682	27.002
2199	34.196	26.992
2200	34.696	26.967
2201	35.18	26.961
2202	35.65	26.925
2203	36.091	26.914
2204	36.507	26.922
2205	36.89	26.895
2206	37.235	26.901
2207	37.569	26.938
2208	37.853	26.92
2209	38.142	26.976
2210	38.352	26.995
2211	38.531	26.974
2212	38.654	26.965
2213	38.731	27.005
2214	38.767	27.013
2215	38.784	26.995
2216	38.749	26.998
2217	38.628	27.04
2218	38.466	27.043
2219	38.273	27.065
2220	38.061	27.07
2221	37.808	27.066
2222	37.554	27.077
2223	37.215	27.15
2224	36.849	27.143
2225	36.431	27.143
2226	36.025	27.161
2227	35.6	27.195
2228	35.155	27.22
2229	34.691	27.235
2230	34.212	27.294
2231	33.716	27.284
2232	33.209	27.308
2233	32.717	27.343
2234	32.2	27.338
2235	31.706	27.36
2236	31.199	27.377
2237	30.698	27.387
2238	30.219	27.407
2239	29.724	27.417
2240	29.244	27.433
2241	28.773	27.45
2242	28.314	27.425
2243	27.88	27.435
2244	27.449	27.414
2245	27.024	27.433
2246	26.636	27.457
2247	26.263	27.471
2248	25.902	27.432
2249	25.558	27.451
2250	25.248	27.47
2251	24.931	27.464
2252	24.636	27.428
2253	24.365	27.409
2254	24.102	27.378
2255	23.864	27.311
2256	23.667	27.365
2257	23.472	27.346
2258	23.287	27.32
2259	23.127	27.3
2260	22.974	27.278
2261	22.876	27.314
2262	22.783	27.355
2263	22.701	27.315
2264	22.65	27.296
2265	22.623	27.322
2266	22.617	27.324
2267	22.629	27.328
2268	22.667	27.34
2269	22.728	27.343
2270	22.81	27.278
2271	22.927	27.254
2272	23.04	27.256
2273	23.191	27.224
2274	23.372	27.208
2275	23.563	27.199
2276	23.798	27.204
2277	24.055	27.193
2278	24.32	27.2
2279	24.63	27.245
2280	24.963	27.285
2281	25.304	27.245
2282	25.678	27.23
2283	26.082	27.221
2284	26.486	27.202
2285	26.937	27.203
2286	27.365	27.139
2287	27.83	27.094
2288	28.32	27.072
2289	28.83	27.062
2290	29.342	27.005
2291	29.871	26.994
2292	30.408	26.98
2293	30.947	26.979
2294	31.491	26.958
2295	32.027	26.967
2296	32.561	26.944
2297	33.11	26.914
2298	33.635	26.914
2299	34.176	26.918
2300	34.701	26.895
2301	35.176	26.855
2302	35.632	26.861
2303	36.105	26.842
2304	36.526	26.824
2305	36.894	26.784
2306	37.26	26.771
2307	37.59	26.771
2308	37.886	26.772
2309	38.149	26.762
2310	38.37	26.792
2311	38.549	26.801
2312	38.686	26.819
2313	38.762	26.837
2314	38.816	26.896
2315	38.781	26.892
2316	38.723	26.896
2317	38.621	26.893
2318	38.456	26.899
2319	38.276	26.919
2320	38.057	26.925
2321	37.79	26.943
2322	37.48	26.981
2323	37.175	26.993
2324	36.8	27.02
2325	36.414	27.048
2326	36.022	27.071
2327	35.597	27.105
2328	35.153	27.128
2329	34.667	27.153
2330	34.204	27.196
2331	33.692	27.199
2332	33.176	27.211
2333	32.678	27.254
2334	32.163	27.295
2335	31.68	27.259
2336	31.176	27.266
2337	30.665	27.252
2338	30.179	27.299
2339	29.696	27.26
2340	29.219	27.278
2341	28.768	27.283
2342	28.306	27.299
2343	27.881	27.325
2344	27.455	27.334
2345	27.057	27.351
2346	26.665	27.358
2347	26.319	27.361
2348	25.96	27.391
2349	25.616	27.388
2350	25.296	27.388
2351	24.997	27.401
2352	24.701	27.39
2353	24.421	27.422
2354	24.178	27.405
2355	23.953	27.392
2356	23.752	27.396
2357	23.566	27.363
2358	23.38	27.334
2359	23.243	27.318
2360	23.081	27.304
2361	22.965	27.289
2362	22.867	27.284
2363	22.798	27.296
2364	22.734	27.289
2365	22.718	27.331
2366	22.699	27.3
2367	22.726	27.328
2368	22.753	27.286
2369	22.811	27.273
2370	22.903	27.287
2371	23.007	27.275
2372	23.12	27.26
2373	23.272	27.223
2374	23.446	27.199
2375	23.63	27.168
2376	23.859	27.148
2377	24.125	27.144
2378	24.401	27.106
2379	24.715	27.081
2380	25.026	27.047
2381	25.361	27.042
2382	25.723	27.086
2383	26.114	27.075
2384	26.511	27.056
2385	26.946	27.065
2386	27.395	27.067
2387	27.869	27.04
2388	28.325	26.986
2389	28.817	26.986
2390	29.324	26.928
2391	29.85	26.966
2392	30.373	26.909
2393	30.91	26.899
2394	31.453	26.902
2395	31.987	26.863
2396	32.512	26.875
2397	33.038	26.851
2398	33.574	26.862
2399	34.103	26.866
2400	34.627	26.861
2401	35.095	26.864
2402	35.542	26.847
2403	35.991	26.834
2404	36.369	26.807
2405	36.758	26.807
2406	37.123	26.781
2407	37.461	26.769
2408	37.761	26.773
2409	38.029	26.776
2410	38.257	26.772
2411	38.453	26.791
2412	38.608	26.828
2413	38.757	26.851
2414	38.825	26.833
2415	38.806	26.835
2416	38.757	26.807
2417	38.669	26.819
2418	38.584	26.832
2419	38.411	26.834
2420	38.188	26.836
2421	37.947	26.853
2422	37.649	26.878
2423	37.315	26.899
2424	36.932	26.903
2425	36.526	26.942
2426	36.105	26.989
2427	35.663	26.999
2428	35.234	27.019
2429	34.772	27.084
2430	34.277	27.107
2431	33.8	27.165
2432	33.265	27.167
2433	32.761	27.21
2434	32.236	27.263
2435	31.722	27.294
2436	31.209	27.274
2437	30.683	27.271
2438	30.174	27.288
2439	29.67	27.331
2440	29.216	27.363
2441	28.753	27.394
2442	28.289	27.392
2443	27.83	27.409
2444	27.4	27.429
2445	26.99	27.471
2446	26.596	27.469
2447	26.223	27.488
2448	25.857	27.49
2449	25.532	27.502
2450	25.221	27.51
2451	24.924	27.497
2452	24.639	27.508
2453	24.353	27.494
2454	24.11	27.508
2455	23.877	27.499
2456	23.656	27.471
2457	23.481	27.478
2458	23.296	27.468
2459	23.141	27.438
2460	23.01	27.427
2461	22.892	27.429
2462	22.811	27.453
2463	22.727	27.439
2464	22.676	27.407
2465	22.63	27.384
2466	22.616	27.349
2467	22.642	27.38
2468	22.686	27.36
2469	22.751	27.334
2470	22.829	27.306
2471	22.933	27.255
2472	23.057	27.209
2473	23.206	27.171
2474	23.367	27.141
2475	23.571	27.105
2476	23.79	27.062
2477	24.048	27.065
2478	24.321	27.058
2479	24.616	26.999
2480	24.955	27.023
2481	25.298	27.013
2482	25.665	26.965
2483	26.057	26.98
2484	26.467	26.958
2485	26.89	26.935
2486	27.338	26.937
2487	27.809	26.91
2488	28.304	26.89
2489	28.816	26.908
2490	29.335	26.905
2491	29.872	26.891
2492	30.402	26.861
2493	30.927	26.821
2494	31.47	26.831
2495	32.017	26.818
2496	32.558	26.798
2497	33.11	26.817
2498	33.654	26.847
2499	34.185	26.837
2500	34.672	26.825
2501	35.171	26.834
2502	35.626	26.804
2503	36.07	26.797
2504	36.485	26.818
2505	36.87	26.805
2506	37.229	26.794
2507	37.559	26.822
2508	37.847	26.811
2509	38.093	26.776
2510	38.269	26.798
2511	38.446	26.825
2512	38.575	26.789
2513	38.627	26.822
2514	38.668	26.81
2515	38.656	26.807
2516	38.621	26.817
2517	38.528	26.829
2518	38.392	26.862
2519	38.222	26.862
2520	38.006	26.884
2521	37.752	26.93
2522	37.453	26.955
2523	37.118	26.944
2524	36.761	26.982
2525	36.409	27.001
2526	36.005	27.025
2527	35.584	27.064
2528	35.15	27.1
2529	34.694	27.121
2530	34.201	27.118
2531	33.691	27.144
2532	33.161	27.2
2533	32.661	27.172
2534	32.173	27.231
2535	31.705	27.232
2536	31.191	27.181
2537	30.673	27.234
2538	30.197	27.243
2539	29.715	27.261
2540	29.246	27.297
2541	28.774	27.303
2542	28.332	27.346
2543	27.893	27.387
2544	27.467	27.439
2545	27.055	27.451
2546	26.668	27.458
2547	26.285	27.429
2548	25.932	27.451
2549	25.603	27.482
2550	25.26	27.522
2551	24.958	27.55
2552	24.66	27.525
2553	24.38	27.518
2554	24.133	27.525
2555	23.905	27.546
2556	23.71	27.555
2557	23.537	27.535
2558	23.366	27.534
2559	23.202	27.526
2560	23.058	27.522
2561	22.952	27.575
2562	22.85	27.566
2563	22.779	27.55
2564	22.721	27.52
2565	22.68	27.518
2566	22.664	27.516
2567	22.667	27.471
2568	22.707	27.434
2569	22.76	27.361
2570	22.84	27.327
2571	22.941	27.319
2572	23.072	27.306
2573	23.227	27.287
2574	23.399	27.264
2575	23.596	27.208
2576	23.806	27.166
2577	24.06	27.146
2578	24.33	27.146
2579	24.616	27.113
2580	24.923	27.091
2581	25.262	27.075
2582	25.63	27.053
2583	26.009	27.036
2584	26.422	27.028
2585	26.856	27.012
2586	27.296	26.958
2587	27.782	27.989
2588	28.261	27.96
2589	28.758	27.974
2590	29.287	27.939
2591	29.8	27.934
2592	30.346	27.941
2593	30.882	27.894
2594	31.436	27.9
2595	31.966	27.888
2596	32.505	27.869
2597	33.062	27.901
2598	33.582	27.857
2599	34.085	27.801
2600	34.613	27.819
2601	35.085	27.797
2602	35.533	27.801
2603	35.992	27.767
2604	36.394	27.76
2605	36.819	27.727
2606	37.203	27.717
2607	37.538	27.735
2608	37.861	27.725
2609	38.125	27.747
2610	38.358	27.763
2611	38.517	27.776
2612	38.649	26.757
2613	38.739	26.754
2614	38.783	26.784
2615	38.759	26.809
2616	38.713	26.821
2617	38.606	26.831
2618	38.479	26.886
2619	38.303	26.914
2620	38.123	26.94
2621	37.889	26.956
2622	37.579	26.969
2623	37.266	27.007
2624	36.94	27.037
2625	36.552	27.076
2626	36.169	27.127
2627	35.762	27.154
2628	35.311	27.198
2629	34.865	27.218
2630	34.382	27.249
2631	33.877	27.261
2632	33.368	27.262
2633	32.865	27.312
2634	32.348	27.323
2635	31.814	27.316
2636	31.322	27.338
2637	30.787	27.346
2638	30.295	27.37
2639	29.809	27.376
2640	29.339	27.375
2641	28.888	27.409
2642	28.415	27.396
2643	27.982	27.377
2644	27.544	27.388
2645	27.125	27.423
2646	26.726	27.434
2647	26.356	27.431
2648	25.989	27.448
2649	25.634	27.453
2650	25.303	27.423
2651	24.984	27.4
2652	24.69	27.412
2653	24.423	27.39
2654	24.167	27.387
2655	23.914	27.406
2656	23.697	27.417
2657	23.488	27.396
2658	23.309	27.388
2659	23.163	27.365
2660	23.026	27.352
2661	22.898	27.385
2662	22.823	27.382
2663	22.742	27.361
2664	22.671	27.303
2665	22.622	27.265
2666	22.608	27.226
2667	22.624	27.21
2668	22.635	27.207
2669	22.689	27.155
2670	22.758	27.141
2671	22.856	27.132
2672	22.974	27.102
2673	23.12	27.074
2674	23.286	27.1
2675	23.485	27.09
2676	23.715	27.1
2677	23.972	27.081
2678	24.248	27.071
2679	24.543	27.072
2680	24.876	27.047
2681	25.227	27.027
2682	25.608	27.011
2683	25.989	26.98
2684	26.214	26.98
2685	26.647	26.955
2686	27.121	26.919
2687	27.592	26.919
2688	28.084	26.935
2689	28.607	26.948
2690	29.137	26.959
2691	29.66	26.947
2692	30.216	26.96
2693	30.773	26.943
2694	31.329	26.959
2695	31.909	26.939
2696	32.453	26.943
2697	32.977	26.94
2698	33.517	26.951
2699	34.048	26.894
2700	34.555	26.88
2701	35.053	26.857
2702	35.513	26.841
2703	35.934	26.826
2704	36.355	26.811
2705	36.749	26.807
2706	37.104	26.804
2707	37.441	26.829
2708	37.751	26.845
2709	38.33	26.85
2710	38.558	26.888
2711	38.708	26.881
2712	38.843	26.864
2713	38.913	26.837
2714	38.948	26.865
2715	38.945	26.881
2716	38.9	26.938
2717	38.789	26.941
2718	38.621	26.949
2719	38.432	26.948
2720	38.163	26.954
2721	37.916	26.983
2722	37.642	27.083
2723	37.308	27.096
2724	36.939	27.134
2725	36.554	27.171
2726	36.142	27.202
2727	35.709	27.253
2728	35.258	27.269
2729	34.799	27.331
2730	34.308	27.375
2731	33.804	27.419
2732	33.277	27.428
2733	32.74	27.442
2734	32.205	27.442
2735	31.685	27.493
2736	31.157	27.493
2737	30.651	27.525
2738	30.151	27.563
2739	29.674	27.548
2740	29.195	27.563
2741	28.702	27.563
2742	28.254	27.597
2743	27.835	27.672
2744	27.4	27.725
2745	27.012	27.735
2746	26.624	27.72
2747	26.259	27.633
2748	25.898	27.65
2749	25.56	27.645
2750	25.244	27.635
2751	24.929	27.619
2752	24.632	27.593
2753	24.362	27.596
2754	24.109	27.542
2755	23.885	27.547
2756	23.675	27.552
2757	23.499	27.552
2758	23.347	27.553
2759	23.206	27.55
2760	23.08	27.506
2761	22.981	27.479
2762	22.889	27.478
2763	22.822	27.451
2764	22.763	27.465
2765	22.737	27.43
2766	22.749	27.419
2767	22.768	27.395
2768	22.817	27.336
2769	22.877	27.299
2770	22.953	27.286
2771	23.052	27.261
2772	23.172	27.278
2773	23.323	27.258
2774	23.495	27.228
2775	23.682	27.211
2776	23.909	27.213
2777	24.166	27.212
2778	24.458	27.215
2779	24.758	27.218
2780	25.074	27.204
2781	25.412	27.154
2782	25.769	27.11
2783	26.145	27.073
2784	26.566	27.071
2785	26.985	27.063
2786	27.424	26.955
2787	27.888	26.937
2788	28.366	26.914
2789	28.874	26.902
2790	29.382	26.911
2791	29.905	26.888
2792	30.429	26.88
2793	30.951	26.864
2794	31.508	26.845
2795	32.05	26.847
2796	32.573	26.847
2797	33.102	26.819
2798	33.634	26.805
2799	34.171	26.799
2800	34.696	26.808
2801	35.18	26.763
2802	35.659	26.738
2803	36.098	26.723
2804	36.512	26.717
2805	36.941	26.712
2806	37.333	26.721
2807	37.664	26.728
2808	37.972	26.746
2809	38.202	26.705
2810	38.426	26.703
2811	38.615	26.84
2812	38.717	26.774
2813	38.826	26.832
2814	38.83	26.827
2815	38.802	26.792
2816	38.74	26.813
2817	38.64	26.826
2818	38.494	26.855
2819	38.292	26.863
2820	38.078	26.867
2821	37.831	26.867
2822	37.533	26.88
2823	37.212	26.889
2824	36.841	26.929
2825	36.449	26.933
2826	36.065	26.981
2827	35.62	27.019
2828	35.145	27.036
2829	34.685	27.067
2830	34.171	27.067
2831	33.668	27.078
2832	33.172	27.11
2833	32.651	27.107
2834	32.144	27.159
2835	31.62	27.196
2836	31.135	27.195
2837	30.664	27.279
2838	30.159	27.264
2839	29.669	27.279
2840	29.205	27.331
2841	28.73	27.31
2842	28.265	27.332
2843	27.831	27.35
2844	27.399	27.363
2845	26.985	27.369
2846	26.601	27.405
2847	26.231	27.418
2848	25.877	27.451
2849	25.556	27.466
2850	25.239	27.495
2851	24.929	27.499
2852	24.646	27.499
2853	24.379	27.515
2854	24.134	27.54
2855	23.913	27.55
2856	23.698	27.559
2857	23.512	27.544
2858	23.34	27.543
2859	23.182	27.533
2860	23.066	27.511
2861	22.936	27.484
2862	22.86	27.482
2863	22.788	27.481
2864	22.753	27.492
2865	22.719	27.508
2866	22.712	27.558
2867	22.738	27.543
2868	22.77	27.538
2869	22.843	27.541
2870	22.925	27.549
2871	23.025	27.53
2872	23.15	27.507
2873	23.296	27.485
2874	23.447	27.428
2875	23.638	27.39
2876	23.848	27.366
2877	24.105	27.353
2878	24.38	27.329
2879	24.691	27.248
2880	25.449	27.232
2881	25.786	27.255
2882	26.161	27.048
2883	26.57	27.057
2884	26.982	27.016
2885	27.41	26.995
2886	27.868	27.013
2887	28.317	27.004
2888	28.811	26.985
2889	29.305	26.965
2890	29.812	26.919
2891	30.33	26.867
2892	30.86	26.832
2893	31.402	26.8
2894	31.935	26.769
2895	32.475	26.735
2896	33.006	26.685
2897	33.539	26.663
2898	34.05	26.599
2899	34.583	26.635
2900	35.082	26.627
2901	35.571	26.611
2902	36.015	26.604
2903	36.421	26.592
2904	36.786	26.615
2905	36.412	26.577
2906	36.758	26.546
2907	37.054	26.714
2908	37.316	26.706
2909	37.551	26.728
2910	37.748	26.741
2911	37.897	26.764
2912	37.983	26.759
2913	38.05	26.759
2914	38.085	26.759
2915	38.123	26.803
2916	38.1	26.8
2917	38.013	26.824
2918	37.891	26.837
2919	37.752	26.862
2920	37.567	26.911
2921	37.337	26.947
2922	37.078	26.991
2923	36.809	27.051
2924	36.498	27.027
2925	36.144	27.048
2926	35.778	27.08
2927	35.385	27.107
2928	34.988	27.111
2929	34.554	27.115
2930	34.12	27.165
2931	33.664	27.178
2932	33.18	27.205
2933	32.696	27.222
2934	32.227	27.239
2935	31.747	27.266
2936	31.278	27.263
2937	30.808	27.307
2938	30.328	27.335
2939	29.853	27.342
2940	29.354	27.317
2941	28.892	27.327
2942	28.439	27.322
2943	28.003	27.334
2944	27.57	27.345
2945	27.151	27.32
2946	26.759	27.339
2947	26.365	27.344
2948	25.998	27.368
2949	25.649	27.436
2950	25.32	27.425
2951	25	27.423
2952	24.7	27.386
2953	24.417	27.442
2954	24.173	27.472
2955	23.932	27.47
2956	23.717	27.47
2957	23.527	27.493
2958	23.357	27.508
2959	23.186	27.499
2960	23.047	27.514
2961	22.907	27.495
2962	22.819	27.477
2963	22.737	27.462
2964	22.673	27.458
2965	22.65	27.464
2966	22.636	27.454
2967	22.642	27.466
2968	22.668	27.453
2969	22.718	27.445
2970	22.793	27.414
2971	22.904	27.405
2972	23.043	27.365
2973	23.2	27.364
2974	23.37	27.293
2975	23.567	27.27
2976	23.79	27.25
2977	24.042	27.259
2978	24.325	27.201
2979	24.607	27.154
2980	24.93	27.15
2981	25.27	27.123
2982	25.625	27.1
2983	25.992	27.06
2984	26.406	27.064
2985	26.838	27.03
2986	27.305	27.022
2987	27.756	26.983
2988	28.248	26.936
2989	28.747	26.899
2990	29.273	26.915
2991	29.801	26.891
2992	30.356	26.875
2993	30.917	26.842
2994	31.484	26.825
2995	32.038	26.817
2996	32.589	26.812
2997	33.137	26.782
2998	33.671	26.734
2999	34.226	26.781
3000	34.755	26.827
3001	35.25	26.828
3002	35.707	26.835
3003	36.173	26.85
3004	36.623	26.864
3005	37.023	26.846
3006	37.409	26.861
3007	37.76	26.883
3008	38.076	26.874
3009	38.335	26.867
3010	38.553	26.886
3011	38.747	26.891
3012	38.875	26.906
3013	38.938	26.927
3014	38.996	26.949
3015	39.003	26.974
3016	38.925	27.006
3017	38.795	27.024
3018	38.634	27.032
3019	38.425	27.036
3020	38.191	27.056
3021	37.894	27.058
3022	37.591	27.111
3023	37.256	27.175
3024	36.846	27.143
3025	36.442	27.146
3026	36.035	27.167
3027	35.617	27.182
3028	35.131	27.186
3029	34.642	27.222
3030	34.125	27.227
3031	33.625	27.238
3032	33.118	27.245
3033	32.604	27.272
3034	32.083	27.28
3035	31.569	27.285
3036	31.05	27.319
3037	30.546	27.32
3038	30.064	27.359
3039	29.574	27.384
3040	29.078	27.341
3041	28.633	27.346
3042	28.197	27.393
3043	27.763	27.451
3044	27.339	27.473
3045	26.946	27.493
3046	26.57	27.51
3047	26.192	27.53
3048	25.835	27.516
3049	25.499	27.504
3050	25.194	27.527
3051	24.9	27.515
3052	24.618	27.521
3053	24.364	27.551
3054	24.112	27.547
3055	23.894	27.553
3056	23.679	27.564
3057	23.489	27.563
3058	23.327	27.562
3059	23.191	27.586
3060	23.063	27.585
3061	22.953	27.571
3062	22.868	27.59
3063	22.797	27.574
3064	22.752	27.551
3065	22.728	27.572
3066	22.713	27.555
3067	22.726	27.504
3068	22.753	27.461
3069	22.818	27.436
3070	22.897	27.432
3071	22.989	27.388
3072	23.119	27.356
3073	23.267	27.367
3074	23.43	27.324
3075	23.621	27.286
3076	23.829	27.338
3077	24.072	27.309
3078	24.345	27.274
3079	24.653	27.27
3080	24.98	27.272
3081	25.328	27.231
3082	25.692	27.204
3083	26.062	27.174
3084	26.47	27.175
3085	26.909	27.136
3086	27.35	27.166
3087	27.82	27.164
3088	28.318	27.114
3089	28.818	27.126
3090	29.338	27.111
3091	29.88	27.143
3092	30.4	27.108
3093	30.947	27.106
3094	31.476	27.101
3095	32.02	27.085
3096	32.575	27.141
3097	33.125	27.141
3098	33.657	27.098
3099	34.217	27.128
3100	34.723	27.111
3101	35.243	27.045
3102	35.727	27.061
3103	36.177	27.059
3104	36.587	27.034
3105	36.98	27.007
3106	37.345	27.049
3107	37.674	27.037
3108	37.997	27.049
3109	38.207	27.002
3110	38.357	27.03
3111	38.547	27.013
3112	38.665	26.998
3113	38.74	27.04
3114	38.769	27.036
3115	38.729	27.001
3116	38.683	27.016
3117	38.584	27.042
3118	38.466	27.108
3119	38.299	27.114
3120	38.082	27.145
3121	37.824	27.112
3122	37.5	27.088
3123	37.17	27.111
3124	36.801	27.171
3125	36.418	27.208
3126	35.994	27.236
3127	35.554	27.239
3128	35.084	27.23
3129	34.631	27.281
3130	34.144	27.308
3131	33.634	27.273
3132	33.154	27.335
3133	32.65	27.354
3134	32.176	27.393
3135	31.693	27.376
3136	31.186	27.384
3137	30.693	27.352
3138	30.185	27.364
3139	29.701	27.357
3140	29.231	27.402
3141	28.746	27.394
3142	28.323	27.403
3143	27.874	27.376
3144	27.448	27.397
3145	27.041	27.38
3146	26.649	27.391
3147	26.287	27.434
3148	25.926	27.425
3149	25.581	27.382
3150	25.255	27.359
3151	24.951	27.358
3152	24.663	27.363
3153	24.415	27.397
3154	24.156	27.374
3155	23.932	27.386
3156	23.732	27.382
3157	23.533	27.35
3158	23.346	27.328
3159	23.179	27.313
3160	23.06	27.327
3161	22.946	27.316
3162	22.856	27.365
3163	22.791	27.374
3164	22.727	27.412
3165	22.693	27.404
3166	22.682	27.35
3167	22.674	27.311
3168	22.709	27.302
3169	22.777	27.302
3170	22.848	27.326
3171	22.956	27.312
3172	23.073	27.279
3173	23.22	27.255
3174	23.41	27.278
3175	23.624	27.312
3176	23.852	27.277
3177	24.089	27.248
3178	24.357	27.23
3179	24.657	27.204
3180	24.969	27.161
3181	25.294	27.173
3182	25.654	27.136
3183	26.055	27.159
3184	26.473	27.172
3185	26.883	27.131
3186	27.327	27.095
3187	27.782	27.055
3188	28.262	27.034
3189	28.77	26.971
3190	29.287	26.964
3191	29.83	26.964
3192	30.375	26.984
3193	30.917	26.967
3194	31.449	26.954
3195	32.019	26.909
3196	32.561	26.904
3197	33.117	26.912
3198	33.657	26.927
3199	34.173	26.914
3200	34.671	26.86
3201	35.152	26.886
3202	35.652	26.909
3203	36.112	26.917
3204	36.542	26.889
3205	36.985	26.927
3206	37.385	26.905
3207	37.714	26.912
3208	37.998	26.889
3209	38.268	26.901
3210	38.508	26.943
3211	38.676	26.962
3212	38.832	27.008
3213	38.932	27.023
3214	38.974	27.057
3215	38.98	27.083
3216	38.909	27.107
3217	38.807	27.121
3218	38.653	27.1
3219	38.451	27.088
3220	38.194	27.109
3221	37.926	27.13
3222	37.63	27.162
3223	37.289	27.175
3224	36.92	27.184
3225	36.504	27.223
3226	36.072	27.225
3227	35.607	27.247
3228	35.126	27.233
3229	34.645	27.258
3230	34.133	27.28
3231	33.64	27.322
3232	33.145	27.331
3233	32.628	27.348
3234	32.112	27.292
3235	31.588	27.286
3236	31.128	27.29
3237	30.609	27.308
3238	30.084	27.404
3239	29.596	27.426
3240	29.125	27.428
3241	28.682	27.442
3242	28.228	27.438
3243	27.797	27.474
3244	27.386	27.468
3245	26.975	27.486
3246	26.592	27.516
3247	26.22	27.499
3248	25.872	27.506
3249	25.534	27.525
3250	25.225	27.547
3251	24.938	27.576
3252	24.668	27.566
3253	24.417	27.553
3254	24.168	27.561
3255	23.941	27.547
3256	23.731	27.552
3257	23.54	27.588
3258	23.372	27.588
3259	23.215	27.63
3260	23.093	27.649
3261	22.953	27.639
3262	22.857	27.59
3263	22.807	27.533
3264	22.762	27.519
3265	22.723	27.508
3266	22.706	27.512
3267	22.719	27.51
3268	22.755	27.51
3269	22.813	27.531
3270	22.902	27.497
3271	23.003	27.446
3272	23.122	27.434
3273	23.267	27.414
3274	23.441	27.373
3275	23.637	27.328
3276	23.848	27.304
3277	24.083	27.311
3278	24.35	27.341
3279	24.644	27.34
3280	24.957	27.319
3281	25.279	27.261
3282	25.639	27.228
3283	26.026	27.217
3284	26.427	27.167
3285	26.845	27.114
3286	27.307	27.095
3287	27.768	27.075
3288	28.225	27
3289	28.726	26.971
3290	29.233	26.95
3291	29.76	26.937
3292	30.286	26.915
3293	30.833	26.89
3294	31.386	26.86
3295	31.932	26.85
3296	32.462	26.83
3297	33.008	26.814
3298	33.535	26.787
3299	34.063	26.809
3300	34.579	26.803
3301	35.076	26.774
3302	35.576	26.729
3303	36.019	26.72
3304	36.472	26.74
3305	36.866	26.732
3306	37.266	26.789
3307	37.587	26.749
3308	37.892	26.75
3309	38.177	26.801
3310	38.408	26.821
3311	38.568	26.855
3312	38.728	26.843
3313	38.843	26.855
3314	38.894	26.923
3315	38.908	26.929
3316	38.856	26.95
3317	38.776	26.986
3318	38.634	27.009
3319	38.428	27.036
3320	38.216	27.077
3321	37.968	27.106
3322	37.669	27.173
3323	37.359	27.224
3324	36.99	27.232
3325	36.596	27.243
3326	36.183	27.286
3327	35.738	27.338
3328	35.29	27.361
3329	34.802	27.366
3330	34.323	27.414
3331	33.818	27.402
3332	33.321	27.437
3333	32.796	27.461
3334	32.262	27.449
3335	31.762	27.465
3336	31.238	27.466
3337	30.733	27.537
3338	30.232	27.568
3339	29.74	27.549
3340	29.252	27.575
3341	28.776	27.546
3342	28.317	27.546
3343	27.876	27.552
3344	27.462	27.575
3345	27.043	27.583
3346	26.646	27.609
3347	26.269	27.617
3348	25.897	27.622
3349	25.551	27.642
3350	25.218	27.66
3351	24.914	27.663
3352	24.619	27.653
3353	24.354	27.667
3354	24.104	27.645
3355	23.875	27.618
3356	23.657	27.629
3357	23.466	27.65
3358	23.304	27.67
3359	23.155	27.67
3360	23.023	27.677
3361	22.91	27.654
3362	22.809	27.612
3363	22.74	27.607
3364	22.679	27.565
3365	22.651	27.548
3366	22.65	27.551
3367	22.659	27.515
3368	22.69	27.506
3369	22.743	27.482
3370	22.823	27.461
3371	22.927	27.437
3372	23.063	27.378
3373	23.218	27.362
3374	23.396	27.335
3375	23.599	27.329
3376	23.826	27.309
3377	24.075	27.27
3378	24.335	27.214
3379	24.623	27.231
3380	24.937	27.231
3381	25.283	27.208
3382	25.646	27.189
3383	26.035	27.13
3384	26.456	27.128
3385	26.873	27.079
3386	27.331	27.097
3387	27.804	27.112
3388	28.287	27.091
3389	28.79	27.087
3390	29.303	27.062
3391	29.813	27.045
3392	30.336	27.015
3393	30.878	27.005
3394	31.435	27.009
3395	31.967	26.98
3396	32.504	26.949
3397	33.024	26.925
3398	33.563	26.896
3399	34.089	26.88
3400	34.607	26.868
3401	35.086	26.852
3402	35.559	26.86
3403	36.032	26.884
3404	36.481	26.873
3405	36.868	26.86
3406	37.235	26.85
3407	37.556	26.85
3408	37.849	26.863
3409	38.101	26.865
3410	38.297	26.9
3411	38.477	26.888
3412	38.609	26.862
3413	38.696	26.87
3414	38.749	26.864
3415	38.742	26.877
3416	38.693	26.903
3417	38.637	26.949
3418	38.493	26.97
3419	38.304	26.983
3420	38.104	27.005
3421	37.869	27.018
3422	37.591	27.055
3423	37.276	27.076
3424	36.914	27.113
3425	36.512	27.133
3426	36.099	27.145
3427	35.646	27.125
3428	35.182	27.164
3429	34.709	27.201
3430	34.235	27.224
3431	33.744	27.253
3432	33.252	27.256
3433	32.765	27.277
3434	32.247	27.256
3435	31.755	27.288
3436	31.249	27.327
3437	30.76	27.347
3438	30.256	27.36
3439	29.766	27.378
3440	29.29	27.38
3441	28.829	27.384
3442	28.361	27.391
3443	27.923	27.397
3444	27.481	27.402
3445	27.083	27.457
3446	26.696	27.508
3447	26.308	27.523
3448	25.936	27.544
3449	25.59	27.517
3450	25.27	27.508
3451	24.973	27.544
3452	24.704	27.599
3453	24.442	27.589
3454	24.178	27.558
3455	23.946	27.549
3456	23.737	27.52
3457	23.545	27.548
3458	23.357	27.545
3459	23.211	27.595
3460	23.07	27.586
3461	22.95	27.576
3462	22.841	27.566
3463	22.776	27.569
3464	22.72	27.578
3465	22.688	27.572
3466	22.673	27.549
3467	22.686	27.542
3468	22.726	27.531
3469	22.789	27.519
3470	22.863	27.487
3471	22.949	27.453
3472	23.075	27.439
3473	23.217	27.395
3474	23.385	27.371
3475	23.587	27.372
3476	23.807	27.328
3477	24.055	27.299
3478	24.313	27.255
3479	24.617	27.258
3480	24.937	27.246
3481	25.273	27.25
3482	25.633	27.218
3483	26.02	27.228
3484	26.417	27.206
3485	26.852	27.174
3486	27.294	27.124
3487	27.76	27.098
3488	28.248	27.093
3489	28.741	27.102
3490	29.22	27.096
3491	29.746	27.071
3492	30.284	27.054
3493	30.806	27.05
3494	31.339	27.029
3495	31.896	26.999
3496	32.439	26.972
3497	32.977	26.926
3498	33.51	26.945
3499	34.051	26.981
3500	34.556	26.961
3501	35.02	26.975
3502	35.514	26.95
3503	35.862	26.95
3504	36.287	26.969
3505	36.667	27.004
3506	37.022	26.954
3507	37.346	26.948
3508	37.655	26.939
3509	37.925	26.935
3510	38.158	26.962
3511	38.35	26.984
3512	38.481	26.999
3513	38.547	26.974
3514	38.609	26.971
3515	38.653	26.987
3516	38.622	27.031
3517	38.53	27.076
3518	38.418	27.072
3519	38.279	27.104
3520	38.06	27.119
3521	37.817	27.162
3522	37.547	27.229
3523	37.244	27.241
3524	36.887	27.221
3525	36.494	27.242
3526	36.14	27.282
3527	35.68	27.306
3528	35.331	27.307
3529	34.871	27.294
3530	34.402	27.258
3531	33.916	27.297
3532	33.435	27.342
3533	32.926	27.356
3534	32.407	27.363
3535	31.888	27.342
3536	31.384	27.381
3537	30.892	27.428
3538	30.377	27.443
3539	29.877	27.463
3540	29.394	27.492
3541	28.913	27.509
3542	28.461	27.488
3543	28.016	28.568
3544	27.573	28.575
3545	27.138	28.559
3546	26.724	28.532
3547	26.166	28.534
3548	25.805	28.548
3549	25.459	28.565
3550	25.153	28.583
3551	24.835	28.56
3552	24.539	28.572
3553	24.283	28.61
3554	24.027	28.609
3555	23.795	28.617
3556	23.581	28.641
3557	23.394	28.631
3558	23.218	28.615
3559	23.076	28.62
3560	22.945	28.634
3561	22.829	28.598
3562	22.735	28.554
3563	22.685	28.572
3564	22.633	28.538
3565	22.611	28.538
3566	22.615	28.535
3567	22.627	28.549
3568	22.67	27.476
3569	22.728	27.441
3570	22.816	27.466
3571	22.943	27.482
3572	23.225	27.473
3573	23.383	27.451
3574	23.569	27.458
3575	23.759	27.399
3576	23.989	27.409
3577	24.247	27.417
3578	24.512	27.403
3579	24.824	27.401
3580	25.142	27.386
3581	25.49	27.383
3582	25.842	27.36
3583	26.233	27.357
3584	26.635	27.328
3585	27.043	27.292
3586	27.497	27.283
3587	27.959	27.267
3588	28.424	27.225
3589	28.929	27.237
3590	29.444	27.202
3591	29.955	27.157
3592	30.474	27.11
3593	30.988	27.056
3594	31.514	27.086
3595	32.063	27.065
3596	32.573	27.023
3597	33.124	27.011
3598	33.641	26.998
3599	34.153	26.973
3600	34.664	27.002
3601	35.154	26.979
3602	35.611	26.954
3603	36.052	26.953
3604	36.446	26.897
3605	36.832	26.889
3606	37.195	26.89
3607	37.537	26.894
3608	37.829	26.897
3609	38.082	26.935
3610	38.327	26.953
3611	38.502	26.96
3612	38.63	26.991
3613	38.726	27.001
3614	38.77	26.998
3615	38.753	26.998
3616	38.707	27.049
3617	38.634	27.075
3618	38.526	27.142
3619	38.387	27.108
3620	38.161	27.122
3621	37.927	27.144
3622	37.604	27.161
3623	37.275	27.173
3624	36.913	27.165
3625	36.53	27.179
3626	36.113	27.175
3627	35.682	27.19
3628	35.23	27.212
3629	34.755	27.256
3630	34.282	27.306
3631	33.787	27.315
3632	33.275	27.315
3633	32.752	27.331
3634	32.231	27.319
3635	31.713	27.341
3636	31.193	27.396
3637	30.702	27.408
3638	30.205	27.449
3639	29.713	27.47
3640	29.233	27.496
3641	28.756	27.497
3642	28.295	27.514
3643	27.851	27.501
3644	27.423	27.556
3645	27.017	27.566
3646	26.63	27.618
3647	26.255	27.614
3648	25.896	27.631
3649	25.551	27.667
3650	25.231	27.666
3651	24.923	27.687
3652	24.636	27.689
3653	24.368	27.671
3654	24.128	27.681
3655	23.894	27.684
3656	23.682	27.684
3657	23.487	27.683
3658	23.317	27.67
3659	23.164	27.629
3660	23.033	27.628
3661	22.917	27.569
3662	22.826	27.604
3663	22.754	27.581
3664	22.71	27.593
3665	22.678	27.582
3666	22.682	27.574
3667	22.698	27.569
3668	22.727	27.559
3669	22.65	27.555
3670	22.732	27.541
3671	22.829	27.494
3672	22.958	27.473
3673	23.106	27.447
3674	23.282	27.437
3675	23.467	27.413
3676	23.7	27.387
3677	23.963	27.388
3678	24.228	27.356
3679	24.529	27.35
3680	24.844	27.321
3681	25.194	27.325
3682	25.558	27.299
3683	25.947	27.267
3684	26.361	27.288
3685	26.79	27.256
3686	27.241	27.224
3687	27.71	27.178
3688	28.207	27.164
3689	28.702	27.14
3690	29.232	27.14
3691	29.747	27.104
3692	30.264	27.076
3693	30.815	27.091
3694	31.557	27.033
3695	32.112	27.025
3696	32.653	27.048
3697	33.213	27.064
3698	33.751	27.084
3699	34.298	27.074
3700	34.824	27.067
3701	35.346	27.013
3702	35.826	27.037
3703	36.296	27.017
3704	36.73	27.09
3705	37.146	27.168
3706	37.494	27.144
3707	37.837	27.191
3708	38.145	27.215
3709	38.405	27.237
3710	38.602	27.254
3711	38.771	27.281
3712	38.872	27.275
3713	38.943	27.295
3714	38.958	27.275
3715	38.922	27.286
3716	38.87	27.31
3717	38.782	27.315
3718	38.615	27.299
3719	38.426	27.315
3720	38.174	27.343
3721	37.913	27.313
3722	37.588	27.301
3723	37.25	27.277
3724	36.867	27.277
3725	36.466	27.32
3726	36.003	27.405
3727	35.552	27.408
3728	35.094	27.464
3729	34.593	27.406
3730	34.101	27.32
3731	33.614	27.325
3732	33.1	27.319
3733	32.573	27.333
3734	32.064	27.332
3735	31.574	27.357
3736	31.062	27.389
3737	30.574	27.397
3738	30.068	27.401
3739	29.591	27.446
3740	29.116	27.456
3741	28.637	27.468
3742	28.197	27.5
3743	27.765	27.529
3744	27.338	27.525
3745	26.941	27.523
3746	26.544	28.418
3747	26.174	28.451
3748	25.821	28.492
3749	25.483	28.49
3750	24.974	28.473
3751	24.667	28.447
3752	24.382	28.419
3753	24.104	28.396
3754	23.856	28.363
3755	23.637	28.36
3756	23.428	28.375
3757	23.266	28.348
3758	23.115	28.365
3759	22.976	28.346
3760	22.848	28.327
3761	22.754	28.297
3762	22.666	28.29
3763	22.604	28.288
3764	22.554	28.232
3765	22.538	28.206
3766	22.543	28.167
3767	22.56	28.199
3768	22.609	28.162
3769	22.67	28.142
3770	22.758	28.121
3771	22.896	27.248
3772	23.024	27.214
3773	23.192	27.232
3774	23.371	27.219
3775	23.755	27.189
3776	24.006	27.198
3777	24.255	27.132
3778	24.557	27.143
3779	24.866	27.17
3780	25.19	27.179
3781	25.538	27.169
3782	25.893	27.194
3783	26.277	27.169
3784	26.674	27.157
3785	27.099	27.127
3786	27.547	27.133
3787	28.01	27.123
3788	28.495	27.118
3789	28.993	27.132
3790	29.491	27.118
3791	30.012	27.118
3792	30.536	27.051
3793	31.061	27.049
3794	31.621	27.071
3795	32.157	27.064
3796	32.67	27.044
3797	33.215	27.04
3798	33.736	27.009
3799	34.247	27.009
3800	34.755	27.024
3801	35.219	26.997
3802	35.695	27.047
3803	36.129	27.037
3804	36.536	26.997
3805	36.919	26.989
3806	37.282	27
3807	37.618	26.988
3808	37.925	27.005
3809	38.201	27.027
3810	38.415	27.054
3811	38.575	27.028
3812	38.722	27.033
3813	38.795	27
3814	38.854	27.023
3815	38.88	27.052
3816	38.881	27.127
3817	38.822	27.182
3818	38.689	27.212
3819	38.502	28.261
3820	38.287	28.287
3821	38.038	28.307
3822	37.735	28.295
3823	37.359	28.284
3824	37.008	28.394
3825	36.582	28.441
3826	36.162	28.524
3827	35.725	28.565
3828	35.258	28.587
3829	34.768	28.624
3830	34.277	28.631
3831	33.776	28.635
3832	33.256	28.642
3833	32.724	28.615
3834	32.206	28.642
3835	31.709	28.66
3836	31.209	28.686
3837	30.689	28.723
3838	30.199	28.768
3839	29.695	28.75
3840	29.201	28.758
3841	28.713	28.738
3842	28.235	28.72
3843	27.784	28.683
3844	27.354	27.661
3845	26.94	27.632
3846	26.546	27.649
3847	26.175	27.673
3848	25.839	27.689
3849	25.504	27.652
3850	25.193	27.489
3851	24.889	27.457
3852	24.597	27.448
3853	24.329	27.41
3854	24.099	27.428
3855	23.878	27.427
3856	23.672	27.414
3857	23.491	27.42
3858	23.333	27.451
3859	23.183	27.449
3860	23.061	27.443
3861	22.937	27.441
3862	22.848	27.433
3863	22.773	27.385