985	39.051	28.116
986	39.064	28.132
987	39.032	28.145
988	38.958	28.158
989	38.84	28.174
990	38.678	28.193
991	38.476	28.208
992	38.239	28.237
993	37.964	28.261
994	37.657	28.283
995	37.323	28.306
996	36.952	28.31
997	36.558	28.34
998	36.137	28.366
999	35.698	28.374
1000	35.245	28.402
1001	34.775	28.419
1002	34.287	28.455
1003	33.787	28.493
1004	33.284	28.51
1005	32.778	28.537
1006	32.266	28.548
1007	31.752	28.544
1008	31.244	28.551
1009	30.731	28.572
1010	30.226	28.603
1011	29.728	28.617
1012	29.243	28.638
1013	28.763	28.646
1014	28.297	28.668
1015	27.85	28.683
1016	27.412	28.708
1017	26.988	28.708
1018	26.583	28.714
1019	26.191	28.718
1020	25.817	28.716
1021	25.464	28.732
1022	25.126	28.722
1023	24.807	28.714
1024	24.507	28.727
1025	24.224	28.722
1026	23.96	28.716
1027	23.716	28.719
1028	23.49	28.717
1029	23.281	28.712
1030	23.095	28.706
1031	22.927	28.686
1032	22.777	28.663
1033	22.648	28.65
1034	22.54	28.631
1035	22.456	28.615
1036	22.395	28.593
1037	22.354	28.592
1038	22.337	28.582
1039	22.343	28.58
1040	22.371	28.56
1041	22.427	28.539
1042	22.508	28.518
1043	22.613	28.49
1044	22.751	28.472
1045	22.904	28.446
1046	23.086	28.41
1047	23.294	28.392
1048	23.53	28.379
1049	23.791	28.338
1050	24.079	28.315
1051	24.39	28.291
1052	24.734	28.267
1053	25.098	28.241
1054	25.494	28.199
1055	25.909	28.178
1056	26.346	28.167
1057	26.809	28.153
1058	27.293	28.139
1059	27.798	28.114
1060	28.317	28.102
1061	28.853	28.097
1062	29.407	28.061
1063	29.971	28.04
1064	30.547	28.006
1065	31.124	27.981
1066	31.71	27.953
1067	32.294	27.946
1068	32.872	27.94
1069	33.431	27.937
1070	33.994	27.94
1071	34.532	27.944
1072	35.052	27.952
1073	35.558	27.942
1074	36.034	27.946
1075	36.484	27.946
1076	36.904	27.947
1077	37.283	27.947
1078	37.645	27.975
1079	37.953	27.991
1080	38.236	28.011
1081	38.474	28.018
1082	38.676	28.021
1083	38.832	28.02
1084	38.943	28.042
1085	39.013	28.053
1086	39.034	28.06
1087	39.007	28.076
1088	38.942	28.104
1089	38.823	28.106
1090	38.669	28.133
1091	38.463	28.153
1092	38.225	28.17
1093	37.941	28.215
1094	37.63	28.258
1095	37.29	28.275
1096	36.927	28.298
1097	36.544	28.315
1098	36.128	28.344
1099	35.696	28.365
1100	35.244	28.384
1101	34.78	28.406
1102	34.298	28.433
1103	33.8	28.427
1104	33.302	28.453
1105	32.789	28.457
1106	32.281	28.474
1107	31.767	28.497
1108	31.25	28.532
1109	30.741	28.535
1110	30.233	28.543
1111	29.738	28.568
1112	29.25	28.585
1113	28.77	28.598
1114	28.302	28.627
1115	27.85	28.635
1116	27.407	28.661
1117	26.983	28.672
1118	26.578	28.677
1119	26.19	28.661
1120	25.818	28.661
1121	25.46	28.659
1122	25.12	28.645
1123	24.798	28.649
1124	24.495	28.663
1125	24.212	28.651
1126	23.948	28.649
1127	23.705	28.646
1128	23.478	28.65
1129	23.268	28.655
1130	23.083	28.657
1131	22.913	28.658
1132	22.764	28.646
1133	22.639	28.648
1134	22.53	28.648
1135	22.449	28.646
1136	22.385	28.632
1137	22.343	28.611
1138	22.326	28.588
1139	22.339	28.582
1140	22.37	28.594
1141	22.43	28.584
1142	22.511	28.557
1143	22.619	28.536
1144	22.755	28.514
1145	22.913	28.49
1146	23.102	28.484
1147	23.312	28.472
1148	23.55	28.46
1149	23.814	28.429
1150	24.103	28.418
1151	24.416	28.395
1152	24.758	28.375
1153	25.125	28.349
1154	25.518	28.311
1155	25.931	28.299
1156	26.372	28.274
1157	26.835	28.27
1158	27.32	28.223
1159	27.829	28.216
1160	28.348	28.192
1161	28.886	28.175
1162	29.443	28.154
1163	30.003	28.127
1164	30.569	28.105
1165	31.15	28.071
1166	31.735	28.048
1167	32.309	28.056
1168	32.89	28.035
1169	33.449	28.016
1170	34.005	28.008
1171	34.538	28.005
1172	35.064	28.005
1173	35.561	27.993
1174	36.041	28.01
1175	36.488	28.015
1176	36.912	28.023
1177	37.301	28.02
1178	37.66	28.026
1179	37.978	28.045
1180	38.261	28.037
1181	38.501	28.056
1182	38.689	28.055
1183	38.844	28.062
1184	38.946	28.075
1185	39.012	28.101
1186	39.031	28.117
1187	39	28.137
1188	38.932	28.161
1189	38.819	28.173
1190	38.657	28.177
1191	38.455	28.195
1192	38.221	28.203
1193	37.943	28.239
1194	37.644	28.282
1195	37.307	28.321
1196	36.946	28.341
1197	36.548	28.369
1198	36.133	28.4
1199	35.693	28.405
1200	35.242	28.44
1201	34.772	28.476
1202	34.285	28.503
1203	33.782	28.523
1204	33.278	28.55
1205	32.766	28.578
1206	32.251	28.583
1207	31.74	28.601
1208	31.225	28.633
1209	30.716	28.659
1210	30.212	28.663
1211	29.714	28.677
1212	29.227	28.704
1213	28.75	28.725
1214	28.286	28.745
1215	27.83	28.777
1216	27.39	28.79
1217	26.965	28.8
1218	26.56	28.782
1219	26.17	28.785
1220	25.797	28.793
1221	25.442	28.779
1222	25.105	28.785
1223	24.783	28.783
1224	24.483	28.776
1225	24.201	28.767
1226	23.94	28.757
1227	23.694	28.75
1228	23.471	28.76
1229	23.269	28.751
1230	23.083	28.747
1231	22.918	28.751
1232	22.771	28.734
1233	22.646	28.722
1234	22.541	28.709
1235	22.455	28.711
1236	22.394	28.687
1237	22.358	28.668
1238	22.341	28.646
1239	22.346	28.631
1240	22.38	28.6
1241	22.437	28.578
1242	22.525	28.548
1243	22.629	28.534
1244	22.759	28.51
1245	22.916	28.477
1246	23.098	28.469
1247	23.309	28.443
1248	23.549	28.422
1249	23.81	28.416
1250	24.097	28.39
1251	24.406	28.366
1252	24.749	28.343
1253	25.113	28.318
1254	25.498	28.29
1255	25.91	28.258
1256	26.346	28.235
1257	26.807	28.22
1258	27.29	28.191
1259	27.792	28.158
1260	28.317	28.127
1261	28.855	28.123
1262	29.403	28.096
1263	29.973	28.083
1264	30.549	28.064
1265	31.13	28.049
1266	31.713	28.04
1267	32.287	28.045
1268	32.861	28.049
1269	33.43	28.028
1270	33.983	28.024
1271	34.529	28.017
1272	35.058	28.005
1273	35.56	27.991
1274	36.043	27.982
1275	36.497	27.976
1276	36.923	27.973
1277	37.311	27.98
1278	37.671	27.975
1279	38	27.986
1280	38.282	28.001
1281	38.525	28.007
1282	38.723	28.025
1283	38.878	28.043
1284	38.987	28.055
1285	39.047	28.075
1286	39.062	28.078
1287	39.032	28.091
1288	38.957	28.117
1289	38.834	28.134
1290	38.67	28.158
1291	38.46	28.172
1292	38.22	28.191
1293	37.947	28.213
1294	37.636	28.253
1295	37.3	28.27
1296	36.932	28.284
1297	36.533	28.315
1298	36.118	28.346
1299	35.679	28.365
1300	35.225	28.372
1301	34.747	28.385
1302	34.266	28.413
1303	33.77	28.453
1304	33.264	28.463
1305	32.755	28.475
1306	32.242	28.484
1307	31.727	28.504
1308	31.211	28.512
1309	30.698	28.536
1310	30.197	28.554
1311	29.699	28.575
1312	29.215	28.596
1313	28.743	28.609
1314	28.278	28.615
1315	27.827	28.628
1316	27.391	28.674
1317	26.973	28.688
1318	26.569	28.673
1319	26.186	28.668
1320	25.813	28.681
1321	25.456	28.688
1322	25.119	28.692
1323	24.798	28.692
1324	24.498	28.696
1325	24.217	28.706
1326	23.958	28.701
1327	23.714	28.683
1328	23.488	28.663
1329	23.282	28.659
1330	23.097	28.662
1331	22.931	28.67
1332	22.787	28.666
1333	22.66	28.678
1334	22.555	28.661
1335	22.477	28.643
1336	22.417	28.651
1337	22.376	28.642
1338	22.353	28.617
1339	22.361	28.603
1340	22.394	28.6
1341	22.454	28.548
1342	22.532	28.522
1343	22.637	28.53
1344	22.762	28.513
1345	22.922	28.49
1346	23.107	28.478
1347	23.313	28.451
1348	23.551	28.429
1349	23.812	28.401
1350	24.097	28.401
1351	24.409	28.401
1352	24.747	28.381
1353	25.109	28.369
1354	25.498	28.354
1355	25.909	28.322
1356	26.347	28.293
1357	26.803	28.264
1358	27.29	28.238
1359	27.791	28.218
1360	28.304	28.199
1361	28.84	28.165
1362	29.39	28.141
1363	29.958	28.13
1364	30.53	28.133
1365	31.107	28.114
1366	31.685	28.111
1367	32.267	28.088
1368	32.846	28.066
1369	33.42	28.074
1370	33.978	28.069
1371	34.52	28.074
1372	35.048	28.065
1373	35.553	28.059
1374	36.03	28.05
1375	36.484	28.035
1376	36.912	28.02
1377	37.304	28.019
1378	37.668	28.012
1379	37.992	28.011
1380	38.28	28.041
1381	38.517	28.04
1382	38.721	28.066
1383	38.873	28.076
1384	38.989	28.084
1385	39.048	28.097
1386	39.073	28.116
1387	39.048	28.143
1388	38.972	28.157
1389	38.851	28.19
1390	38.688	28.198
1391	38.485	28.227
1392	38.24	28.256
1393	37.961	28.269
1394	37.652	28.279
1395	37.303	28.306
1396	36.931	28.326
1397	36.531	28.351
1398	36.114	28.383
1399	35.679	28.423
1400	35.217	28.436
1401	34.743	28.469
1402	34.254	28.49
1403	33.755	28.503
1404	33.246	28.53
1405	32.731	28.536
1406	32.218	28.583
1407	31.701	28.582
1408	31.193	28.606
1409	30.685	28.622
1410	30.183	28.634
1411	29.685	28.647
1412	29.201	28.646
1413	28.721	28.662
1414	28.259	28.641
1415	27.809	28.646
1416	27.372	28.648
1417	26.958	28.656
1418	26.554	28.67
1419	26.167	28.664
1420	25.8	28.658
1421	25.45	28.653
1422	25.12	28.65
1423	24.8	28.641
1424	24.499	28.631
1425	24.223	28.643
1426	23.96	28.636
1427	23.722	28.653
1428	23.499	28.661
1429	23.296	28.649
1430	23.114	28.643
1431	22.945	28.623
1432	22.799	28.617
1433	22.669	28.599
1434	22.563	28.609
1435	22.48	28.603
1436	22.418	28.592
1437	22.376	28.581
1438	22.362	28.558
1439	22.369	28.548
1440	22.4	28.53
1441	22.457	28.492
1442	22.533	28.491
1443	22.638	28.466
1444	22.769	28.454
1445	22.921	28.432
1446	23.099	28.415
1447	23.308	28.407
1448	23.544	28.381
1449	23.804	28.363
1450	24.089	28.332
1451	24.404	28.309
1452	24.738	28.284
1453	25.102	28.247
1454	25.489	28.218
1455	25.9	28.185
1456	26.34	28.165
1457	26.798	28.139
1458	27.279	28.113
1459	27.78	28.09
1460	28.299	28.074
1461	28.84	28.049
1462	29.394	28.042
1463	29.96	28.027
1464	30.527	28.003
1465	31.107	28.005
1466	31.683	28.004
1467	32.264	27.985
1468	32.844	27.98
1469	33.405	27.965
1470	33.962	27.964
1471	34.504	27.949
1472	35.024	27.941
1473	35.527	27.955
1474	36.012	27.953
1475	36.461	27.973
1476	36.881	27.988
1477	37.266	27.983
1478	37.62	27.999
1479	37.944	28.009
1480	38.229	28.036
1481	38.468	28.053
1482	38.67	28.076
1483	38.833	28.107
1484	38.943	28.116
1485	39.011	28.129
1486	39.025	28.15
1487	38.993	28.17
1488	38.919	28.197
1489	38.815	28.223
1490	38.656	28.239
1491	38.46	28.262
1492	38.217	28.286
1493	37.937	28.313
1494	37.636	28.355
1495	37.306	28.381
1496	36.937	28.414
1497	36.549	28.43
1498	36.134	28.446
1499	35.704	28.474
1500	35.256	28.493
1501	34.781	28.518
1502	34.304	28.544
1503	33.811	28.573
1504	33.308	28.598
1505	32.796	28.623
1506	32.287	28.638
1507	31.777	28.655
1508	31.264	28.677
1509	30.756	28.695
1510	30.25	28.708
1511	29.752	28.722
1512	29.263	28.728
1513	28.782	28.743
1514	28.315	28.76
1515	27.866	28.774
1516	27.428	28.798
1517	27.008	28.801
1518	26.604	28.813
1519	26.216	28.803
1520	25.84	28.81
1521	25.487	28.799
1522	25.146	28.812
1523	24.826	28.807
1524	24.519	28.813
1525	24.234	28.812
1526	23.971	28.781
1527	23.726	28.776
1528	23.501	28.77
1529	23.293	28.776
1530	23.108	28.756
1531	22.937	28.737
1532	22.787	28.729
1533	22.659	28.714
1534	22.552	28.7
1535	22.468	28.689
1536	22.404	28.673
1537	22.366	28.665
1538	22.349	28.634
1539	22.353	28.622
1540	22.381	28.607
1541	22.435	28.576
1542	22.515	28.552
1543	22.619	28.521
1544	22.75	28.516
1545	22.907	28.493
1546	23.089	28.483
1547	23.3	28.458
1548	23.534	28.443
1549	23.795	28.41
1550	24.087	28.377
1551	24.4	28.365
1552	24.737	28.338
1553	25.1	28.32
1554	25.489	28.288
1555	25.898	28.272
1556	26.337	28.259
1557	26.797	28.239
1558	27.277	28.21
1559	27.777	28.196
1560	28.298	28.178
1561	28.838	28.168
1562	29.392	28.131
1563	29.956	28.126
1564	30.535	28.112
1565	31.113	28.091
1566	31.697	28.083
1567	32.277	28.086
1568	32.854	28.083
1569	33.416	28.064
1570	33.966	28.064
1571	34.506	28.069
1572	35.028	28.061
1573	35.529	28.064
1574	36.007	28.072
1575	36.452	28.071
1576	36.877	28.075
1577	37.27	28.097
1578	37.635	28.105
1579	37.958	28.117
1580	38.243	28.126
1581	38.487	28.133
1582	38.687	28.138
1583	38.84	28.143
1584	38.961	28.164
1585	39.023	28.18
1586	39.039	28.182
1587	39.012	28.215
1588	38.939	28.221
1589	38.818	28.242
1590	38.662	28.261
1591	38.463	28.275
1592	38.224	28.285
1593	37.947	28.317
1594	37.643	28.342
1595	37.312	28.358
1596	36.946	28.372
1597	36.551	28.398
1598	36.136	28.414
1599	35.702	28.442
1600	35.24	28.473
1601	34.773	28.496
1602	34.289	28.504
1603	33.782	28.519
1604	33.274	28.545
1605	32.767	28.557
1606	32.255	28.576
1607	31.738	28.598
1608	31.227	28.623
1609	30.712	28.614
1610	30.212	28.631
1611	29.714	28.667
1612	29.224	28.686
1613	28.75	28.717
1614	28.286	28.726
1615	27.837	28.739
1616	27.399	28.752
1617	26.977	28.764
1618	26.572	28.76
1619	26.185	28.774
1620	25.815	28.773
1621	25.463	28.774
1622	25.134	28.774
1623	24.817	28.768
1624	24.519	28.767
1625	24.24	28.769
1626	23.97	28.761
1627	23.727	28.77
1628	23.507	28.763
1629	23.302	28.746
1630	23.112	28.739
1631	22.943	28.737
1632	22.801	28.732
1633	22.674	28.714
1634	22.569	28.71
1635	22.482	28.684
1636	22.423	28.669
1637	22.385	28.65
1638	22.365	28.619
1639	22.371	28.602
1640	22.4	28.582
1641	22.454	28.552
1642	22.535	28.529
1643	22.641	28.514
1644	22.772	28.5
1645	22.925	28.486
1646	23.104	28.459
1647	23.309	28.445
1648	23.542	28.437
1649	23.8	28.416
1650	24.087	28.395
1651	24.404	28.383
1652	24.74	28.34
1653	25.101	28.311
1654	25.491	28.295
1655	25.904	28.276
1656	26.34	28.246
1657	26.797	28.214
1658	27.279	28.199
1659	27.78	28.188
1660	28.303	28.187
1661	28.837	28.155
1662	29.388	28.138
1663	29.955	28.133
1664	30.527	28.119
1665	31.105	28.112
1666	31.69	28.117
1667	32.27	28.112
1668	32.846	28.097
1669	33.416	28.08
1670	33.974	28.068
1671	34.517	28.077
1672	35.038	28.072
1673	35.546	28.07
1674	36.021	28.048
1675	36.471	28.034
1676	36.895	28.034
1677	37.291	28.049
1678	37.65	28.07
1679	37.966	28.074
1680	38.255	28.088
1681	38.503	28.096
1682	38.703	28.114
1683	38.861	28.129
1684	38.978	28.14
1685	39.037	28.155
1686	39.051	28.178
1687	39.019	28.202
1688	38.944	28.216
1689	38.825	28.244
1690	38.67	28.268
1691	38.465	28.277
1692	38.229	28.305
1693	37.956	28.323
1694	37.648	28.338
1695	37.31	28.365
1696	36.943	28.377
1697	36.557	28.4
1698	36.138	28.425
1699	35.702	28.472
1700	35.253	28.508
1701	34.782	28.544
1702	34.293	28.565
1703	33.797	28.578
1704	33.294	28.595
1705	32.779	28.617
1706	32.261	28.638
1707	31.749	28.662
1708	31.234	28.67
1709	30.724	28.686
1710	30.223	28.696
1711	29.729	28.707
1712	29.244	28.71
1713	28.769	28.715
1714	28.306	28.711
1715	27.85	28.72
1716	27.415	28.737
1717	26.992	28.739
1718	26.586	28.753
1719	26.199	28.771
1720	25.823	28.77
1721	25.472	28.784
1722	25.135	28.786
1723	24.819	28.773
1724	24.519	28.76
1725	24.239	28.75
1726	23.976	28.719
1727	23.735	28.725
1728	23.512	28.726
1729	23.311	28.73
1730	23.127	28.711
1731	22.966	28.696
1732	22.815	28.687
1733	22.69	28.673
1734	22.582	28.659
1735	22.496	28.642
1736	22.431	28.629
1737	22.392	28.615
1738	22.372	28.61