1	25.643	28.035
2	25.221	28.039
3	24.818	28.051
4	24.438	28.049
5	24.088	28.04
6	23.76	28.039
7	23.454	28.034
8	23.175	28.021
9	22.927	28.027
10	22.7	28
11	22.502	27.993
12	22.333	27.988
13	22.19	27.999
14	22.072	27.978
15	21.984	27.975
16	21.924	27.948
17	21.891	27.929
18	21.894	27.908
19	21.93	27.882
20	21.993	27.886
21	22.083	27.874
22	22.206	27.853
23	22.357	27.838
24	22.539	27.818
25	22.753	27.801
26	23.001	27.788
27	23.278	27.774
28	23.58	27.735
29	23.914	27.706
30	24.274	27.691
31	24.666	27.668
32	25.079	27.631
33	25.523	27.619
34	25.981	27.595
35	26.465	27.595
36	26.96	27.584
37	27.469	27.572
38	27.991	27.563
39	28.518	27.547
40	29.053	27.526
41	29.595	27.508
42	30.14	27.485
43	30.678	27.476
44	31.194	27.465
45	31.71	27.434
46	32.225	27.426
47	32.716	27.398
48	33.195	27.383
49	33.647	27.371
50	34.083	27.376
51	34.488	27.352
52	34.876	27.338
53	35.235	27.341
54	35.567	27.348
55	35.863	27.349
56	36.125	27.362
57	36.361	27.39
58	36.566	27.399
59	36.753	27.409
60	36.921	27.422
61	37.068	27.425
62	37.205	27.424
63	37.32	27.424
64	37.419	27.433
65	37.5	27.437
66	37.56	27.465
67	37.599	27.487
68	37.622	27.505
69	37.628	27.521
70	37.604	27.536
71	37.55	27.541
72	37.483	27.577
73	37.377	27.604
74	37.253	27.627
75	37.093	27.635
76	36.899	27.674
77	36.672	27.705
78	36.417	27.726
79	36.134	27.756
80	35.822	27.771
81	35.483	27.786
82	35.114	27.789
83	34.712	27.805
84	34.286	27.832
85	33.832	27.846
86	33.356	27.857
87	32.859	27.888
88	32.347	27.893
89	31.823	27.924
90	31.296	27.953
91	30.759	27.96
92	30.221	27.962
93	29.676	27.988
94	29.137	28.006
95	28.608	28.016
96	28.082	28.038
97	27.568	28.048
98	27.066	28.052
99	26.585	28.063
100	26.115	28.08
101	25.671	28.08
102	25.242	28.08
103	24.838	28.081
104	24.454	28.073
105	24.094	28.078
106	23.758	28.076
107	23.454	28.08
108	23.177	28.086
109	22.922	28.076
110	22.692	28.077
111	22.493	28.071
112	22.32	28.056
113	22.175	28.054
114	22.061	28.028
115	21.966	28.002
116	21.906	27.999
117	21.874	27.984
118	21.876	27.957
119	21.908	27.939
120	21.966	27.935
121	22.06	27.923
122	22.183	27.914
123	22.34	27.897
124	22.525	27.888
125	22.742	27.871
126	22.99	27.85
127	23.274	27.834
128	23.582	27.816
129	23.919	27.794
130	24.287	27.779
131	24.685	27.756
132	25.102	27.733
133	25.541	27.709
134	26.005	27.697
135	26.488	27.665
136	26.986	27.642
137	27.495	27.624
138	28.015	27.617
139	28.547	27.628
140	29.085	27.608
141	29.623	27.595
142	30.161	27.583
143	30.686	27.561
144	31.221	27.542
145	31.742	27.517
146	32.249	27.485
147	32.738	27.459
148	33.201	27.441
149	33.655	27.415
150	34.083	27.399
151	34.483	27.384
152	34.859	27.397
153	35.209	27.392
154	35.529	27.404
155	35.817	27.399
156	36.077	27.389
157	36.31	27.373
158	36.517	27.361
159	36.704	27.356
160	36.874	27.372
161	37.018	27.38
162	37.151	27.38
163	37.264	27.37
164	37.357	27.365
165	37.445	27.382
166	37.512	27.399
167	37.56	27.42
168	37.6	27.447
169	37.599	27.46
170	37.583	27.483
171	37.545	27.511
172	37.472	27.54
173	37.387	27.561
174	37.263	27.594
175	37.114	27.628
176	36.935	27.672
177	36.719	27.682
178	36.472	27.706
179	36.195	27.716
180	35.888	27.741
181	35.538	27.774
182	35.182	27.822
183	34.794	27.843
184	34.366	27.85
185	33.916	27.872
186	33.437	27.879
187	32.944	27.892
188	32.443	27.911
189	31.918	27.918
190	31.382	27.942
191	30.839	27.953
192	30.296	27.973
193	29.759	27.985
194	29.218	28.012
195	28.682	28.021
196	28.15	28.027
197	27.634	28.024
198	27.132	28.038
199	26.645	28.033
200	26.178	28.035
201	25.727	28.031
202	25.296	28.034
203	24.89	28.035
204	24.507	28.038
205	24.146	28.04
206	23.814	28.04
207	23.494	28.027
208	23.207	28.031
209	22.953	28.047
210	22.723	28.027
211	22.525	28.046
212	22.353	28.052
213	22.201	28.04
214	22.084	28.036
215	21.996	28.021
216	21.937	28.002
217	21.902	27.969
218	21.895	27.935
219	21.925	27.907
220	21.984	27.888
221	22.077	27.867
222	22.201	27.858
223	22.355	27.83
224	22.54	27.825
225	22.752	27.804
226	22.995	27.781
227	23.27	27.751
228	23.572	27.718
229	23.907	27.71
230	24.273	27.682
231	24.661	27.657
232	25.078	27.648
233	25.526	27.626
234	25.989	27.6
235	26.471	27.576
236	26.968	27.539
237	27.475	27.518
238	27.996	27.506
239	28.526	27.482
240	29.061	27.47
241	29.598	27.437
242	30.134	27.427
243	30.67	27.424
244	31.192	27.416
245	31.706	27.412
246	32.21	27.405
247	32.699	27.392
248	33.173	27.399
249	33.622	27.384
250	34.048	27.372
251	34.451	27.36
252	34.828	27.359
253	35.181	27.383
254	35.5	27.364
255	35.79	27.366
256	36.055	27.371
257	36.286	27.359
258	36.478	27.366
259	36.656	27.361
260	36.817	27.376
261	36.967	27.391
262	37.098	27.408
263	37.213	27.418
264	37.312	27.435
265	37.398	27.443
266	37.46	27.483
267	37.51	27.493
268	37.539	27.518
269	37.549	27.535
270	37.54	27.546
271	37.501	27.561
272	37.439	27.572
273	37.344	27.59
274	37.224	27.61
275	37.078	27.625
276	36.898	27.661
277	36.689	27.688
278	36.441	27.693
279	36.162	27.73
280	35.848	27.738
281	35.509	27.767
282	35.146	27.785
283	34.76	27.8
284	34.338	27.839
285	33.898	27.86
286	33.426	27.886
287	32.933	27.877
288	32.435	27.918
289	31.912	27.938
290	31.371	27.92
291	30.832	27.928
292	30.289	27.95
293	29.741	27.963
294	29.205	27.994
295	28.672	28.015
296	28.145	28.029
297	27.63	28.053
298	27.131	28.062
299	26.646	28.076
300	26.182	28.09
301	25.733	28.087
302	25.306	28.085
303	24.902	28.097
304	24.521	28.094
305	24.166	28.096
306	23.832	28.095
307	23.522	28.091
308	23.235	28.097
309	22.976	28.081
310	22.742	28.08
311	22.539	28.058
312	22.365	28.08
313	22.213	28.052
314	22.096	28.031
315	22.009	28.055
316	21.952	28.046
317	21.923	28.032
318	21.928	28.018
319	21.956	27.993
320	22.015	27.974
321	22.107	27.965
322	22.231	27.948
323	22.383	27.927
324	22.567	27.9
325	22.78	27.878
326	23.025	27.858
327	23.3	27.851
328	23.606	27.818
329	23.937	27.798
330	24.297	27.788
331	24.687	27.758
332	25.103	27.741
333	25.543	27.723
334	26.004	27.708
335	26.487	27.693
336	26.98	27.683
337	27.489	27.662
338	28.007	27.642
339	28.531	27.621
340	29.061	27.599
341	29.59	27.583
342	30.122	27.57
343	30.647	27.544
344	31.165	27.522
345	31.674	27.501
346	32.169	27.482
347	32.658	27.462
348	33.124	27.453
349	33.567	27.452
350	33.986	27.423
351	34.381	27.416
352	34.747	27.397
353	35.087	27.384
354	35.409	27.384
355	35.701	27.386
356	35.959	27.398
357	36.19	27.398
358	36.392	27.393
359	36.578	27.387
360	36.735	27.385
361	36.888	27.369
362	37.021	27.363
363	37.139	27.369
364	37.239	27.399
365	37.328	27.419
366	37.403	27.432
367	37.465	27.44
368	37.498	27.449
369	37.513	27.456
370	37.511	27.466
371	37.481	27.484
372	37.417	27.515
373	37.328	27.526
374	37.212	27.536
375	37.073	27.581
376	36.905	27.603
377	36.701	27.638
378	36.466	27.673
379	36.194	27.686
380	35.889	27.696
381	35.562	27.722
382	35.201	27.749
383	34.817	27.771
384	34.402	27.793
385	33.96	27.82
386	33.489	27.855
387	32.999	27.876
388	32.497	27.886
389	31.974	27.889
390	31.44	27.899
391	30.9	27.905
392	30.351	27.923
393	29.813	27.948
394	29.276	27.975
395	28.741	27.991
396	28.214	28.02
397	27.699	28.023
398	27.202	28.04
399	26.719	28.068
400	26.249	28.074
401	25.798	28.088
402	25.372	28.083
403	24.964	28.102
404	24.578	28.111
405	24.218	28.115
406	23.878	28.111
407	23.567	28.114
408	23.275	28.106
409	23.014	28.096
410	22.78	28.071
411	22.578	28.07
412	22.399	28.059
413	22.246	28.066
414	22.128	28.057
415	22.037	28.051
416	21.977	28.038
417	21.943	28.02
418	21.941	28.021
419	21.969	28.004
420	22.025	28.001
421	22.115	27.961
422	22.233	27.948
423	22.381	27.919
424	22.559	27.881
425	22.772	27.854
426	23.013	27.827
427	23.28	27.811
428	23.58	27.764
429	23.91	27.735
430	24.27	27.712
431	24.662	27.681
432	25.073	27.652
433	25.517	27.635
434	25.974	27.617
435	26.454	27.616
436	26.945	27.594
437	27.455	27.591
438	27.969	27.563
439	28.494	27.539
440	29.027	27.532
441	29.557	27.519
442	30.096	27.515
443	30.622	27.492
444	31.142	27.473
445	31.66	27.464
446	32.165	27.459
447	32.652	27.447
448	33.119	27.452
449	33.565	27.442
450	33.987	27.441
451	34.388	27.435
452	34.766	27.431
453	35.113	27.439
454	35.428	27.446
455	35.716	27.447
456	35.968	27.439
457	36.199	27.447
458	36.399	27.458
459	36.583	27.465
460	36.749	27.475
461	36.892	27.487
462	37.026	27.495
463	37.145	27.513
464	37.254	27.536
465	37.336	27.521
466	37.407	27.531
467	37.455	27.545
468	37.483	27.542
469	37.498	27.56
470	37.487	27.579
471	37.446	27.59
472	37.39	27.586
473	37.306	27.588
474	37.189	27.606
475	37.046	27.626
476	36.873	27.645
477	36.67	27.664
478	36.435	27.678
479	36.168	27.708
480	35.872	27.73
481	35.547	27.762
482	35.198	27.78
483	34.811	27.804
484	34.397	27.824
485	33.953	27.84
486	33.497	27.862
487	33.005	27.867
488	32.504	27.88
489	31.983	27.887
490	31.457	27.927
491	30.925	27.953
492	30.381	27.971
493	29.839	27.996
494	29.296	28
495	28.758	27.999
496	28.235	28.02
497	27.717	28.049
498	27.215	28.07
499	26.732	28.096
500	26.262	28.095
501	25.811	28.104
502	25.381	28.111
503	24.973	28.128
504	24.589	28.111
505	24.223	28.106
506	23.884	28.107
507	23.568	28.097
508	23.281	28.085
509	23.02	28.074
510	22.784	28.061
511	22.574	28.049
512	22.396	28.042
513	22.247	28.046
514	22.123	28.034
515	22.028	28.01
516	21.965	27.995
517	21.934	27.97
518	21.932	27.94
519	21.96	27.932
520	22.018	27.917
521	22.105	27.902
522	22.225	27.895
523	22.374	27.873
524	22.56	27.839
525	22.771	27.841
526	23.013	27.798
527	23.279	27.767
528	23.584	27.738
529	23.918	27.716
530	24.284	27.702
531	24.669	27.673
532	25.084	27.659
533	25.526	27.645
534	25.986	27.626
535	26.468	27.611
536	26.962	27.592
537	27.47	27.573
538	27.984	27.547
539	28.509	27.528
540	29.04	27.521
541	29.566	27.498
542	30.096	27.498
543	30.622	27.48
544	31.144	27.471
545	31.655	27.455
546	32.156	27.436
547	32.641	27.419
548	33.11	27.422
549	33.549	27.413
550	33.976	27.387
551	34.376	27.397
552	34.761	27.391
553	35.106	27.397
554	35.419	27.405
555	35.705	27.402
556	35.964	27.4
557	36.197	27.415
558	36.395	27.41
559	36.583	27.425
560	36.746	27.422
561	36.896	27.437
562	37.028	27.456
563	37.152	27.469
564	37.261	27.471
565	37.348	27.474
566	37.424	27.493
567	37.476	27.493
568	37.514	27.535
569	37.53	27.553
570	37.526	27.582
571	37.499	27.605
572	37.441	27.622
573	37.357	27.63
574	37.246	27.65
575	37.106	27.679
576	36.926	27.707
577	36.717	27.736
578	36.482	27.742
579	36.213	27.757
580	35.912	27.775
581	35.584	27.811
582	35.219	27.822
583	34.837	27.849
584	34.421	27.862
585	33.981	27.881
586	33.509	27.908
587	33.019	27.929
588	32.508	27.952
589	31.99	27.997
590	31.462	28.017
591	30.925	28.036
592	30.384	28.049
593	29.838	28.057
594	29.296	28.076
595	28.76	28.08
596	28.23	28.092
597	27.713	28.098
598	27.211	28.11
599	26.724	28.121
600	26.253	28.131
601	25.804	28.127
602	25.373	28.144
603	24.963	28.149
604	24.577	28.149
605	24.214	28.149
606	23.88	28.142
607	23.571	28.124
608	23.281	28.122
609	23.019	28.132
610	22.786	28.116
611	22.584	28.1
612	22.409	28.089
613	22.26	28.063
614	22.134	28.044
615	22.042	28.031
616	21.982	27.994
617	21.949	27.988
618	21.95	27.977
619	21.978	27.946
620	22.038	27.934
621	22.127	27.919
622	22.246	27.889
623	22.396	27.864
624	22.575	27.85
625	22.786	27.829
626	23.031	27.811
627	23.304	27.782
628	23.604	27.769
629	23.933	27.758
630	24.297	27.74
631	24.682	27.717
632	25.094	27.707
633	25.535	27.677
634	25.995	27.641
635	26.472	27.65
636	26.964	27.613
637	27.47	27.587
638	27.989	27.558
639	28.518	27.543
640	29.041	27.547
641	29.57	27.542
642	30.1	27.526
643	30.626	27.504
644	31.148	27.498
645	31.656	27.484
646	32.158	27.479
647	32.645	27.489
648	33.117	27.477
649	33.567	27.47
650	33.994	27.453
651	34.395	27.456
652	34.763	27.446
653	35.11	27.451
654	35.432	27.435
655	35.714	27.444
656	35.968	27.452
657	36.2	27.447
658	36.402	27.469
659	36.585	27.493
660	36.748	27.487
661	36.894	27.508
662	37.026	27.519
663	37.143	27.544
664	37.246	27.545
665	37.336	27.535
666	37.408	27.543
667	37.463	27.555
668	37.499	27.573
669	37.517	27.581
670	37.516	27.593
671	37.483	27.605
672	37.425	27.616
673	37.336	27.641
674	37.215	27.645
675	37.065	27.664
676	36.895	27.673
677	36.694	27.695
678	36.462	27.687
679	36.196	27.715
680	35.902	27.735
681	35.579	27.749
682	35.213	27.778
683	34.825	27.794
684	34.413	27.811
685	33.973	27.837
686	33.509	27.864
687	33.024	27.884
688	32.522	27.901
689	32.001	27.931
690	31.472	27.957
691	30.934	27.993
692	30.389	28.011
693	29.846	28.032
694	29.301	28.058
695	28.763	28.077
696	28.232	28.098
697	27.714	28.107
698	27.213	28.119
699	26.732	28.154
700	26.266	28.162
701	25.814	28.165
702	25.384	28.195
703	24.976	28.213
704	24.588	28.218
705	24.224	28.206
706	23.882	28.202
707	23.57	28.211
708	23.286	28.186
709	23.022	28.166
710	22.788	28.167
711	22.586	28.154
712	22.408	28.155
713	22.257	28.143
714	22.136	28.131
715	22.045	28.121
716	21.983	28.105
717	21.953	28.096
718	21.95	28.081
719	21.981	28.056
720	22.039	28.029
721	22.132	27.988
722	22.251	27.973
723	22.402	27.949
724	22.58	27.899
725	22.791	27.881
726	23.031	27.867
727	23.301	27.822
728	23.599	27.808
729	23.932	27.783
730	24.29	27.768
731	24.68	27.756
732	25.098	27.724
733	25.535	27.724
734	25.999	27.711
735	26.475	27.687
736	26.966	27.674
737	27.469	27.656
738	27.987	27.636
739	28.509	27.61
740	29.037	27.597
741	29.568	27.572
742	30.099	27.547
743	30.624	27.523
744	31.142	27.506
745	31.655	27.504
746	32.152	27.504
747	32.639	27.506
748	33.104	27.507
749	33.552	27.518
750	33.98	27.515
751	34.38	27.511
752	34.752	27.505
753	35.103	27.497
754	35.415	27.499
755	35.705	27.504
756	35.963	27.5
757	36.19	27.503
758	36.389	27.495
759	36.568	27.492
760	36.735	27.481
761	36.887	27.481
762	37.02	27.474
763	37.135	27.498
764	37.24	27.497
765	37.325	27.511
766	37.401	27.528
767	37.449	27.543
768	37.484	27.557
769	37.497	27.572
770	37.491	27.59
771	37.46	27.61
772	37.404	27.607
773	37.321	27.627
774	37.209	27.645
775	37.061	27.663
776	36.887	27.695
777	36.689	27.721
778	36.452	27.736
779	36.188	27.766
780	35.897	27.78
781	35.566	27.795
782	35.213	27.809
783	34.827	27.828
784	34.41	27.855
785	33.968	27.874
786	33.498	27.879
787	33.016	27.916
788	32.514	27.933
789	32.001	27.955
790	31.471	27.953
791	30.933	27.957
792	30.394	27.966
793	29.852	28.002
794	29.311	28.026
795	28.774	28.044
796	28.247	28.046
797	27.731	28.062
798	27.23	28.067
799	26.745	28.062
800	26.279	28.055
801	25.832	28.065
802	25.402	28.061
803	24.997	28.063
804	24.613	28.046
805	24.247	28.045
806	23.911	28.048
807	23.596	28.061
808	23.313	28.074
809	23.055	28.079
810	22.825	28.087
811	22.62	28.095
812	22.442	28.07
813	22.289	28.055
814	22.164	28.049
815	22.07	28.065
816	22.006	28.054
817	21.971	28.042
818	21.967	27.998
819	21.992	27.985
820	22.05	27.957
821	22.135	27.932
822	22.255	27.919
823	22.401	27.909
824	22.579	27.903
825	22.786	27.907
826	23.027	27.874
827	23.299	27.858
828	23.598	27.847
829	23.928	27.839
830	24.285	27.828
831	24.674	27.809
832	25.09	27.779
833	25.525	27.756
834	25.984	27.732
835	26.457	27.714
836	26.946	27.696
837	27.447	27.683
838	27.962	27.666
839	28.485	27.662
840	29.012	27.639
841	29.542	27.644
842	30.078	27.641
843	30.604	27.653
844	31.127	27.626
845	31.636	27.624
846	32.138	27.629
847	32.617	27.627
848	33.082	27.6
849	33.526	27.583
850	33.95	27.577
851	34.34	27.568
852	34.714	27.566
853	35.055	27.557
854	35.368	27.549
855	35.649	27.52
856	35.901	27.516
857	36.125	27.521
858	36.325	27.512
859	36.507	27.519
860	36.668	27.52
861	36.813	27.53
862	36.945	27.549
863	37.068	27.542
864	37.172	27.544
865	37.264	27.552
866	37.333	27.554
867	37.379	27.551
868	37.415	27.563
869	37.429	27.582
870	37.414	27.575
871	37.386	27.584
872	37.337	27.584
873	37.253	27.606
874	37.163	27.631
875	37.02	27.638
876	36.858	27.655
877	36.669	27.666
878	36.443	27.69
879	36.183	27.706
880	35.902	27.747
881	35.579	27.751
882	35.233	27.78
883	34.854	27.806
884	34.441	27.817
885	34.007	27.836
886	33.547	27.843
887	33.067	27.849
888	32.564	27.868
889	32.045	27.873
890	31.521	27.876
891	30.986	27.885
892	30.444	27.907
893	29.903	27.911
894	29.365	27.917
895	28.836	27.954
896	28.306	27.963
897	27.787	27.985
898	27.285	27.998
899	26.786	27.992
900	26.324	28
901	25.872	28.009
902	25.432	28.02
903	25.02	28.015
904	24.635	28.026
905	24.262	28.036
906	23.921	28.061
907	23.603	28.021
908	23.312	28.028
909	23.055	28.013
910	22.82	28.01
911	22.614	28.014
912	22.435	28.012
913	22.287	28.004
914	22.166	28.019
915	22.071	28.015
916	22.009	28.005
917	21.973	28.002
918	21.97	27.997
919	21.998	27.991
920	22.052	27.969
921	22.14	27.947
922	22.261	27.91
923	22.412	27.89
924	22.589	27.895
925	22.794	27.874
926	23.037	27.869
927	23.307	27.851
928	23.606	27.839
929	23.933	27.815
930	24.296	27.783
931	24.689	27.768
932	25.104	27.779
933	25.542	27.755
934	25.99	27.759
935	26.462	27.73
936	26.95	27.712
937	27.453	27.691
938	27.961	27.675
939	28.481	27.652
940	29.011	27.634
941	29.376	27.62
942	29.903	27.601
943	30.426	27.584
944	30.936	27.571
945	31.444	27.559
946	31.937	27.563
947	32.412	27.571
948	32.862	27.563
949	33.306	27.558
950	33.722	27.556
951	34.114	27.532
952	34.479	27.539
953	34.82	27.535
954	35.138	27.531
955	35.422	27.535
956	35.67	27.529
957	35.891	27.533
958	36.091	27.525
959	36.278	27.511
960	36.444	27.536
961	36.591	27.533
962	36.723	27.543
963	36.843	27.566
964	36.95	27.569
965	37.032	27.576
966	37.335	27.612
967	37.399	27.612
968	37.441	27.628
969	37.469	27.63
970	37.468	27.645
971	37.445	27.661
972	37.401	27.671
973	37.341	27.689
974	37.239	27.706
975	37.113	27.721
976	36.952	27.749
977	36.762	27.729
978	36.54	27.742
979	36.281	27.742
980	35.996	27.749
981	35.681	27.778
982	35.333	27.797
983	34.957	27.808
984	34.546	27.831
985	34.12	27.847
986	33.66	27.869
987	33.184	27.889
988	32.687	27.906
989	32.177	27.91
990	31.65	27.948
991	31.11	27.94
992	30.561	27.947
993	30.01	27.946
994	29.463	27.971
995	28.926	27.989
996	28.402	27.997
997	27.883	28.017
998	27.38	28.022
999	26.895	28.021
1000	26.418	28.026
1001	25.967	28.021
1002	25.534	28.061
1003	25.123	28.063
1004	24.734	28.088
1005	24.369	28.107
1006	24.025	28.099
1007	23.71	28.103
1008	23.42	28.095
1009	23.154	28.105
1010	22.913	28.081
1011	22.705	28.073
1012	22.52	28.058
1013	22.364	28.037
1014	22.239	28.049
1015	22.146	28.024
1016	22.078	28.025
1017	22.046	28.018
1018	22.039	28.002
1019	22.062	27.984
1020	22.116	27.96
1021	22.199	27.927
1022	22.309	27.898
1023	22.451	27.884
1024	22.627	27.866
1025	22.834	27.858
1026	23.068	27.84
1027	23.332	27.817
1028	23.628	27.814
1029	23.956	27.787
1030	24.307	27.766
1031	24.69	27.735
1032	25.096	27.715
1033	25.525	27.698
1034	25.98	27.667
1035	26.45	27.657
1036	26.938	27.627
1037	27.438	27.614
1038	27.95	27.607
1039	28.463	27.586
1040	28.983	27.563
1041	29.513	27.54
1042	30.037	27.56
1043	30.561	27.568
1044	31.076	27.564
1045	31.586	27.544
1046	32.074	27.561
1047	32.561	27.552
1048	33.022	27.546
1049	33.465	27.529
1050	33.886	27.521
1051	34.281	27.53
1052	34.651	27.537
1053	34.994	27.532
1054	35.303	27.54
1055	35.585	27.544
1056	35.84	27.545
1057	36.07	27.532
1058	36.278	27.556
1059	36.46	27.552
1060	36.625	27.566
1061	36.775	27.6
1062	36.91	27.599
1063	37.032	27.595
1064	37.137	27.608
1065	37.229	27.634
1066	37.3	27.636
1067	37.357	27.618
1068	37.4	27.63
1069	37.424	27.654
1070	37.421	27.675
1071	37.402	27.683
1072	37.35	27.702
1073	37.274	27.729
1074	37.168	27.761
1075	37.038	27.773
1076	36.878	27.777
1077	36.69	27.788
1078	36.463	27.802
1079	36.202	27.808
1080	35.918	27.815
1081	35.595	27.824
1082	35.241	27.855
1083	34.865	27.879
1084	34.462	27.911
1085	34.028	27.924
1086	33.57	27.94
1087	33.089	27.967
1088	32.588	27.984
1089	32.074	28.005
1090	31.548	28.001
1091	31.012	28.037
1092	30.474	28.061
1093	29.933	28.065
1094	29.395	28.069
1095	28.861	28.099
1096	28.336	28.119
1097	27.821	28.145
1098	27.319	28.148
1099	26.832	28.147
1100	26.357	28.168
1101	25.9	28.174
1102	25.467	28.161
1103	25.057	28.167
1104	24.674	28.173
1105	24.311	28.17
1106	23.969	28.198
1107	23.656	28.196
1108	23.367	28.179
1109	23.106	28.179
1110	22.872	28.162
1111	22.663	28.156
1112	22.484	28.146
1113	22.33	28.135
1114	22.207	28.126
1115	22.113	28.135
1116	22.045	28.117
1117	22.007	28.109
1118	21.999	28.112
1119	22.026	28.112
1120	22.08	28.078
1121	22.163	28.049
1122	22.279	28.021
1123	22.425	27.985
1124	22.599	27.972
1125	22.809	27.941
1126	23.048	27.922
1127	23.315	27.908
1128	23.606	27.881
1129	23.932	27.861
1130	24.288	27.848
1131	24.677	27.824
1132	25.089	27.801
1133	25.519	27.774
1134	25.975	27.758
1135	26.448	27.739
1136	26.936	27.726
1137	27.438	27.714
1138	27.954	27.696
1139	28.473	27.674
1140	28.999	27.638
1141	29.529	27.606
1142	30.064	27.592
1143	30.59	27.564
1144	31.103	27.531
1145	31.612	27.517
1146	32.111	27.503
1147	32.591	27.491
1148	33.056	27.492
1149	33.497	27.486
1150	33.916	27.481
1151	34.314	27.474
1152	34.689	27.464
1153	35.034	27.474
1154	35.346	27.482
1155	35.629	27.484
1156	35.879	27.474
1157	36.107	27.474
1158	36.308	27.489
1159	36.486	27.489
1160	36.65	27.508
1161	36.797	27.501
1162	36.93	27.503
1163	37.055	27.529
1164	37.156	27.534
1165	37.251	27.56
1166	37.338	27.586
1167	37.389	27.59
1168	37.426	27.606
1169	37.446	27.637
1170	37.445	27.667
1171	37.426	27.69
1172	37.378	27.694
1173	37.304	27.713
1174	37.202	27.723
1175	37.07	27.743
1176	36.911	27.77
1177	36.708	27.797
1178	36.488	27.814
1179	36.231	27.828
1180	35.939	27.833
1181	35.619	27.86
1182	35.269	27.891
1183	34.893	27.902
1184	34.491	27.91
1185	34.049	27.92
1186	33.588	27.935
1187	33.101	27.946
1188	32.593	27.956
1189	32.075	27.976
1190	31.542	27.98
1191	30.997	28.001
1192	30.457	28.037
1193	29.918	28.046
1194	29.376	28.052
1195	28.841	28.074
1196	28.31	28.078
1197	27.794	28.105
1198	27.289	28.116
1199	26.807	28.122
1200	26.337	28.125
1201	25.884	28.123
1202	25.456	28.129
1203	25.048	28.124
1204	24.662	28.127
1205	24.302	28.141
1206	23.965	28.147
1207	23.651	28.132
1208	23.362	28.133
1209	23.098	28.136
1210	22.867	28.134
1211	22.663	28.136
1212	22.487	28.141
1213	22.337	28.134
1214	22.216	28.121
1215	22.121	28.123
1216	22.059	28.109
1217	22.024	28.075
1218	22.015	28.058
1219	22.042	28.035
1220	22.097	28.004
1221	22.182	27.988
1222	22.299	27.964
1223	22.448	27.95
1224	22.621	27.928
1225	22.826	27.923
1226	23.062	27.904
1227	23.33	27.885
1228	23.627	27.86
1229	23.946	27.832
1230	24.301	27.816
1231	24.68	27.788
1232	25.088	27.774
1233	25.52	27.744
1234	25.969	27.73
1235	26.44	27.705
1236	26.924	27.672
1237	27.417	27.643
1238	27.927	27.601
1239	28.446	27.581
1240	28.972	27.569
1241	29.499	27.552
1242	30.02	27.557
1243	30.548	27.554
1244	31.062	27.552
1245	31.568	27.551
1246	32.062	27.547
1247	32.537	27.54
1248	32.993	27.519
1249	33.438	27.513
1250	33.86	27.503
1251	34.256	27.496
1252	34.628	27.488
1253	34.972	27.493
1254	35.295	27.505
1255	35.577	27.514
1256	35.835	27.509
1257	36.066	27.508
1258	36.274	27.532
1259	36.462	27.521
1260	36.625	27.538
1261	36.781	27.551
1262	36.921	27.56
1263	37.05	27.6
1264	37.156	27.611
1265	37.249	27.614
1266	37.325	27.608
1267	37.387	27.608
1268	37.426	27.622
1269	37.453	27.618
1270	37.457	27.638
1271	37.428	27.636
1272	37.39	27.671
1273	37.317	27.706
1274	37.208	27.722
1275	37.075	27.741
1276	36.914	27.773
1277	36.709	27.813
1278	36.486	27.83
1279	36.231	27.85
1280	35.943	27.863
1281	35.626	27.888
1282	35.273	27.916
1283	34.89	27.926
1284	34.479	27.965
1285	34.041	27.989
1286	33.576	28.011
1287	33.095	28.033
1288	32.589	28.04
1289	32.073	28.056
1290	31.548	28.092
1291	31.006	28.129
1292	30.469	28.146
1293	29.925	28.148
1294	29.382	28.189
1295	28.84	28.195
1296	28.317	28.219
1297	27.797	28.211
1298	27.296	28.218
1299	26.813	28.241
1300	26.345	28.236
1301	25.897	28.245
1302	25.471	28.24
1303	25.061	28.243
1304	24.675	28.247
1305	24.307	28.25
1306	23.967	28.242
1307	23.655	28.235
1308	23.368	28.231
1309	23.11	28.212
1310	22.876	28.2
1311	22.669	28.204
1312	22.489	28.21
1313	22.336	28.207
1314	22.212	28.202
1315	22.116	28.164
1316	22.054	28.142
1317	22.017	28.13
1318	22.012	28.116
1319	22.037	28.086
1320	22.092	28.064
1321	22.177	28.059
1322	22.291	28.035
1323	22.437	28.006
1324	22.611	27.986
1325	22.815	27.975
1326	23.075	27.949
1327	23.338	27.915
1328	23.659	27.907
1329	23.981	27.862
1330	24.342	27.831
1331	24.726	27.817
1332	25.134	27.789
1333	25.565	27.78
1334	26.018	27.762
1335	26.492	27.754
1336	26.978	27.723
1337	27.478	27.683
1338	27.994	27.665
1339	28.517	27.645
1340	29.04	27.637
1341	29.573	27.621
1342	30.101	27.604
1343	30.626	27.603
1344	31.143	27.593
1345	31.659	27.574
1346	32.153	27.551
1347	32.636	27.54
1348	33.101	27.535
1349	33.546	27.519
1350	33.967	27.502
1351	34.32	27.507
1352	34.645	27.517
1353	34.945	27.496
1354	35.268	27.515
1355	35.554	27.515
1356	35.812	27.524
1357	36.041	27.539
1358	36.248	27.533
1359	36.433	27.535
1360	36.595	27.529
1361	36.752	27.536
1362	36.886	27.554
1363	37.001	27.566
1364	37.111	27.564
1365	37.199	27.573
1366	37.268	27.597
1367	37.327	27.608
1368	37.363	27.593
1369	37.386	27.604
1370	37.38	27.637
1371	37.36	27.663
1372	37.313	27.689
1373	37.232	27.703
1374	37.135	27.723
1375	37.008	27.744
1376	36.848	27.743
1377	36.712	27.765
1378	36.489	27.797
1379	36.228	27.808
1380	35.939	27.826
1381	35.615	27.837
1382	35.271	27.852
1383	34.894	27.876
1384	34.485	27.894
1385	34.065	27.912
1386	33.602	27.934
1387	33.121	27.944
1388	32.624	27.943
1389	32.103	27.974
1390	31.58	27.985
1391	31.039	27.861
1392	30.495	27.876
1393	29.954	27.905
1394	29.41	27.926
1395	28.879	27.932
1396	28.355	27.935
1397	27.838	27.936
1398	27.338	27.952
1399	26.854	27.969
1400	26.385	27.978
1401	25.937	27.992
1402	25.508	27.988
1403	25.1	27.996
1404	24.714	28
1405	24.349	28.017
1406	24.01	28.021
1407	23.694	28.008
1408	23.406	28.014
1409	23.143	28.016
1410	22.901	28.013
1411	22.692	28
1412	22.513	27.99
1413	22.36	27.99
1414	22.237	27.987
1415	22.141	27.984
1416	22.079	28.1
1417	22.043	28.096
1418	22.038	28.082
1419	22.064	28.049
1420	22.114	28.018
1421	22.196	28.008
1422	22.311	28.006
1423	22.455	27.987
1424	22.625	27.986
1425	22.826	27.972
1426	23.057	27.966
1427	23.317	27.932
1428	23.607	27.889
1429	23.923	27.86
1430	24.278	27.829
1431	24.659	27.801
1432	25.068	27.782
1433	25.497	27.752
1434	25.947	27.725
1435	26.419	27.701
1436	26.907	27.68
1437	27.404	27.667
1438	27.912	27.663
1439	28.427	27.648
1440	28.953	27.618
1441	29.475	27.602
1442	29.998	27.575
1443	30.519	27.565
1444	31.033	27.561
1445	31.545	27.562
1446	32.041	27.545
1447	32.519	27.533
1448	32.979	27.53
1449	33.422	27.508
1450	33.848	27.501
1451	34.245	27.475
1452	34.616	27.483
1453	34.962	27.498
1454	35.287	27.509
1455	35.573	27.524
1456	35.825	27.434
1457	36.046	27.441
1458	36.252	27.429
1459	36.434	27.453
1460	36.597	27.462
1461	36.741	27.488
1462	36.884	27.508
1463	37.008	27.5
1464	37.123	27.515
1465	37.216	27.553
1466	37.292	27.573
1467	37.359	27.582
1468	37.402	27.589
1469	37.431	27.6
1470	37.427	27.606
1471	37.408	27.623
1472	37.361	27.622
1473	37.292	27.64
1474	37.187	27.634
1475	37.057	27.681
1476	36.891	27.711
1477	36.704	27.726
1478	36.484	27.745
1479	36.227	27.753
1480	35.936	27.748
1481	35.623	27.868
1482	35.274	27.884
1483	34.89	27.923
1484	34.482	27.935
1485	34.049	27.96
1486	33.601	27.913
1487	33.115	27.932
1488	32.609	27.962
1489	32.09	27.977
1490	31.56	27.974
1491	31.022	27.982
1492	30.476	28.003
1493	29.931	28.034
1494	29.388	28.053
1495	28.853	28.065
1496	28.323	28.072
1497	27.81	28.106
1498	27.306	28.094
1499	26.822	28.116
1500	26.358	28.09
1501	25.915	28.108
1502	25.483	28.113
1503	25.074	28.119
1504	24.688	28.138
1505	24.325	28.155
1506	23.984	28.16
1507	23.673	28.168
1508	23.388	28.151
1509	23.129	28.15
1510	22.892	28.144
1511	22.678	28.187
1512	22.498	28.165
1513	22.35	28.157
1514	22.226	28.135
1515	22.132	28.113
1516	22.069	28.103
1517	22.034	28.088
1518	22.028	28.058
1519	22.051	28.053
1520	22.107	28.033
1521	22.19	28.016
1522	22.302	27.982
1523	22.445	27.977
1524	22.622	27.963
1525	22.821	27.946
1526	23.05	27.91
1527	23.313	27.883
1528	23.602	27.863
1529	23.925	27.824
1530	24.276	27.783
1531	24.655	27.749
1532	25.062	27.719
1533	25.49	27.704
1534	25.937	27.687
1535	26.408	27.653
1536	26.894	27.628
1537	27.392	27.613
1538	27.897	27.58
1539	28.413	27.573
1540	28.933	27.558
1541	29.455	27.537
1542	29.979	27.518
1543	30.503	27.512
1544	31.02	27.487
1545	31.523	27.471
1546	32.023	27.465
1547	32.502	27.462
1548	32.967	27.455
1549	33.405	27.441
1550	33.827	27.434
1551	34.239	27.42
1552	34.615	27.42
1553	34.967	27.405
1554	35.279	27.416
1555	35.566	27.425
1556	35.828	27.427
1557	36.051	27.433
1558	36.259	27.321
1559	36.45	27.318
1560	36.614	27.331
1561	36.767	27.343
1562	36.9	27.37
1563	37.026	27.383
1564	37.131	27.394
1565	37.232	27.405
1566	37.313	27.442
1567	37.376	27.461
1568	37.418	27.482
1569	37.437	27.503
1570	37.438	27.526
1571	37.408	27.532
1572	37.36	27.546
1573	37.281	27.557
1574	37.179	27.579
1575	37.039	27.595
1576	36.86	27.617
1577	36.663	27.65
1578	36.434	27.675
1579	36.182	27.703
1580	35.898	27.732
1581	35.581	27.764
1582	35.236	27.784
1583	34.855	27.912
1584	34.445	27.933
1585	34.014	27.947
1586	33.556	27.974
1587	33.078	27.97
1588	32.579	28
1589	32.066	28.014
1590	31.538	28.038
1591	31.001	28.027
1592	30.75	28.082
1593	30.201	28.091
1594	29.656	28.104
1595	29.11	28.129
1596	28.577	28.16
1597	28.055	28.178
1598	27.551	28.187
1599	27.057	28.193
1600	26.585	28.206
1601	26.011	28.227
1602	25.579	28.228
1603	25.171	28.237
1604	24.778	28.224
1605	24.413	28.217
1606	24.068	28.206
1607	23.749	28.206
1608	23.457	28.212
1609	23.192	28.199
1610	22.953	28.205
1611	22.742	28.194
1612	22.558	28.202
1613	22.399	28.178
1614	22.27	28.166
1615	22.169	28.158
1616	22.099	28.145
1617	21.863	28.097
1618	21.853	28.076
1619	21.875	28.067
1620	21.929	28.041
1621	22.015	28.017
1622	22.132	27.997
1623	22.274	27.986
1624	22.45	27.965
1625	22.656	27.931
1626	22.998	27.91
1627	23.265	27.883
1628	23.561	27.859
1629	23.888	27.842
1630	24.242	27.829
1631	24.628	27.824
1632	25.038	27.807
1633	25.476	27.786
1634	25.931	27.783
1635	26.399	27.759
1636	26.888	27.744
1637	27.386	27.703
1638	27.894	27.67
1639	28.414	27.648
1640	28.937	27.617
1641	29.462	27.612
1642	29.991	27.593
1643	30.517	27.584
1644	31.035	27.563
1645	31.541	27.546
1646	32.036	27.525
1647	32.511	27.521
1648	32.973	27.513
1649	33.409	27.508
1650	33.826	27.519
1651	34.211	27.508
1652	34.574	27.504
1653	34.913	27.496
1654	35.221	27.496
1655	35.502	27.486
1656	35.753	27.471
1657	35.976	27.458
1658	36.162	27.457
1659	36.343	27.443
1660	36.518	27.461
1661	36.663	27.467
1662	36.8	27.506
1663	36.929	27.538
1664	37.037	27.544
1665	37.135	27.559
1666	37.22	27.579
1667	37.278	27.586
1668	37.32	27.594
1669	37.344	27.604
1670	37.349	27.627
1671	37.331	27.649
1672	37.296	27.639
1673	37.217	27.651
1674	37.116	27.671
1675	36.994	27.682
1676	36.843	27.702
1677	36.651	27.735
1678	36.43	27.757
1679	36.181	27.782
1680	35.896	27.812
1681	35.588	27.843
1682	35.252	27.877
1683	34.887	27.905
1684	34.483	27.924
1685	34.049	27.936
1686	33.596	27.942
1687	33.117	27.948
1688	32.618	27.985
1689	32.109	28
1690	31.588	28.019
1691	31.053	28.027
1692	30.517	28.042
1693	29.975	28.063
1694	29.437	28.08
1695	28.9	28.096
1696	28.37	28.097
1697	27.849	28.129
1698	27.352	28.145
1699	26.87	28.142
1700	26.396	28.169
1701	25.943	28.193
1702	25.519	28.193
1703	25.109	28.196
1704	24.72	28.193
1705	24.357	28.194
1706	24.014	28.167
1707	23.698	28.171
1708	23.41	28.166
1709	23.145	28.178
1710	22.908	28.169
1711	22.698	28.164
1712	22.52	28.147
1713	22.369	28.117
1714	22.243	28.126
1715	22.143	28.124
1716	22.077	28.107
1717	22.038	28.101
1718	22.031	28.11
1719	22.053	28.1
1720	22.11	28.078
1721	22.194	28.081
1722	22.305	28.06
1723	22.45	28.047
1724	22.622	28.029
1725	22.828	28.001
1726	23.061	27.97
1727	23.319	27.951
1728	23.613	27.934
1729	23.939	27.911
1730	24.288	27.873
1731	24.67	27.874
1732	25.074	27.851
1733	25.504	27.837
1734	25.958	27.814
1735	26.425	27.799
1736	26.909	27.772
1737	27.404	27.762
1738	27.909	27.753
1739	28.426	27.726
1740	28.95	27.694
1741	29.477	27.684
1742	30.001	27.669
1743	30.522	27.63
1744	31.037	27.616
1745	31.543	27.609
1746	32.036	27.596
1747	32.519	27.584
1748	32.984	27.567
1749	33.426	27.564
1750	33.847	27.544
1751	34.247	27.534
1752	34.626	27.525
1753	34.967	27.515
1754	35.283	27.522
1755	35.569	27.534
1756	35.824	27.532
1757	36.052	27.534
1758	36.253	27.52
1759	36.435	27.52
1760	36.607	27.513
1761	36.758	27.544
1762	36.901	27.556
1763	37.074	27.553
1764	37.182	27.575
1765	37.271	27.603
1766	37.342	27.615
1767	37.41	27.614
1768	37.458	27.634
1769	37.482	27.634
1770	37.479	27.634
1771	37.458	27.656
1772	37.409	27.67
1773	37.325	27.683
1774	37.22	27.71
1775	37.083	27.736
1776	36.915	27.755
1777	36.715	27.776
1778	36.491	27.807
1779	36.226	27.814
1780	35.933	27.835
1781	35.608	27.858
1782	35.255	27.865
1783	34.878	27.892
1784	34.473	27.905
1785	34.034	27.937
1786	33.578	27.939
1787	33.092	27.947
1788	32.551	27.958
1789	32.035	27.977
1790	31.512	27.993
1791	30.978	28.001
1792	30.433	28.033
1793	29.89	28.051
1794	29.346	28.073
1795	28.812	28.089
1796	28.287	28.097
1797	27.776	28.115
1798	27.279	28.116
1799	26.799	28.116
1800	26.334	28.119
1801	25.887	28.126
1802	25.461	28.122
1803	25.055	28.111
1804	24.673	28.127
1805	24.314	28.126
1806	23.981	28.13
1807	23.675	28.144
1808	23.388	28.142
1809	23.128	28.147
1810	22.897	28.147
1811	22.689	28.151
1812	22.511	28.144
1813	22.36	28.146
1814	22.238	28.12
1815	22.143	28.11
1816	22.081	28.106
1817	22.047	28.084
1818	22.071	28.063
1819	22.096	28.054
1820	22.148	28.047
1821	22.231	28.018
1822	22.343	28.009
1823	22.485	28.009
1824	22.659	28.004
1825	22.862	27.981
1826	23.094	27.954
1827	23.358	27.934
1828	23.651	27.919
1829	23.974	27.913
1830	24.326	27.894
1831	24.705	27.865
1832	25.11	27.821
1833	25.541	27.814
1834	25.99	27.78
1835	26.461	27.756
1836	26.948	27.733
1837	27.447	27.716
1838	27.959	27.705
1839	28.476	27.685
1840	29.002	27.662
1841	29.527	27.64
1842	30.051	27.639
1843	30.538	27.624
1844	31.058	27.617
1845	31.57	27.603
1846	32.07	27.611
1847	32.553	27.593
1848	33.021	27.582
1849	33.466	27.566
1850	33.889	27.566
1851	34.29	27.561
1852	34.664	27.552
1853	35.009	27.55
1854	35.328	27.523
1855	35.619	27.52
1856	35.879	27.516
1857	36.112	27.535
1858	36.315	27.524
1859	36.503	27.532
1860	36.674	27.531
1861	36.816	27.544
1862	36.949	27.553
1863	37.061	27.558
1864	37.186	27.575
1865	37.285	27.594
1866	37.36	27.625
1867	37.417	27.633
1868	37.449	27.644
1869	37.473	27.647
1870	37.47	27.658
1871	37.439	27.652
1872	37.385	27.657
1873	37.302	27.675
1874	37.199	27.695
1875	37.067	27.711
1876	36.903	27.734
1877	36.701	27.761
1878	36.473	27.778
1879	36.212	27.808
1880	35.917	27.833
1881	35.589	27.864
1882	35.23	27.871
1883	34.848	27.894
1884	34.436	27.913
1885	33.994	27.94
1886	33.543	27.955
1887	33.062	27.966
1888	32.567	27.974
1889	32.038	27.995
1890	31.505	27.993
1891	30.972	27.989
1892	30.432	28
1893	29.891	28.022
1894	29.354	28.01
1895	28.819	28.026
1896	28.294	28.039
1897	27.78	28.055
1898	27.284	28.071
1899	26.798	28.073
1900	26.328	28.077
1901	25.878	28.083
1902	25.449	28.088
1903	25.04	28.091
1904	24.654	28.087
1905	24.292	28.068
1906	23.955	27.759
1907	23.646	27.77
1908	23.358	27.771
1909	23.1	27.763
1910	22.867	27.744
1911	22.658	27.734
1912	22.478	27.739
1913	22.327	27.753
1914	22.199	27.74
1915	22.107	27.726
1916	22.045	27.702
1917	22.008	27.691
1918	22.004	27.421
1919	22.026	27.432
1920	22.081	27.413
1921	22.167	27.394
1922	22.28	27.378
1923	22.424	27.349
1924	22.596	27.315
1925	22.803	27.305
1926	23.039	27.288
1927	23.302	27.266
1928	23.601	27.242
1929	23.929	27.223
1930	24.284	27.201
1931	24.668	27.486
1932	25.077	27.459
1933	25.51	27.428
1934	25.962	27.41
1935	26.435	27.397
1936	26.926	27.386
1937	27.43	27.353
1938	27.943	27.336
1939	28.47	27.308
1940	28.993	27.314
1941	29.515	27.314
1942	30.052	27.313
1943	30.572	27.555
1944	31.091	27.549
1945	31.605	27.542
1946	32.101	27.542
1947	32.592	27.536
1948	33.057	27.527
1949	33.507	27.54
1950	33.934	27.529
1951	34.338	27.527
1952	34.72	27.529
1953	35.062	27.534
1954	35.38	27.525
1955	35.672	27.537
1956	35.934	27.53
1957	36.164	27.53
1958	36.369	27.541
1959	36.553	27.55
1960	36.717	27.558
1961	36.865	27.555
1962	37	27.562
1963	37.12	27.559
1964	37.22	27.583
1965	37.309	27.589
1966	37.387	27.597
1967	37.436	27.607
1968	37.482	27.62
1969	37.5	27.622
1970	37.49	27.637
1971	37.462	27.643
1972	37.408	27.663
1973	37.334	27.688
1974	37.224	27.717
1975	37.08	27.732
1976	36.904	27.758
1977	36.698	27.782
1978	36.466	27.791
1979	36.203	27.815
1980	35.904	27.832
1981	35.573	27.854
1982	35.215	27.878
1983	34.84	27.884
1984	34.426	27.908
1985	33.985	27.923
1986	33.523	27.947
1987	33.039	27.978
1988	32.535	27.984
1989	32.021	28.007
1990	31.492	28.011
1991	30.955	28.027
1992	30.414	28.025
1993	29.868	28.024
1994	29.325	28.043
1995	28.792	28.058
1996	28.268	28.087
1997	27.76	28.102
1998	27.259	28.095
1999	26.776	28.084
2000	26.306	28.092
2001	25.861	28.104
2002	25.437	28.093
2003	25.03	28.104
2004	24.651	28.112
2005	24.294	28.122
2006	23.961	28.126
2007	23.654	28.124
2008	23.365	28.156
2009	23.107	28.169
2010	22.874	28.16
2011	22.669	28.146
2012	22.482	28.124
2013	22.332	28.122
2014	22.208	28.098
2015	22.012	28.088
2016	21.949	27.933
2017	21.913	27.93
2018	21.91	27.933
2019	21.937	27.92
2020	21.994	27.909
2021	22.08	27.883
2022	22.194	27.859
2023	22.339	27.856
2024	22.513	27.842
2025	22.724	27.821
2026	22.962	27.787
2027	23.229	27.784
2028	23.53	27.76
2029	23.853	27.733
2030	24.207	27.703
2031	24.59	27.685
2032	24.996	27.666
2033	25.429	27.624
2034	25.882	27.584
2035	26.356	27.572
2036	26.84	27.552
2037	27.349	27.543
2038	27.861	27.514
2039	28.379	27.492
2040	29.044	27.495
2041	29.571	27.622
2042	30.098	27.602
2043	30.623	27.584
2044	31.14	27.577
2045	31.646	27.562
2046	32.142	27.541
2047	32.613	27.533
2048	33.077	27.518
2049	33.524	27.502
2050	33.94	27.495
2051	34.336	27.488
2052	34.706	27.502
2053	35.043	27.506
2054	35.348	27.51
2055	35.627	27.522
2056	35.879	27.519
2057	36.105	27.527
2058	36.308	27.533
2059	36.494	27.556
2060	36.654	27.558
2061	36.803	27.562
2062	36.933	27.568
2063	37.05	27.577
2064	37.158	27.6
2065	37.243	27.605
2066	37.319	27.623
2067	37.38	27.629
2068	37.417	27.639
2069	37.44	27.65
2070	37.446	27.673
2071	37.419	27.703
2072	37.375	27.723
2073	37.294	27.73
2074	37.238	27.755
2075	37.108	27.789
2076	36.939	27.816
2077	36.74	27.812
2078	36.511	27.831
2079	36.255	27.839
2080	35.965	27.849
2081	35.642	27.867
2082	35.287	27.889
2083	34.899	27.912
2084	34.487	27.913
2085	34.05	27.935
2086	33.592	27.977
2087	33.112	27.99
2088	32.611	28.02
2089	32.085	28.032
2090	31.556	28.048
2091	31.019	28.068
2092	30.475	28.078
2093	29.925	28.101
2094	29.382	28.124
2095	28.846	28.127
2096	28.318	28.131
2097	27.805	28.141
2098	27.311	28.15
2099	26.796	28.146
2100	26.332	28.135
2101	25.886	28.141
2102	25.459	28.147
2103	25.052	28.154
2104	24.669	28.17
2105	24.308	28.17
2106	23.971	28.165
2107	23.662	28.16
2108	23.874	28.199
2109	23.606	28.202
2110	23.366	28.197
2111	23.148	28.176
2112	22.959	28.175
2113	22.797	28.169
2114	22.669	28.167
2115	22.566	28.158
2116	22.489	28.135
2117	22.441	28.144
2118	22.429	28.121
2119	22.439	28.086
2120	22.478	28.064
2121	22.548	28.047
2122	22.644	28.044
2123	22.767	28.04
2124	22.923	28.029
2125	23.105	28.033
2126	23.317	27.994
2127	23.565	27.974
2128	23.843	27.957
2129	24.148	27.936
2130	24.487	27.924
2131	24.851	27.908
2132	25.24	27.882
2133	25.12	27.819
2134	25.551	27.794
2135	26.007	27.764
2136	26.477	27.745
2137	26.966	27.732
2138	27.466	27.707
2139	27.982	27.681
2140	28.504	27.654
2141	29.031	27.636
2142	29.565	27.602
2143	30.086	27.573
2144	30.613	27.561
2145	31.13	27.558
2146	31.643	27.542
2147	32.147	27.509
2148	32.631	27.498
2149	33.098	27.489
2150	33.55	27.458
2151	33.977	27.452
2152	34.372	27.438
2153	34.741	27.426
2154	35.087	27.429
2155	35.399	27.418
2156	35.689	27.422
2157	35.951	27.43
2158	36.186	27.439
2159	36.391	27.441
2160	36.57	27.447
2161	36.736	27.451
2162	36.884	27.457
2163	37.021	27.458
2164	37.13	27.459
2165	37.227	27.475
2166	37.311	27.486
2167	37.37	27.514
2168	37.42	27.544
2169	37.457	27.558
2170	37.459	27.572
2171	37.437	27.593
2172	37.385	27.602
2173	37.31	27.614
2174	37.205	27.633
2175	37.074	27.659
2176	36.914	27.685
2177	36.721	27.721
2178	36.5	27.743
2179	36.244	27.753
2180	35.955	27.782
2181	35.636	27.799
2182	35.28	27.816
2183	34.897	27.833
2184	34.484	27.843
2185	34.05	27.87
2186	33.594	27.888
2187	33.109	27.902
2188	32.606	27.935
2189	32.087	27.972
2190	31.561	27.993
2191	31.019	28.005
2192	30.478	28.014
2193	29.938	28.02
2194	29.386	28.052
2195	28.854	28.06
2196	28.325	28.083
2197	27.81	28.106
2198	27.309	28.144
2199	26.822	28.148
2200	26.351	28.159
2201	25.904	28.168
2202	25.472	28.165
2203	25.064	28.181
2204	24.676	28.199
2205	24.309	28.2
2206	23.969	28.195
2207	23.659	28.192
2208	23.368	28.187
2209	23.107	28.186
2210	22.873	28.18
2211	22.669	28.172
2212	22.49	28.157
2213	22.34	28.15
2214	22.217	28.119
2215	22.121	28.098
2216	22.056	28.098
2217	22.02	28.083
2218	22.012	28.071
2219	22.038	28.042
2220	22.092	28.028
2221	22.174	28.002
2222	22.292	27.988
2223	22.438	27.952
2224	22.613	27.94
2225	22.815	27.907
2226	23.044	27.884
2227	23.312	27.835
2228	23.606	28.06
2229	23.931	28.014
2230	24.29	28.009
2231	24.672	27.996
2232	25.078	27.969
2233	25.511	27.939
2234	25.962	27.921
2235	26.429	27.897
2236	26.907	27.879
2237	27.409	27.869
2238	27.92	27.833
2239	28.441	27.807
2240	28.966	27.8
2241	29.498	27.767
2242	30.023	27.753
2243	30.55	27.739
2244	31.075	27.727
2245	31.582	27.712
2246	32.085	27.699
2247	32.565	27.677
2248	33.028	27.667
2249	33.474	27.652
2250	33.897	27.652
2251	34.301	27.646
2252	34.674	27.669
2253	35.022	27.419
2254	35.335	27.431
2255	35.624	27.406
2256	35.878	27.418
2257	36.106	27.423
2258	36.313	27.432
2259	36.5	27.436
2260	36.672	27.446
2261	36.832	27.457
2262	36.966	27.468
2263	37.082	27.482
2264	37.184	27.51
2265	37.275	27.513
2266	37.339	27.537
2267	37.402	27.552
2268	37.435	27.563
2269	37.452	27.569
2270	37.456	27.591
2271	37.426	27.621
2272	37.374	27.635
2273	37.296	27.644
2274	37.195	27.673
2275	37.065	27.691
2276	36.9	27.722
2277	36.704	27.742
2278	36.473	27.769
2279	36.221	27.784
2280	35.926	27.804
2281	35.605	27.827
2282	35.25	27.846
2283	34.865	27.867
2284	34.452	27.879
2285	34.015	27.853
2286	33.549	27.883
2287	33.066	27.914
2288	32.569	27.951
2289	32.05	27.967
2290	31.522	27.984
2291	30.992	27.987
2292	30.454	27.996
2293	29.915	28.017
2294	29.37	28.034
2295	28.832	28.042
2296	28.307	28.041
2297	27.795	28.075
2298	27.298	28.088
2299	26.814	28.098
2300	26.348	28.112
2301	25.901	28.114
2302	25.474	28.117
2303	25.07	28.107
2304	24.683	28.111
2305	24.321	28.125
2306	23.984	28.104
2307	23.676	28.102
2308	23.39	28.085
2309	23.135	28.091
2310	22.899	28.127
2311	22.587	28.109
2312	22.41	28.091
2313	22.26	28.074
2314	22.139	28.071
2315	22.048	28.058
2316	21.984	28.053
2317	21.949	28.034
2318	21.946	28.018
2319	21.973	28.004
2320	22.031	28.011
2321	22.118	27.991
2322	22.235	27.956
2323	22.378	27.952
2324	22.552	27.922
2325	22.761	27.911
2326	22.996	27.886
2327	23.261	27.875
2328	23.557	27.843
2329	23.881	27.814
2330	24.237	27.789
2331	24.618	27.771
2332	25.029	27.765
2333	25.46	27.758
2334	25.911	27.749
2335	26.382	27.743
2336	26.998	27.723
2337	27.497	27.7
2338	28.008	27.668
2339	28.528	27.648
2340	29.022	27.63
2341	29.548	27.608
2342	30.07	27.606
2343	30.59	27.602
2344	31.102	27.591
2345	31.57	27.552
2346	32.056	27.535
2347	32.532	27.532
2348	32.994	27.517
2349	33.432	27.514
2350	33.84	27.504
2351	34.227	27.514
2352	34.593	27.515
2353	34.928	27.516
2354	35.244	27.525
2355	35.521	27.533
2356	35.778	27.545
2357	36.002	27.534
2358	36.211	27.541
2359	36.393	27.541
2360	36.557	27.537
2361	36.704	27.546
2362	36.837	27.558
2363	36.957	27.572
2364	37.065	27.571
2365	37.193	27.587
2366	37.269	27.615
2367	37.33	27.625
2368	37.378	27.64
2369	37.407	27.671
2370	37.455	27.688
2371	37.442	27.72
2372	37.391	27.742
2373	37.316	27.749
2374	37.212	27.779
2375	37.083	27.788
2376	36.923	27.8
2377	36.732	27.804
2378	36.503	27.841
2379	36.247	27.864
2380	35.962	27.873
2381	35.643	27.895
2382	35.29	27.915
2383	34.907	27.929
2384	34.504	27.953
2385	34.071	27.951
2386	33.612	27.894
2387	33.128	27.905
2388	32.631	27.932
2389	32.12	27.969
2390	31.595	27.995
2391	31.059	28.011
2392	30.522	28.019
2393	29.983	28.03
2394	29.438	28.027
2395	28.903	28.036
2396	28.303	28.035
2397	27.791	28.039
2398	27.291	28.055
2399	26.812	28.057
2400	26.347	28.064
2401	25.902	28.062
2402	25.474	28.076
2403	25.074	28.079
2404	24.689	28.078
2405	24.329	28.087
2406	23.993	28.082
2407	23.681	28.089
2408	23.397	28.074
2409	23.14	28.068
2410	22.908	28.063
2411	22.703	28.13
2412	22.526	28.12
2413	22.376	28.122
2414	22.254	28.105
2415	22.159	28.11
2416	22.095	28.091
2417	22.055	28.084
2418	22.044	28.069
2419	22.067	28.053
2420	22.121	28.039
2421	22.258	28.024
2422	22.372	28.001
2423	22.514	27.975
2424	22.683	27.954
2425	22.883	27.933
2426	23.113	27.916
2427	23.377	27.883
2428	23.66	27.874
2429	23.981	27.858
2430	24.329	27.847
2431	24.705	27.817
2432	25.11	27.784
2433	25.538	27.772
2434	25.986	27.747
2435	26.451	27.763
2436	26.933	27.757
2437	27.431	27.746
2438	27.939	27.711
2439	28.45	27.69
2440	28.975	27.651
2441	29.502	27.627
2442	30.025	27.629
2443	30.546	27.606
2444	31.067	27.599
2445	31.568	27.593
2446	32.068	27.597
2447	32.552	27.587
2448	33.02	27.579
2449	33.465	27.566
2450	33.886	27.574
2451	34.293	27.57
2452	34.663	27.574
2453	35.022	27.55
2454	35.342	27.545
2455	35.639	27.529
2456	35.899	27.54
2457	36.133	27.553
2458	36.34	27.562
2459	36.521	27.576
2460	36.691	27.581
2461	36.844	27.573
2462	36.977	27.569
2463	37.093	27.579
2464	37.2	27.594
2465	37.289	27.607
2466	37.36	27.623
2467	37.425	27.623
2468	37.468	27.642
2469	37.484	27.652
2470	37.488	27.659
2471	37.458	27.664
2472	37.399	27.684
2473	37.313	27.71
2474	37.211	27.733
2475	37.079	27.742
2476	36.906	27.761
2477	36.707	27.773
2478	36.472	27.806
2479	36.208	27.83
2480	35.91	27.858
2481	35.585	27.872
2482	35.232	27.896
2483	34.845	27.924
2484	34.433	27.926
2485	33.994	27.938
2486	33.532	27.959
2487	33.047	27.997
2488	32.544	28.025
2489	32.033	28.026
2490	31.501	28.033
2491	30.964	28.05
2492	30.419	28.078
2493	29.878	28.1
2494	29.338	28.114
2495	28.801	28.116
2496	28.269	28.132
2497	27.762	28.135
2498	27.264	28.143
2499	26.781	28.159
2500	26.316	28.167
2501	25.867	28.185
2502	25.432	28.208
2503	25.026	28.201
2504	24.64	28.196
2505	24.279	28.176
2506	23.942	28.173
2507	23.629	28.174
2508	23.346	28.173
2509	23.087	28.188
2510	22.85	28.176
2511	22.644	28.169
2512	22.468	28.145
2513	22.322	28.14
2514	22.198	28.136
2515	22.108	28.13
2516	22.045	28.104
2517	22.014	28.077
2518	22.008	28.058
2519	22.035	28.053
2520	22.097	28.049
2521	22.187	28.016
2522	22.297	28.016
2523	22.439	27.987
2524	22.615	27.952
2525	22.819	27.943
2526	23.053	27.913
2527	23.329	27.865
2528	23.625	27.84
2529	23.952	27.821
2530	24.307	27.819
2531	24.69	27.798
2532	25.1	27.773
2533	25.532	27.734
2534	25.987	27.715
2535	26.461	27.7
2536	26.947	27.683
2537	27.449	27.668
2538	27.956	27.62
2539	28.476	27.61
2540	29.004	27.603
2541	29.53	27.609
2542	30.059	27.585
2543	30.592	27.57
2544	31.111	27.54
2545	31.615	27.524
2546	32.121	27.512
2547	32.612	27.496
2548	33.093	27.499
2549	33.537	27.494
2550	33.96	27.48
2551	34.369	27.47
2552	34.743	27.49
2553	35.091	27.491
2554	35.412	27.505
2555	35.706	27.517
2556	35.965	27.516
2557	36.202	27.509
2558	36.404	27.525
2559	36.588	27.523
2560	36.757	27.521
2561	36.913	27.523
2562	37.046	27.534
2563	37.17	27.564
2564	37.279	27.553
2565	37.366	27.536
2566	37.44	27.551
2567	37.495	27.568
2568	37.52	27.585
2569	37.532	27.599
2570	37.527	27.623
2571	37.486	27.652
2572	37.423	27.673
2573	37.325	27.696
2574	37.21	27.729
2575	37.071	27.757
2576	36.893	27.774
2577	36.684	27.779
2578	36.446	27.793
2579	36.177	27.798
2580	35.878	27.804
2581	35.55	27.822
2582	35.185	27.847
2583	34.799	27.872
2584	34.379	27.887
2585	33.938	27.913
2586	33.471	27.937
2587	32.986	27.948
2588	32.478	27.968
2589	31.958	28.016
2590	31.43	28.049
2591	30.892	28.064
2592	30.35	28.1
2593	29.809	28.114
2594	29.273	28.135
2595	28.737	28.148
2596	28.214	28.167
2597	27.704	28.176
2598	27.207	28.183
2599	26.729	28.181
2600	26.264	28.174
2601	25.817	28.194
2602	25.392	28.205
2603	24.988	28.221
2604	24.604	28.214
2605	24.243	28.204
2606	23.908	28.225
2607	23.598	28.237
2608	23.316	28.232
2609	23.062	28.231
2610	22.833	28.234
2611	22.631	28.235
2612	22.455	28.236
2613	22.309	28.222
2614	22.187	28.198
2615	22.095	28.178
2616	22.035	28.154
2617	22.004	28.126
2618	22.002	28.115
2619	22.026	28.098
2620	22.083	28.076
2621	22.169	28.056
2622	22.285	28.032
2623	22.433	28.008
2624	22.607	28
2625	22.814	27.981
2626	23.053	27.952
2627	23.32	27.938
2628	23.615	27.916
2629	23.943	27.909
2630	24.299	27.9
2631	24.681	27.863
2632	25.087	27.826
2633	25.52	27.799
2634	25.969	27.769
2635	26.44	27.743
2636	26.925	27.714
2637	27.424	27.694
2638	27.936	27.678
2639	28.454	27.675
2640	28.976	27.663
2641	29.503	27.652
2642	30.028	27.644
2643	30.548	27.62
2644	31.065	27.614
2645	31.577	27.62
2646	32.074	27.596
2647	32.56	27.597
2648	33.024	27.59
2649	33.468	27.577
2650	33.89	27.566
2651	34.293	27.566
2652	34.666	27.55
2653	35.009	27.543
2654	35.328	27.534
2655	35.615	27.533
2656	35.872	27.534
2657	36.108	27.534
2658	36.311	27.528
2659	36.5	27.544
2660	36.664	27.548
2661	36.812	27.552
2662	36.938	27.551
2663	37.061	27.564
2664	37.169	27.567
2665	37.261	27.583
2666	37.333	27.601
2667	37.39	27.614
2668	37.433	27.625
2669	37.451	27.639
2670	37.446	27.639
2671	37.422	27.668
2672	37.365	27.679
2673	37.286	27.686
2674	37.181	27.696
2675	37.044	27.728
2676	36.87	27.747
2677	36.667	27.773
2678	36.441	27.799
2679	36.182	27.815
2680	35.891	27.842
2681	35.57	27.864
2682	35.217	27.881
2683	34.84	27.906
2684	34.428	27.917
2685	33.986	27.95
2686	33.532	27.98
2687	33.056	28.012
2688	32.557	28.02
2689	32.041	28.039
2690	31.512	28.067
2691	30.984	28.082
2692	30.445	28.099
2693	29.904	28.114
2694	29.365	28.125
2695	28.832	28.14
2696	28.309	28.146
2697	27.798	28.17
2698	27.302	28.195
2699	26.819	28.209
2700	26.353	28.212
2701	25.909	28.217
2702	25.486	28.232
2703	25.081	28.23
2704	24.696	28.229
2705	24.337	28.22
2706	24.001	28.224
2707	23.69	28.219
2708	23.401	28.215
2709	23.141	28.218
2710	22.913	28.209
2711	22.705	28.2
2712	22.526	28.18
2713	22.373	28.176
2714	22.248	28.164
2715	22.154	28.147
2716	22.084	28.14
2717	22.046	28.119
2718	22.038	28.105
2719	22.064	28.089
2720	22.118	28.07
2721	22.197	28.073
2722	22.305	28.049
2723	22.443	28.026
2724	22.617	27.996
2725	22.82	27.966
2726	23.054	27.923
2727	23.314	27.879
2728	23.606	27.864
2729	23.932	27.847
2730	24.279	27.814
2731	24.659	27.795
2732	25.065	27.78
2733	25.49	27.77
2734	25.942	27.744
2735	26.41	27.709
2736	26.891	27.703
2737	27.388	27.699
2738	27.895	27.672
2739	28.414	27.663
2740	28.936	27.635
2741	29.462	27.603
2742	29.985	27.597
2743	30.508	27.587
2744	31.023	27.567
2745	31.529	27.565
2746	32.026	27.541
2747	32.515	27.522
2748	32.984	27.51
2749	33.425	27.502
2750	33.842	27.501
2751	34.237	27.513
2752	34.605	27.526
2753	34.946	27.508
2754	35.262	27.489
2755	35.558	27.503
2756	35.812	27.498
2757	36.04	27.492
2758	36.248	27.482
2759	36.437	27.484
2760	36.603	27.489
2761	36.757	27.471
2762	36.896	27.478
2763	37.013	27.493
2764	37.117	27.493
2765	37.214	27.522
2766	37.291	27.549
2767	37.356	27.55
2768	37.4	27.558
2769	37.426	27.579
2770	37.429	27.583
2771	37.409	27.592
2772	37.359	27.609
2773	37.282	27.635
2774	37.18	27.653
2775	37.053	27.684
2776	36.886	27.696
2777	36.702	27.708
2778	36.48	27.725
2779	36.214	27.766
2780	35.923	27.788
2781	35.605	27.807
2782	35.26	27.84
2783	34.884	27.875
2784	34.472	27.908
2785	34.037	27.938
2786	33.582	27.974
2787	33.1	27.985
2788	32.605	28.006
2789	32.095	28.029
2790	31.562	28.023
2791	31.028	28.043
2792	30.486	28.046
2793	29.941	28.067
2794	29.397	28.08
2795	28.862	28.109
2796	28.339	28.123
2797	27.826	28.134
2798	27.327	28.143
2799	26.851	28.169
2800	26.385	28.165
2801	25.938	28.174
2802	25.509	28.178
2803	25.103	28.193
2804	24.72	28.192
2805	24.357	28.188
2806	24.02	28.185
2807	23.705	28.185
2808	23.415	28.17
2809	23.153	28.158
2810	22.918	28.145
2811	22.708	28.131
2812	22.527	28.121
2813	22.376	28.12
2814	22.25	28.1
2815	22.156	28.102
2816	22.087	28.067
2817	22.053	28.067
2818	22.046	28.058
2819	22.071	28.049
2820	22.124	28.017
2821	22.205	28.009
2822	22.319	28.004
2823	22.459	27.988
2824	22.623	27.957
2825	22.825	27.941
2826	23.053	27.931
2827	23.311	27.904
2828	23.603	27.872
2829	23.922	27.858
2830	24.273	27.829
2831	24.652	27.824
2832	25.061	27.808
2833	25.494	27.804
2834	25.945	27.783
2835	26.414	27.769
2836	26.897	27.752
2837	27.391	27.732
2838	27.899	27.711
2839	28.412	27.693
2840	28.934	27.669
2841	29.46	27.662
2842	29.982	27.651
2843	30.505	27.622
2844	31.019	27.607
2845	31.524	27.605
2846	32.015	27.588
2847	32.49	27.568
2848	32.953	27.555
2849	33.396	27.54
2850	33.811	27.528
2851	34.212	27.509
2852	34.589	27.508
2853	34.926	27.525
2854	35.245	27.522
2855	35.53	27.523
2856	35.786	27.516
2857	36.014	27.507
2858	36.216	27.508
2859	36.394	27.492
2860	36.564	27.5
2861	36.715	27.498
2862	36.853	27.509
2863	36.978	27.508
2864	37.096	27.524
2865	37.191	27.539
2866	37.274	27.553
2867	37.332	27.55
2868	37.38	27.582
2869	37.405	27.593
2870	37.415	27.595
2871	37.391	27.603
2872	37.343	27.609
2873	37.275	27.626
2874	37.179	27.653
2875	37.053	27.68
2876	36.897	27.714
2877	36.705	27.733
2878	36.487	27.744
2879	36.231	27.765
2880	35.942	27.786
2881	35.624	27.814
2882	35.269	27.843
2883	34.89	27.856
2884	34.487	27.894
2885	34.044	27.911
2886	33.587	27.929
2887	33.11	27.957
2888	32.608	27.986
2889	32.087	27.989
2890	31.561	28.001
2891	31.024	28.017
2892	30.484	28.05
2893	29.933	28.052
2894	29.392	28.058
2895	28.852	28.076
2896	28.33	28.087
2897	27.82	28.1
2898	27.319	28.12
2899	26.836	28.133
2900	26.37	28.13
2901	25.924	28.133
2902	25.497	28.158
2903	25.088	28.167
2904	24.703	28.183
2905	24.34	28.193
2906	24.004	28.196
2907	23.694	28.188
2908	23.412	28.19
2909	23.152	28.185
2910	22.919	28.185
2911	22.71	28.182
2912	22.532	28.16
2913	22.378	28.145
2914	22.26	28.145
2915	22.164	28.131
2916	22.094	28.118
2917	22.054	28.117
2918	22.054	28.1
2919	22.077	28.094
2920	22.129	28.084
2921	22.211	28.077
2922	22.321	28.067
2923	22.464	28.029
2924	22.631	28.002
2925	22.832	27.976
2926	23.062	27.953
2927	23.323	27.924
2928	23.614	27.903
2929	23.935	27.877
2930	24.287	27.849
2931	24.664	27.809
2932	25.069	27.784
2933	25.496	27.753
2934	25.942	27.731
2935	26.413	27.704
2936	26.899	27.691
2937	27.394	27.666
2938	27.903	27.657
2939	28.411	27.636
2940	28.935	27.623
2941	29.465	27.607
2942	29.996	27.577
2943	30.514	27.569
2944	31.03	27.563
2945	31.542	27.552
2946	32.04	27.535
2947	32.527	27.53
2948	32.987	27.528
2949	33.439	27.529
2950	33.86	27.536
2951	34.254	27.516
2952	34.626	27.505
2953	34.967	27.504
2954	35.29	27.493
2955	35.574	27.49
2956	35.834	27.501
2957	36.063	27.512
2958	36.264	27.518
2959	36.456	27.532
2960	36.626	27.533
2961	36.776	27.534
2962	36.913	27.562
2963	37.034	27.582
2964	37.145	27.599
2965	37.241	27.619
2966	37.314	27.63
2967	37.372	27.65
2968	37.412	27.666
2969	37.436	27.678
2970	37.433	27.677
2971	37.404	27.693
2972	37.346	27.697
2973	37.273	27.715
2974	37.161	27.722
2975	37.032	27.742
2976	36.873	27.782
2977	36.679	27.803
2978	36.461	27.822
2979	36.193	27.84
2980	35.911	27.864
2981	35.597	27.881
2982	35.243	27.902
2983	34.87	27.917
2984	34.458	27.933
2985	34.019	27.971
2986	33.564	27.988
2987	33.081	27.995
2988	32.582	27.979
2989	32.068	27.987
2990	31.538	28.001
2991	31.003	28.016
2992	30.466	28.016
2993	29.923	28.028
2994	29.383	28.048
2995	28.847	28.062
2996	28.323	28.069
2997	27.811	28.091
2998	27.313	28.097
2999	26.833	28.115
3000	26.37	28.13
3001	25.921	28.132
3002	25.495	28.151
3003	25.087	28.148
3004	24.705	28.154
3005	24.342	28.153
3006	24.001	28.152
3007	23.689	28.129
3008	23.399	28.132
3009	23.139	28.132
3010	22.904	28.107
3011	22.693	28.109
3012	22.514	28.104
3013	22.363	28.098
3014	22.236	28.1
3015	22.145	28.095
3016	22.081	28.09
3017	22.049	28.073
3018	22.043	28.048
3019	22.064	28.026
3020	22.121	28.04
3021	22.207	28.033
3022	22.321	28.01
3023	22.462	27.997
3024	22.631	27.972
3025	22.828	27.941
3026	23.063	27.931
3027	23.32	27.88
3028	23.612	27.865
3029	23.932	27.84
3030	24.283	27.819
3031	24.664	27.795
3032	25.069	27.784
3033	25.498	27.769
3034	25.949	27.747
3035	26.416	27.734
3036	26.902	27.713
3037	27.4	27.689
3038	27.911	27.678
3039	28.432	27.654
3040	28.951	27.629
3041	29.473	27.601
3042	29.989	27.588
3043	30.513	27.595
3044	31.032	27.578
3045	31.535	27.549
3046	32.026	27.533
3047	32.506	27.53
3048	32.974	27.526
3049	33.419	27.529
3050	33.844	27.526
3051	34.238	27.508
3052	34.617	27.521
3053	34.963	27.521
3054	35.28	27.52
3055	35.561	27.526
3056	35.817	27.523
3057	36.046	27.52
3058	36.254	27.53
3059	36.436	27.534
3060	36.607	27.532
3061	36.757	27.523
3062	36.893	27.535
3063	37.01	27.551
3064	37.114	27.566
3065	37.197	27.571
3066	37.275	27.599
3067	37.33	27.619
3068	37.373	27.627
3069	37.39	27.637
3070	37.395	27.653
3071	37.382	27.668
3072	37.335	27.666
3073	37.258	27.675
3074	37.154	27.695
3075	37.027	27.702
3076	36.872	27.722
3077	36.671	27.743
3078	36.448	27.771
3079	36.203	27.791
3080	35.925	27.802
3081	35.605	27.824
3082	35.263	27.868
3083	34.883	27.88
3084	34.485	27.903
3085	34.053	27.921
3086	33.598	27.962
3087	33.114	27.974
3088	32.615	27.984
3089	32.101	27.988
3090	31.582	28.01
3091	31.048	28.013
3092	30.511	28.021
3093	29.97	28.03
3094	29.435	28.054
3095	28.907	28.071
3096	28.376	28.087
3097	27.862	28.113
3098	27.364	28.13
3099	26.883	28.145
3100	26.415	28.164
3101	25.966	28.18
3102	25.541	28.183
3103	25.133	28.177
3104	24.742	28.176
3105	24.38	28.187
3106	24.048	28.196
3107	23.732	28.189
3108	23.445	28.189
3109	23.18	28.162
3110	22.945	28.183
3111	22.738	28.173
3112	22.559	28.174
3113	22.406	28.166
3114	22.282	28.17
3115	22.186	28.163
3116	22.118	28.16
3117	22.08	28.163
3118	22.072	28.158
3119	22.092	28.14
3120	22.138	28.111
3121	22.22	28.079
3122	22.33	28.052
3123	22.468	28.015
3124	22.635	27.985
3125	22.836	27.953
3126	23.064	27.916
3127	23.323	27.884
3128	23.612	27.86
3129	23.933	27.848
3130	24.282	27.823
3131	24.654	27.803
3132	25.06	27.769
3133	25.491	27.749
3134	25.939	27.756
3135	26.402	27.726
3136	26.881	27.695
3137	27.377	27.679
3138	27.889	27.67
3139	28.403	27.645
3140	28.927	27.623
3141	29.456	27.59
3142	29.983	27.554
3143	30.508	27.525
3144	31.023	27.503
3145	31.533	27.513
3146	32.031	27.5
3147	32.512	27.501
3148	32.977	27.507
3149	33.425	27.482
3150	33.844	27.504
3151	34.241	27.5
3152	34.62	27.531
3153	34.969	27.531
3154	35.288	27.524
3155	35.573	27.529
3156	35.828	27.511
3157	36.053	27.519
3158	36.25	27.522
3159	36.437	27.522
3160	36.611	27.517
3161	36.765	27.523
3162	36.907	27.517
3163	37.024	27.523
3164	37.132	27.54
3165	37.214	27.55
3166	37.285	27.575
3167	37.346	27.605
3168	37.383	27.62
3169	37.406	27.63
3170	37.407	27.623
3171	37.381	27.648
3172	37.329	27.671
3173	37.254	27.682
3174	37.152	27.724
3175	37.022	27.738
3176	36.857	27.772
3177	36.664	27.776
3178	36.441	27.804
3179	36.184	27.818
3180	35.898	27.829
3181	35.585	27.865
3182	35.236	27.893
3183	34.863	27.909
3184	34.458	27.914
3185	34.021	27.942
3186	33.565	27.967
3187	33.079	27.985
3188	32.584	28.001
3189	32.072	28.023
3190	31.551	28.043
3191	31.016	28.056
3192	30.478	28.062
3193	29.937	28.09
3194	29.399	28.112
3195	28.86	28.134
3196	28.335	28.155
3197	27.825	28.157
3198	27.33	28.167
3199	26.847	28.17
3200	26.385	28.168
3201	25.944	28.172
3202	25.514	28.174
3203	25.106	28.171
3204	24.723	28.17
3205	24.369	28.213
3206	24.029	28.204
3207	23.718	28.202
3208	23.428	28.189
3209	23.165	28.197
3210	22.93	28.19
3211	22.721	28.186
3212	22.545	28.2
3213	22.392	28.183
3214	22.268	28.157
3215	22.172	28.144
3216	22.108	28.135
3217	22.068	28.146
3218	22.064	28.136
3219	22.085	28.117
3220	22.137	28.102
3221	22.219	28.071
3222	22.33	28.054
3223	22.468	28.041
3224	22.637	28.02
3225	22.831	27.994
3226	23.058	27.961
3227	23.319	27.948
3228	23.608	27.927
3229	23.929	27.923
3230	24.268	27.871
3231	24.646	27.859
3232	25.049	27.827
3233	25.479	27.82
3234	25.928	27.811
3235	26.393	27.799
3236	26.876	27.781
3237	27.371	27.75
3238	27.877	27.735
3239	28.392	27.736
3240	28.914	27.72
3241	29.437	27.689
3242	29.961	27.653
3243	30.482	27.62
3244	31.002	27.616
3245	31.515	27.587
3246	32.012	27.583
3247	32.496	27.558
3248	32.957	27.55
3249	33.401	27.538
3250	33.825	27.532
3251	34.228	27.534
3252	34.603	27.51
3253	34.952	27.495
3254	35.266	27.489
3255	35.548	27.474
3256	35.809	27.472
3257	36.05	27.471
3258	36.255	27.478
3259	36.441	27.466
3260	36.612	27.461
3261	36.761	27.472
3262	36.896	27.486
3263	37.018	27.493
3264	37.125	27.487
3265	37.219	27.492
3266	37.295	27.523
3267	37.353	27.55
3268	37.392	27.601
3269	37.41	27.624
3270	37.411	27.661
3271	37.389	27.715
3272	37.338	27.754
3273	37.267	27.764
3274	37.168	27.778
3275	37.043	27.798
3276	36.875	27.798
3277	36.684	27.829
3278	36.457	27.861
3279	36.199	27.862
3280	35.922	27.89
3281	35.605	27.925
3282	35.246	27.96
3283	34.868	27.97
3284	34.464	28.005
3285	34.032	28.023
3286	33.578	28.037
3287	33.099	28.054
3288	32.602	28.079
3289	32.087	28.099
3290	31.561	28.118
3291	31.026	28.134
3292	30.485	28.143
3293	29.943	28.147
3294	29.402	28.155
3295	28.864	28.164
3296	28.339	28.157
3297	27.827	28.148
3298	27.327	28.15
3299	26.846	28.171
3300	26.376	28.175
3301	25.933	28.206
3302	25.505	28.214
3303	25.101	28.231
3304	24.713	28.265
3305	24.356	28.275
3306	24.022	28.274
3307	23.709	28.277
3308	23.421	28.262
3309	23.163	28.228
3310	22.93	28.227
3311	22.723	28.221
3312	22.542	28.219
3313	22.391	28.213
3314	22.266	28.208
3315	22.171	28.196
3316	22.105	28.19
3317	22.071	28.171
3318	22.063	28.133
3319	22.087	28.116
3320	22.141	28.104
3321	22.222	28.073
3322	22.335	28.069
3323	22.476	28.054
3324	22.647	28.042
3325	22.849	28.028
3326	23.08	28.011
3327	23.342	27.98
3328	23.632	27.936
3329	23.957	27.89
3330	24.297	27.866
3331	24.669	27.826
3332	25.075	27.798
3333	25.506	27.784
3334	25.948	27.775
3335	26.409	27.755
3336	26.891	27.734
3337	27.385	27.714
3338	27.89	27.682
3339	28.405	27.664
3340	28.923	27.66
3341	29.45	27.637
3342	29.972	27.624
3343	30.497	27.632
3344	31.014	27.62
3345	31.522	27.608
3346	32.02	27.601
3347	32.504	27.578
3348	32.967	27.572
3349	33.406	27.54
3350	33.83	27.527
3351	34.226	27.511
3352	34.593	27.513
3353	34.936	27.524
3354	35.249	27.533
3355	35.548	27.533
3356	35.805	27.541
3357	36.036	27.544
3358	36.239	27.553
3359	36.423	27.558
3360	36.594	27.565
3361	36.746	27.573
3362	36.886	27.578
3363	37.012	27.591
3364	37.116	27.6
3365	37.213	27.608
3366	37.292	27.61
3367	37.344	27.629
3368	37.384	27.62
3369	37.402	27.632
3370	37.403	27.636
3371	37.383	27.643
3372	37.324	27.68
3373	37.252	27.7
3374	37.162	27.727
3375	37.031	27.747
3376	36.867	27.775
3377	36.674	27.801
3378	36.45	27.796
3379	36.207	27.795
3380	35.92	27.81
3381	35.606	27.831
3382	35.257	27.848
3383	34.885	27.88
3384	34.48	27.899
3385	34.045	27.919
3386	33.594	27.953
3387	33.112	27.983
3388	32.614	27.985
3389	32.108	28.005
3390	31.582	28.01
3391	31.045	28.035
3392	30.513	28.029
3393	29.972	28.07
3394	29.431	28.084
3395	28.896	28.093
3396	28.374	28.104
3397	27.865	28.12
3398	27.368	28.125
3399	26.88	28.141
3400	26.414	28.154
3401	25.97	28.154
3402	25.545	28.164
3403	25.134	28.2
3404	24.745	28.232
3405	24.382	28.238
3406	24.043	28.243
3407	23.732	28.226
3408	23.443	28.216
3409	23.182	28.21
3410	22.95	28.193
3411	22.739	28.179
3412	22.559	28.157
3413	22.404	28.174
3414	22.278	28.151
3415	22.183	28.151
3416	22.118	28.135
3417	22.081	28.119
3418	22.075	28.092
3419	22.095	28.066
3420	22.145	28.059
3421	22.224	28.043
3422	22.331	28.005
3423	22.468	28.005
3424	22.636	27.984
3425	22.834	27.959
3426	23.061	27.939
3427	23.318	27.904
3428	23.61	27.866
3429	23.928	27.841
3430	24.275	27.82
3431	24.652	27.785
3432	25.055	27.782
3433	25.483	27.763
3434	25.931	27.738
3435	26.394	27.73
3436	26.873	27.708
3437	27.368	27.673
3438	27.876	27.635
3439	28.39	27.624
3440	28.907	27.606
3441	29.428	27.593
3442	29.954	27.591
3443	30.475	27.574
3444	30.995	27.573
3445	31.503	27.565
3446	31.995	27.572
3447	32.484	27.568
3448	32.947	27.545
3449	33.391	27.533
3450	33.813	27.532
3451	34.212	27.531
3452	34.59	27.531
3453	34.933	27.527
3454	35.253	27.525
3455	35.544	27.519
3456	35.81	27.549
3457	36.04	27.551
3458	36.253	27.56
3459	36.44	27.561
3460	36.621	27.568
3461	36.775	27.575
3462	36.91	27.596
3463	37.035	27.622
3464	37.145	27.615
3465	37.241	27.636
3466	37.318	27.639
3467	37.378	27.649
3468	37.422	27.661
3469	37.444	27.667
3470	37.449	27.683
3471	37.428	27.688
3472	37.382	27.715
3473	37.306	27.738
3474	37.206	27.768
3475	37.085	27.777
3476	36.927	27.787
3477	36.735	27.811
3478	36.512	27.819
3479	36.249	27.847
3480	35.955	27.871
3481	35.624	27.866
3482	35.272	27.884
3483	34.885	27.891
3484	34.474	27.925
3485	34.027	27.941
3486	33.566	27.966
3487	33.09	27.995
3488	32.584	28.025
3489	32.068	28.049
3490	31.537	28.059
3491	31.001	28.095
3492	30.458	28.108
3493	29.915	28.125
3494	29.378	28.169
3495	28.842	28.163
3496	28.319	28.172
3497	27.808	28.161
3498	27.311	28.177
3499	26.827	28.171
3500	26.358	28.179
3501	25.914	28.185
3502	25.484	28.178
3503	25.082	28.199
3504	24.703	28.192
3505	24.349	28.187
3506	24.017	28.165
3507	23.708	28.166
3508	23.424	28.171
3509	23.167	28.17
3510	22.938	28.157
3511	22.732	28.139
3512	22.554	28.123
3513	22.407	28.121
3514	22.286	28.125
3515	22.196	28.092
3516	22.134	28.069
3517	22.098	28.056
3518	22.092	28.047
3519	22.112	28.006
3520	22.165	28.02
3521	22.248	28.008
3522	22.357	28.004
3523	22.498	27.978
3524	22.67	27.969
3525	22.87	27.957
3526	23.096	27.939
3527	23.356	27.931
3528	23.639	27.914
3529	23.953	27.894
3530	24.3	27.88
3531	24.676	27.873
3532	25.077	27.854
3533	25.507	27.83
3534	25.953	27.807
3535	26.417	27.792
3536	26.898	27.774
3537	27.393	27.752
3538	27.896	27.725
3539	28.412	27.714
3540	28.929	27.714
3541	29.451	27.71
3542	29.975	27.696
3543	30.495	27.678
3544	31.014	27.65
3545	31.523	27.62
3546	32.018	27.601
3547	32.499	27.578
3548	32.969	27.57
3549	33.414	27.562
3550	33.842	27.555
3551	34.246	27.553
3552	34.626	27.535
3553	34.983	27.527
3554	35.311	27.519
3555	35.603	27.518
3556	35.86	27.521
3557	36.092	27.529
3558	36.295	27.529
3559	36.485	27.538
3560	36.663	27.547
3561	36.816	27.56
3562	36.951	27.573
3563	37.076	27.578
3564	37.185	27.578
3565	37.28	27.588
3566	37.356	27.576
3567	37.416	27.594
3568	37.456	27.595
3569	37.481	27.618
3570	37.471	27.639
3571	37.438	27.645
3572	37.389	27.684
3573	37.305	27.696
3574	37.192	27.706
3575	37.044	27.733
3576	36.871	27.758
3577	36.668	27.788
3578	36.434	27.816
3579	36.167	27.843
3580	35.88	27.859
3581	35.56	27.886
3582	35.206	27.886
3583	34.827	27.916
3584	34.419	27.929
3585	33.985	27.946
3586	33.527	27.969
3587	33.047	27.976
3588	32.548	27.984
3589	32.034	28.02
3590	31.509	28.026
3591	30.972	28.05
3592	30.433	28.069
3593	29.893	28.095
3594	29.354	28.111
3595	28.825	28.109
3596	28.307	28.14
3597	27.795	28.131
3598	27.301	28.143
3599	26.823	28.161
3600	26.366	28.162
3601	25.925	28.169
3602	25.502	28.168
3603	25.098	28.17
3604	24.718	28.173
3605	24.357	28.177
3606	24.021	28.161
3607	23.712	28.181
3608	23.425	28.169
3609	23.16	28.172
3610	22.923	28.162
3611	22.714	28.137
3612	22.534	28.127
3613	22.384	28.119
3614	22.259	28.094
3615	22.162	28.087
3616	22.098	28.087
3617	22.061	28.069
3618	22.055	28.062
3619	22.077	28.046
3620	22.131	28.04
3621	22.212	28.019
3622	22.323	28.002
3623	22.462	27.98
3624	22.635	27.939
3625	22.834	27.921
3626	23.063	27.888
3627	23.322	27.865
3628	23.613	27.831
3629	23.932	27.802
3630	24.279	27.781
3631	24.658	27.768
3632	25.059	27.74
3633	25.485	27.713
3634	25.937	27.681
3635	26.406	27.669
3636	26.893	27.659
3637	27.39	27.638
3638	27.891	27.623
3639	28.409	27.58
3640	28.933	27.578
3641	29.46	27.55
3642	29.992	27.534
3643	30.518	27.518
3644	31.036	27.503
3645	31.544	27.483
3646	32.042	27.472
3647	32.528	27.468
3648	32.999	27.477
3649	33.445	27.479
3650	33.872	27.454
3651	34.276	27.461
3652	34.654	27.456
3653	35.004	27.458
3654	35.327	27.465
3655	35.618	27.469
3656	35.878	27.479
3657	36.116	27.471
3658	36.329	27.469
3659	36.519	27.487
3660	36.686	27.481
3661	36.84	27.49
3662	36.978	27.514
3663	37.105	27.521
3664	37.208	27.549
3665	37.301	27.543
3666	37.377	27.567
3667	37.43	27.571
3668	37.471	27.58
3669	37.483	27.594
3670	37.481	27.612
3671	37.448	27.629
3672	37.39	27.638
3673	37.302	27.64
3674	37.188	27.671
3675	37.054	27.699
3676	36.883	27.7
3677	36.686	27.714
3678	36.46	27.736
3679	36.199	27.756
3680	35.91	27.79
3681	35.58	27.806
3682	35.218	27.843
3683	34.834	27.886
3684	34.426	27.902
3685	33.989	27.93
3686	33.526	27.936
3687	33.039	27.953
3688	32.546	27.975
3689	32.035	28.002
3690	31.508	28.032
3691	30.972	28.042
3692	30.429	28.066
3693	29.888	28.076
3694	29.359	28.11
3695	28.824	28.136
3696	28.308	28.139
3697	27.794	28.162
3698	27.297	28.178
3699	26.817	28.188
3700	26.35	28.198
3701	25.906	28.218
3702	25.474	28.236
3703	25.067	28.247
3704	24.684	28.228
3705	24.322	28.211
3706	23.989	28.205
3707	23.686	28.196
3708	23.405	28.183
3709	23.145	28.173
3710	22.914	28.169
3711	22.71	28.167
3712	22.533	28.158
3713	22.377	28.149
3714	22.252	28.126
3715	22.157	28.109
3716	22.092	28.094
3717	22.057	28.085
3718	22.05	28.071
3719	22.068	28.042
3720	22.124	28.023
3721	22.202	28.017
3722	22.319	28.002
3723	22.465	27.979
3724	22.634	27.945
3725	22.837	27.918
3726	23.07	27.9
3727	23.339	27.873
3728	23.626	27.85
3729	23.947	27.837
3730	24.298	27.812
3731	24.675	27.8
3732	25.076	27.771
3733	25.5	27.75
3734	25.948	27.741
3735	26.413	27.712
3736	26.896	27.701
3737	27.398	27.676
3738	27.907	27.668
3739	28.424	27.652
3740	28.948	27.638
3741	29.473	27.602
3742	29.998	27.596
3743	30.523	27.585
3744	31.044	27.576
3745	31.556	27.569
3746	32.059	27.55
3747	32.542	27.522
3748	33.007	27.499
3749	33.459	27.488
3750	33.885	27.48
3751	34.288	27.473
3752	34.661	27.47
3753	35.013	27.457
3754	35.334	27.468
3755	35.624	27.462
3756	35.887	27.464
3757	36.123	27.469
3758	36.332	27.474
3759	36.52	27.469